9.09000e-09 6.60923e-07
9.35000e-09 3.23801e-06
9.61000e-09 1.46410e-05
9.77000e-09 3.58138e-05
9.96000e-09 9.96724e-05
1.02000e-08 3.44800e-04
1.03800e-08 8.44305e-04
1.05600e-08 2.00724e-03
1.07700e-08 5.31969e-03
1.10400e-08 1.76169e-02
1.14000e-08 8.00741e-02
1.17800e-08 3.58030e-01
1.21300e-08 1.30857e+00
1.24800e-08 4.44214e+00
1.27100e-08 9.55375e+00
1.28400e-08 1.45473e+01
1.30500e-08 2.81670e+01
1.32400e-08 5.02823e+01
1.33900e-08 7.85138e+01
1.36600e-08 1.70782e+02
1.39800e-08 4.12641e+02
1.43300e-08 1.03263e+03
1.47200e-08 2.71370e+03
1.51000e-08 6.65412e+03
1.55200e-08 1.69464e+04
1.58800e-08 3.62547e+04
1.62000e-08 6.91835e+04
1.66000e-08 1.49962e+05
1.70300e-08 3.29330e+05
1.73400e-08 5.67434e+05
1.76800e-08 1.00937e+06
1.80200e-08 1.74884e+06
1.81700e-08 2.22376e+06
1.86100e-08 4.34630e+06
1.91000e-08 8.83413e+06
1.93900e-08 1.32116e+07
1.98400e-08 2.41222e+07
2.01800e-08 3.72260e+07
2.05000e-08 5.52765e+07
2.10500e-08 1.06123e+08
2.16200e-08 2.00324e+08
2.19800e-08 2.96389e+08
2.23000e-08 4.13798e+08
2.26800e-08 6.11080e+08
2.30000e-08 2.95944e+11
2.34000e-08 6.82058e+11
2.40000e-08 9.88067e+11
2.46500e-08 1.50786e+12
2.52400e-08 2.32854e+12
2.56800e-08 3.05715e+12
2.60000e-08 4.96164e+12
2.64000e-08 9.75285e+12
2.68500e-08 1.44260e+13
2.73500e-08 1.84461e+13
2.78500e-08 2.08060e+13
2.84000e-08 3.85227e+13
2.90000e-08 5.27109e+13
2.96000e-08 6.40196e+13
3.01000e-08 1.26241e+14
3.08000e-08 2.22832e+14
3.18000e-08 5.24392e+14
3.28000e-08 6.90052e+14
3.38000e-08 1.20956e+15
3.48000e-08 1.76065e+15
3.57000e-08 3.29172e+15
3.66000e-08 6.51592e+15
3.75000e-08 6.74699e+15
3.85000e-08 8.02133e+15
3.95000e-08 1.28135e+16
4.05000e-08 1.51889e+16
4.14000e-08 1.75223e+16
4.22000e-08 1.81913e+16
4.30000e-08 1.89482e+16
4.41000e-08 2.25460e+16
4.51000e-08 2.40614e+16
4.60000e-08 2.38376e+16
4.70000e-08 2.65553e+16
4.80000e-08 3.04213e+16
4.90000e-08 3.04318e+16
5.00000e-08 3.58557e+16
5.06000e-08 6.93498e+16
5.12000e-08 2.62905e+17
5.20000e-08 2.49445e+17
5.30000e-08 2.21478e+17
5.40000e-08 1.91866e+17
5.50000e-08 2.15540e+17
5.60000e-08 2.77694e+17
5.70000e-08 2.95795e+17
5.80000e-08 2.74989e+17
5.90000e-08 2.83571e+17
6.00000e-08 2.26917e+17
6.10000e-08 2.63337e+17
6.20000e-08 3.16438e+17
6.30000e-08 3.04602e+17
6.40000e-08 3.11474e+17
6.50000e-08 3.01937e+17
6.58000e-08 2.74201e+17
6.65000e-08 3.04834e+17
6.75000e-08 3.26148e+17
6.85000e-08 2.60221e+17
6.95000e-08 3.21655e+17
7.05000e-08 2.43490e+17
7.16000e-08 3.36551e+17
7.26000e-08 3.30138e+17
7.35000e-08 3.30457e+17
7.45000e-08 3.17010e+17
7.55000e-08 3.13994e+17
7.65000e-08 2.93827e+17
7.75000e-08 3.11709e+17
7.85000e-08 3.10438e+17
7.95000e-08 3.13705e+17
8.05000e-08 3.04622e+17
8.15000e-08 3.03024e+17
8.25000e-08 3.09792e+17
8.35000e-08 2.32541e+17
8.45000e-08 2.94583e+17
8.55000e-08 2.90691e+17
8.65000e-08 2.97452e+17
8.75000e-08 2.95440e+17
8.85000e-08 2.95882e+17
8.95000e-08 2.95054e+17
9.05000e-08 2.85704e+17
9.15000e-08 2.67650e+17
9.25000e-08 6.29054e+17
9.35000e-08 9.45936e+17
9.45000e-08 1.18774e+18
9.55000e-08 1.27015e+18
9.65000e-08 1.39518e+18
9.75000e-08 6.93759e+17
9.85000e-08 1.12725e+18
9.95000e-08 9.80578e+17
1.00500e-07 1.06340e+18
1.01500e-07 1.10899e+18
1.02500e-07 8.96982e+17
1.03500e-07 1.08736e+18
1.04500e-07 1.19588e+18
1.05500e-07 1.14489e+18
1.06500e-07 1.02142e+18
1.07500e-07 1.03449e+18
1.08500e-07 9.57935e+17
1.09500e-07 1.00769e+18
1.10500e-07 9.62880e+17
1.11500e-07 9.48352e+17
1.12500e-07 8.40661e+17
1.13500e-07 9.03849e+17
1.14500e-07 8.73619e+17
1.15500e-07 8.31474e+17
1.16500e-07 7.91419e+17
1.17500e-07 5.70352e+17
1.18500e-07 7.20449e+17
1.19500e-07 6.95013e+17
1.20500e-07 6.75249e+17
1.21500e-07 5.44772e+17
1.22500e-07 6.37840e+17
1.23500e-07 6.72309e+17
1.24500e-07 6.64493e+17
1.25500e-07 6.48349e+17
1.26500e-07 6.59138e+17
1.27500e-07 6.70369e+17
1.28500e-07 6.66797e+17
1.29500e-07 6.37063e+17
1.30500e-07 6.25722e+17
1.31500e-07 6.47178e+17
1.32500e-07 6.24120e+17
1.33500e-07 6.08358e+17
1.34500e-07 6.05218e+17
1.35500e-07 5.85176e+17
1.36500e-07 5.65735e+17
1.37500e-07 5.48769e+17
1.38500e-07 5.32722e+17
1.39500e-07 4.00944e+17
1.40500e-07 3.49416e+17
1.41500e-07 5.02000e+17
1.42500e-07 4.55537e+17
1.43500e-07 4.82031e+17
1.44200e-07 4.72688e+17
1.44700e-07 4.69930e+17
1.45500e-07 4.49153e+17
1.46500e-07 4.41550e+17
1.47500e-07 4.38769e+17
1.48500e-07 4.39850e+17
1.49500e-07 4.24647e+17
1.50500e-07 4.16661e+17
1.51200e-07 4.05495e+17
1.51700e-07 4.07492e+17
1.52500e-07 3.93946e+17
1.53500e-07 3.46556e+17
1.54500e-07 2.69895e+17
1.55500e-07 2.80426e+17
1.56500e-07 3.26090e+17
1.57500e-07 3.40597e+17
1.58500e-07 3.42041e+17
1.59500e-07 3.38610e+17
1.60500e-07 3.17790e+17
1.61500e-07 3.04984e+17
1.62500e-07 3.09659e+17
1.63500e-07 3.09434e+17
1.64500e-07 3.04876e+17
1.65500e-07 3.09565e+17
1.66500e-07 3.02760e+17
1.67200e-07 2.80892e+17
1.67700e-07 3.19755e+17
1.68500e-07 3.06071e+17
1.69500e-07 2.96818e+17
1.70500e-07 2.92051e+17
1.71500e-07 2.81534e+17
1.72500e-07 2.70125e+17
1.73500e-07 2.78284e+17
1.74500e-07 2.75141e+17
1.75500e-07 2.69397e+17
1.76500e-07 2.64660e+17
1.77500e-07 2.56365e+17
1.78500e-07 2.58419e+17
1.79500e-07 2.51245e+17
1.80500e-07 2.49787e+17
1.81500e-07 2.43806e+17
1.82500e-07 2.38789e+17
1.83500e-07 2.38241e+17
1.84500e-07 2.29324e+17
1.85500e-07 2.29496e+17
1.86500e-07 2.28201e+17
1.87500e-07 2.22076e+17
1.88500e-07 2.13555e+17
1.89500e-07 2.11087e+17
1.90500e-07 2.13694e+17
1.91500e-07 2.07810e+17
1.92500e-07 1.96467e+17
1.93500e-07 2.04563e+17
1.94500e-07 2.04467e+17
1.95500e-07 1.89379e+17
1.96700e-07 1.95177e+17
1.97600e-07 1.95882e+17
1.98400e-07 1.91444e+17
1.99500e-07 1.85761e+17
2.00500e-07 1.87746e+17
2.01500e-07 1.85998e+17
2.02500e-07 1.84018e+17
2.03500e-07 1.78539e+17
2.04500e-07 1.75563e+17
2.05500e-07 1.38389e+17
2.06500e-07 1.48643e+17
2.07400e-07 1.72807e+17
2.07800e-07 1.69002e+17
2.08500e-07 1.68415e+17
2.09500e-07 1.62768e+17
2.10500e-07 1.62322e+17
2.11500e-07 1.63578e+17
2.12500e-07 1.59715e+17
2.13500e-07 1.58421e+17
2.14500e-07 1.55293e+17
2.15500e-07 1.54415e+17
2.16500e-07 1.48780e+17
2.17500e-07 1.49733e+17
2.18500e-07 1.46108e+17
2.19500e-07 1.46672e+17
2.20500e-07 1.44276e+17
2.21500e-07 1.39935e+17
2.22500e-07 1.39586e+17
2.23500e-07 1.37502e+17
2.24500e-07 1.35069e+17
2.25500e-07 1.31622e+17
2.26500e-07 1.31578e+17
2.27500e-07 1.30038e+17
2.28500e-07 1.26731e+17
2.29500e-07 1.20851e+17
2.30500e-07 1.21641e+17
2.31500e-07 1.21049e+17
2.32500e-07 1.16456e+17
2.33500e-07 1.18349e+17
2.34500e-07 1.16560e+17
2.35500e-07 1.14214e+17
2.36500e-07 1.12462e+17
2.37500e-07 1.10148e+17
2.38500e-07 1.05656e+17
2.39500e-07 1.06405e+17
2.40500e-07 1.05900e+17
2.41500e-07 1.04572e+17
2.42500e-07 1.03712e+17
2.43500e-07 1.01985e+17
2.44500e-07 1.00692e+17
2.45500e-07 9.91609e+16
2.46500e-07 9.80170e+16
2.47500e-07 9.67407e+16
2.48500e-07 9.42737e+16
2.49500e-07 7.65380e+16
2.50500e-07 9.07692e+16
2.51300e-07 8.62669e+16
2.51800e-07 8.86935e+16
2.52500e-07 8.99869e+16
2.53500e-07 8.92725e+16
2.54500e-07 8.77522e+16
2.55500e-07 8.65300e+16
2.56500e-07 8.55244e+16
2.57500e-07 8.43842e+16
2.58500e-07 8.33605e+16
2.59500e-07 8.18242e+16
2.60500e-07 8.12471e+16
2.61500e-07 7.97344e+16
2.62500e-07 7.90679e+16
2.63500e-07 7.82248e+16
2.64500e-07 7.70205e+16
2.65500e-07 7.61689e+16
2.66500e-07 7.47974e+16
2.67500e-07 7.30651e+16
2.68500e-07 7.31228e+16
2.69500e-07 7.16683e+16
2.70500e-07 7.11754e+16
2.71500e-07 7.00490e+16
2.72500e-07 6.92923e+16
2.73500e-07 6.71446e+16
2.74500e-07 6.78862e+16
2.75500e-07 6.70022e+16
2.76500e-07 6.58631e+16
2.77500e-07 6.55262e+16
2.78500e-07 6.44688e+16
2.79500e-07 6.26387e+16
2.80500e-07 6.26525e+16
2.81500e-07 6.22843e+16
2.82500e-07 6.13579e+16
2.83500e-07 6.03774e+16
2.84500e-07 6.00886e+16
2.85500e-07 5.92617e+16
2.86500e-07 5.83118e+16
2.87500e-07 5.77154e+16
2.88500e-07 5.70489e+16
2.89500e-07 5.63588e+16
2.91000e-07 5.51476e+16
2.93000e-07 5.41471e+16
2.95000e-07 5.26319e+16
2.97000e-07 5.14471e+16
2.99000e-07 4.99815e+16
3.01000e-07 4.86750e+16
3.03000e-07 4.74314e+16
3.05000e-07 4.66332e+16
3.07000e-07 4.57398e+16
3.09000e-07 4.45577e+16
3.11000e-07 4.38112e+16
3.13000e-07 4.26532e+16
3.15000e-07 4.18400e+16
3.17000e-07 4.08376e+16
3.19000e-07 3.99273e+16
3.21000e-07 3.87403e+16
3.23000e-07 3.82800e+16
3.25000e-07 3.75536e+16
3.27000e-07 3.64544e+16
3.29000e-07 3.58385e+16
3.31000e-07 3.50491e+16
3.33000e-07 3.42726e+16
3.35000e-07 3.33795e+16
3.37000e-07 3.27881e+16
3.39000e-07 3.22700e+16
3.41000e-07 3.15724e+16
3.43000e-07 3.08160e+16
3.45000e-07 3.00334e+16
3.47000e-07 2.96603e+16
3.49000e-07 2.90742e+16
3.51000e-07 2.85273e+16
3.53000e-07 2.79682e+16
3.55000e-07 2.73903e+16
3.57000e-07 2.68951e+16
3.59000e-07 2.62663e+16
3.61000e-07 2.57124e+16
3.63000e-07 2.52237e+16
3.64000e-07 2.48419e+16
3.65000e-07 2.48618e+16
3.67000e-07 2.44070e+16
3.69000e-07 2.37796e+16
3.71000e-07 2.26105e+16
3.73000e-07 2.20031e+16
3.75000e-07 2.19606e+16
3.77000e-07 2.14711e+16
3.79000e-07 2.18111e+16
3.81000e-07 2.22063e+16
3.83000e-07 2.04223e+16
3.85000e-07 2.19608e+16
3.87000e-07 2.16066e+16
3.89000e-07 1.90537e+16
3.91000e-07 2.12750e+16
3.93000e-07 2.07448e+16
3.95000e-07 2.02566e+16
3.97000e-07 1.75488e+16
3.99000e-07 1.96724e+16
4.01000e-07 1.93577e+16
4.03000e-07 1.88058e+16
4.05000e-07 1.87597e+16
4.07000e-07 1.81236e+16
4.09000e-07 1.71829e+16
4.11000e-07 1.58548e+16
4.13000e-07 1.72069e+16
4.15000e-07 1.69690e+16
4.17000e-07 1.68322e+16
4.19000e-07 1.65363e+16
4.21000e-07 1.62048e+16
4.23000e-07 1.60220e+16
4.25000e-07 1.56553e+16
4.27000e-07 1.53044e+16
4.29000e-07 1.50802e+16
4.31000e-07 1.47031e+16
4.33000e-07 1.38739e+16
4.35000e-07 1.29855e+16
4.37000e-07 1.40285e+16
4.39000e-07 1.37315e+16
4.41000e-07 1.35752e+16
4.43000e-07 1.34293e+16
4.45000e-07 1.31919e+16
4.47000e-07 1.27406e+16
4.49000e-07 1.27778e+16
4.51000e-07 1.24898e+16
4.53000e-07 1.23433e+16
4.55000e-07 1.20612e+16
4.57000e-07 1.19847e+16
4.59000e-07 1.17469e+16
4.61000e-07 1.15585e+16
4.63000e-07 1.13097e+16
4.65000e-07 1.08370e+16
4.67000e-07 1.09729e+16
4.69000e-07 1.06255e+16
4.71000e-07 1.05874e+16
4.73000e-07 1.05863e+16
4.75000e-07 1.04135e+16
4.77000e-07 1.02734e+16
4.79000e-07 1.01108e+16
4.81000e-07 9.94254e+15
4.83000e-07 9.75573e+15
4.85000e-07 9.29042e+15
4.87000e-07 8.53695e+15
4.89000e-07 9.29912e+15
4.91000e-07 9.18445e+15
4.93000e-07 8.94392e+15
4.95000e-07 8.89870e+15
4.97000e-07 8.80480e+15
4.99000e-07 8.67157e+15
5.01000e-07 8.42987e+15
5.03000e-07 8.39364e+15
5.05000e-07 8.25298e+15
5.07000e-07 8.16836e+15
5.09000e-07 8.04642e+15
5.11000e-07 7.92614e+15
5.13000e-07 7.80448e+15
5.15000e-07 7.69128e+15
5.17000e-07 7.57805e+15
5.19000e-07 7.47276e+15
5.21000e-07 7.36845e+15
5.23000e-07 7.26386e+15
5.25000e-07 7.14438e+15
5.27000e-07 7.03939e+15
5.29000e-07 6.95813e+15
5.31000e-07 6.85784e+15
5.33000e-07 6.76192e+15
5.35000e-07 6.66762e+15
5.37000e-07 6.57376e+15
5.39000e-07 6.48033e+15
5.41000e-07 6.32104e+15
5.43000e-07 6.30446e+15
5.45000e-07 6.21667e+15
5.47000e-07 6.12974e+15
5.49000e-07 6.04642e+15
5.51000e-07 5.96029e+15
5.53000e-07 5.88116e+15
5.55000e-07 5.80387e+15
5.57000e-07 5.72316e+15
5.59000e-07 5.63285e+15
5.61000e-07 5.57241e+15
5.63000e-07 5.49771e+15
5.65000e-07 5.42286e+15
5.67000e-07 5.34460e+15
5.69000e-07 5.21342e+15
5.71000e-07 5.19568e+15
5.73000e-07 5.14261e+15
5.75000e-07 5.06816e+15
5.77000e-07 5.00864e+15
5.79000e-07 4.94207e+15
5.81000e-07 4.86201e+15
5.83000e-07 4.80000e+15
5.85000e-07 4.75150e+15
5.87000e-07 4.59639e+15
5.89000e-07 4.62083e+15
5.91000e-07 4.56868e+15
5.93000e-07 4.50814e+15
5.95000e-07 4.45032e+15
5.97000e-07 4.39931e+15
5.99000e-07 4.34289e+15
6.01000e-07 4.28712e+15
6.03000e-07 4.22931e+15
6.05000e-07 4.18173e+15
6.07000e-07 4.12682e+15
6.09000e-07 4.08046e+15
6.11000e-07 4.02583e+15
6.13000e-07 3.97765e+15
6.15000e-07 3.92622e+15
6.17000e-07 3.87399e+15
6.19000e-07 3.83465e+15
6.21000e-07 3.78879e+15
6.23000e-07 3.73635e+15
6.25000e-07 3.69512e+15
6.27000e-07 3.65184e+15
6.29000e-07 3.60837e+15
6.31000e-07 3.55649e+15
6.33000e-07 3.52201e+15
6.35000e-07 3.47763e+15
6.37000e-07 3.43828e+15
6.39000e-07 3.39704e+15
6.41000e-07 3.35048e+15
6.43000e-07 3.31746e+15
6.45000e-07 3.27591e+15
6.47000e-07 3.23382e+15
6.49000e-07 3.19549e+15
6.51000e-07 3.15944e+15
6.53000e-07 3.11264e+15
6.55000e-07 3.02526e+15
6.56125e-07 2.75307e+15
6.59000e-07 2.99932e+15
6.61000e-07 2.98171e+15
6.63000e-07 2.95003e+15
6.65000e-07 2.91562e+15
6.67000e-07 2.85709e+15
6.69000e-07 2.82168e+15
6.71000e-07 2.81242e+15
6.73000e-07 2.77926e+15
6.75000e-07 2.75000e+15
6.77000e-07 2.72309e+15
6.79000e-07 2.69032e+15
6.81000e-07 2.66292e+15
6.83000e-07 2.63306e+15
6.85000e-07 2.60357e+15
6.87000e-07 2.57367e+15
6.89000e-07 2.53637e+15
6.91000e-07 2.51445e+15
6.93000e-07 2.49086e+15
6.95000e-07 2.46336e+15
6.97000e-07 2.43653e+15
6.99000e-07 2.40965e+15
7.01000e-07 2.38358e+15
7.03000e-07 2.35288e+15
7.05000e-07 2.32955e+15
7.07000e-07 2.27900e+15
7.09000e-07 2.28175e+15
7.11000e-07 2.25388e+15
7.13000e-07 2.23014e+15
7.15000e-07 2.20920e+15
7.17000e-07 2.17909e+15
7.19000e-07 2.16152e+15
7.21000e-07 2.13940e+15
7.23000e-07 2.10862e+15
7.25000e-07 2.09313e+15
7.27000e-07 2.07222e+15
7.29000e-07 2.03804e+15
7.31000e-07 2.02811e+15
7.33000e-07 2.00752e+15
7.35000e-07 1.98663e+15
7.37000e-07 1.96595e+15
7.39000e-07 1.94573e+15
7.41000e-07 1.92536e+15
7.43000e-07 1.90573e+15
7.45000e-07 1.88533e+15
7.47000e-07 1.86526e+15
7.49000e-07 1.84302e+15
7.51000e-07 1.82814e+15
7.53000e-07 1.80967e+15
7.55000e-07 1.79170e+15
7.57000e-07 1.77305e+15
7.59000e-07 1.74743e+15
7.61000e-07 1.73566e+15
7.63000e-07 1.71958e+15
7.65000e-07 1.70249e+15
7.67000e-07 1.68619e+15
7.69000e-07 1.66641e+15
7.71000e-07 1.65106e+15
7.73000e-07 1.63313e+15
7.75000e-07 1.61932e+15
7.77000e-07 1.60388e+15
7.79000e-07 1.58821e+15
7.81000e-07 1.57187e+15
7.83000e-07 1.55703e+15
7.85000e-07 1.54097e+15
7.87000e-07 1.52537e+15
7.89000e-07 1.50984e+15
7.91000e-07 1.49649e+15
7.93000e-07 1.48140e+15
7.95000e-07 1.46806e+15
7.97000e-07 1.45269e+15
7.99000e-07 1.43994e+15
8.01000e-07 1.42495e+15
8.03000e-07 1.41132e+15
8.05000e-07 1.39896e+15
8.07000e-07 1.38620e+15
8.09000e-07 1.37135e+15
8.11000e-07 1.35652e+15
8.13000e-07 1.34729e+15
8.15000e-07 1.33274e+15
8.17000e-07 1.32143e+15
8.19000e-07 1.30583e+15
8.21000e-07 1.27343e+15
8.23000e-07 1.25824e+15
8.25000e-07 1.25203e+15
8.27000e-07 1.23684e+15
8.29000e-07 1.22907e+15
8.31000e-07 1.21863e+15
8.33000e-07 1.20573e+15
8.35000e-07 1.19304e+15
8.37000e-07 1.18654e+15
8.39000e-07 1.17977e+15
8.41000e-07 1.16852e+15
8.43000e-07 1.16473e+15
8.45000e-07 1.15025e+15
8.47000e-07 1.14310e+15
8.49000e-07 1.13061e+15
8.51000e-07 1.11786e+15
8.53000e-07 1.11076e+15
8.55000e-07 1.09439e+15
8.57000e-07 1.09836e+15
8.59000e-07 1.06849e+15
8.61000e-07 1.06384e+15
8.63000e-07 1.07505e+15
8.65000e-07 1.05070e+15
8.67000e-07 1.01599e+15
8.69000e-07 1.04454e+15
8.71000e-07 1.04348e+15
8.73000e-07 1.01957e+15
8.75000e-07 9.67284e+14
8.77000e-07 9.93148e+14
8.79000e-07 1.00887e+15
8.81000e-07 1.00177e+15
8.83000e-07 9.89602e+14
8.85000e-07 9.48578e+14
8.87000e-07 9.07004e+14
8.89000e-07 9.57365e+14
8.91000e-07 9.59383e+14
8.93000e-07 9.51642e+14
8.95000e-07 9.44524e+14
8.97000e-07 9.35776e+14
8.99000e-07 9.12505e+14
9.01000e-07 8.48408e+14
9.03000e-07 8.69788e+14
9.05000e-07 8.99572e+14
9.07000e-07 8.92037e+14
9.09000e-07 8.89985e+14
9.11000e-07 8.83676e+14
9.13000e-07 8.77368e+14
9.15000e-07 8.70117e+14
9.17000e-07 8.60009e+14
9.19000e-07 8.50560e+14
9.21000e-07 8.22354e+14
9.23000e-07 7.53745e+14
9.25000e-07 8.07860e+14
9.27000e-07 8.21563e+14
9.29000e-07 8.18160e+14
9.31000e-07 8.10607e+14
9.33000e-07 8.05664e+14
9.35000e-07 7.93214e+14
9.37000e-07 7.91291e+14
9.39000e-07 7.86342e+14
9.41000e-07 7.79047e+14
9.43000e-07 7.72950e+14
9.45000e-07 7.66771e+14
9.47000e-07 7.57990e+14
9.49000e-07 7.52623e+14
9.51000e-07 7.39047e+14
9.53000e-07 7.13922e+14
9.55000e-07 6.56327e+14
9.57000e-07 7.12780e+14
9.59000e-07 7.20665e+14
9.61000e-07 7.16200e+14
9.63000e-07 7.09612e+14
9.65000e-07 7.07119e+14
9.67000e-07 7.01579e+14
9.69000e-07 6.95516e+14
9.71000e-07 6.80586e+14
9.73000e-07 6.83363e+14
9.75000e-07 6.79294e+14
9.77000e-07 6.72884e+14
9.79000e-07 6.68526e+14
9.81000e-07 6.63141e+14
9.83000e-07 6.57911e+14
9.85000e-07 6.52641e+14
9.87000e-07 6.47446e+14
9.89000e-07 6.41903e+14
9.91000e-07 6.35786e+14
9.93000e-07 6.32501e+14
9.95000e-07 6.27602e+14
9.97000e-07 6.22395e+14
9.99000e-07 6.16810e+14
1.00250e-06 5.89645e+14
1.00750e-06 5.71856e+14
1.01250e-06 5.79599e+14
1.01750e-06 5.75154e+14
1.02250e-06 5.63993e+14
1.02750e-06 5.53415e+14
1.03250e-06 5.41424e+14
1.03750e-06 5.32998e+14
1.04250e-06 5.22698e+14
1.04750e-06 5.13429e+14
1.05250e-06 5.03903e+14
1.05750e-06 4.94669e+14
1.06250e-06 4.85619e+14
1.06750e-06 4.76320e+14
1.07250e-06 4.68188e+14
1.07750e-06 4.59700e+14
1.08250e-06 4.47908e+14
1.08750e-06 4.42333e+14
1.09250e-06 4.08529e+14
1.09750e-06 4.20360e+14
1.10250e-06 4.18694e+14
1.10750e-06 4.12864e+14
1.11250e-06 4.05630e+14
1.11750e-06 3.98660e+14
1.12250e-06 3.91588e+14
1.12750e-06 3.84952e+14
1.13250e-06 3.78183e+14
1.13750e-06 3.71750e+14
1.14250e-06 3.65473e+14
1.14750e-06 3.59291e+14
1.15250e-06 3.53287e+14
1.15750e-06 3.47261e+14
1.16250e-06 3.40238e+14
1.16750e-06 3.35119e+14
1.17250e-06 3.30239e+14
1.17750e-06 3.24777e+14
1.18250e-06 3.19342e+14
1.18750e-06 3.14148e+14
1.19250e-06 3.09002e+14
1.19750e-06 3.02092e+14
1.20250e-06 2.99090e+14
1.20750e-06 2.94216e+14
1.21250e-06 2.89411e+14
1.21750e-06 2.84878e+14
1.22250e-06 2.80335e+14
1.22750e-06 2.75880e+14
1.23250e-06 2.71489e+14
1.23750e-06 2.67208e+14
1.24250e-06 2.63037e+14
1.24750e-06 2.58851e+14
1.25250e-06 2.54435e+14
1.25750e-06 2.50843e+14
1.26250e-06 2.47016e+14
1.26750e-06 2.43242e+14
1.27250e-06 2.39473e+14
1.27750e-06 2.32501e+14
1.28250e-06 2.17691e+14
1.28750e-06 2.27608e+14
1.29250e-06 2.25266e+14
1.29750e-06 2.21076e+14
1.30250e-06 2.18467e+14
1.30750e-06 2.15284e+14
1.31250e-06 2.12078e+14
1.31750e-06 2.08931e+14
1.32250e-06 2.05844e+14
1.32750e-06 2.02811e+14
1.33250e-06 1.99815e+14
1.33750e-06 1.96879e+14
1.34250e-06 1.93902e+14
1.34750e-06 1.91204e+14
1.35250e-06 1.88403e+14
1.35750e-06 1.85740e+14
1.36250e-06 1.83011e+14
1.36750e-06 1.80452e+14
1.37250e-06 1.77782e+14
1.37750e-06 1.75360e+14
1.38250e-06 1.72878e+14
1.38750e-06 1.70433e+14
1.39250e-06 1.67983e+14
1.39750e-06 1.65676e+14
1.40250e-06 1.63313e+14
1.40750e-06 1.61101e+14
1.41250e-06 1.58851e+14
1.41750e-06 1.56663e+14
1.42250e-06 1.54516e+14
1.42750e-06 1.52385e+14
1.43250e-06 1.50304e+14
1.43750e-06 1.48252e+14
1.44250e-06 1.46251e+14
1.44750e-06 1.44271e+14
1.45250e-06 1.42317e+14
1.45700e-06 1.40596e+14
1.46200e-06 1.38730e+14
1.46750e-06 1.36702e+14
1.47250e-06 1.34882e+14
1.47750e-06 1.32836e+14
1.48250e-06 1.31344e+14
1.48750e-06 1.29617e+14
1.49250e-06 1.27916e+14
1.49750e-06 1.26238e+14
1.50250e-06 1.24579e+14
1.50750e-06 1.22790e+14
1.51250e-06 1.21347e+14
1.51750e-06 1.19741e+14
1.52250e-06 1.18145e+14
1.52750e-06 1.16594e+14
1.53250e-06 1.15050e+14
1.53750e-06 1.13602e+14
1.54250e-06 1.11996e+14
1.54750e-06 1.10702e+14
1.55250e-06 1.09225e+14
1.55750e-06 1.07622e+14
1.56250e-06 1.06762e+14
1.56750e-06 1.04955e+14
1.57250e-06 1.03466e+14
1.57750e-06 1.02930e+14
1.58250e-06 1.01526e+14
1.58750e-06 9.91009e+13
1.59250e-06 9.87648e+13
1.59750e-06 9.82198e+13
1.60500e-06 9.59513e+13
1.61500e-06 9.29323e+13
1.62500e-06 9.19162e+13
1.63500e-06 8.90139e+13
1.64500e-06 8.61363e+13
1.65500e-06 8.55056e+13
1.66500e-06 8.35181e+13
1.67500e-06 8.07930e+13
1.68500e-06 7.80363e+13
1.69500e-06 7.77988e+13
1.70500e-06 7.57303e+13
1.71500e-06 7.43003e+13
1.72500e-06 7.25323e+13
1.73500e-06 6.88339e+13
1.74500e-06 6.90964e+13
1.75500e-06 6.78219e+13
1.76500e-06 6.63143e+13
1.77500e-06 6.48446e+13
1.78500e-06 6.34071e+13
1.79500e-06 6.20338e+13
1.80500e-06 6.06430e+13
1.81500e-06 5.75052e+13
1.82500e-06 5.76832e+13
1.83500e-06 5.68481e+13
1.84500e-06 5.56348e+13
1.85500e-06 5.44224e+13
1.86500e-06 5.27973e+13
1.87500e-06 5.03347e+13
1.88500e-06 5.10627e+13
1.89500e-06 5.00363e+13
1.90500e-06 4.88864e+13
1.91500e-06 4.80063e+13
1.92500e-06 4.70259e+13
1.93500e-06 4.59666e+13
1.94500e-06 4.33989e+13
1.95500e-06 4.40906e+13
1.96500e-06 4.33434e+13
1.97500e-06 4.24807e+13
1.98500e-06 4.16368e+13
1.99500e-06 4.08154e+13
2.00500e-06 4.00147e+13
2.01500e-06 3.92335e+13
2.02500e-06 3.84703e+13
2.03500e-06 3.77265e+13
2.04500e-06 3.69909e+13
2.05500e-06 3.62401e+13
2.06500e-06 3.55984e+13
2.07500e-06 3.49202e+13
2.08500e-06 3.42619e+13
2.09500e-06 3.36171e+13
2.10500e-06 3.29865e+13
2.11500e-06 3.22778e+13
2.12500e-06 3.17736e+13
2.13500e-06 3.11866e+13
2.14500e-06 3.06066e+13
2.15500e-06 3.00004e+13
2.16500e-06 2.83029e+13
2.17500e-06 2.88611e+13
2.18500e-06 2.84349e+13
2.19500e-06 2.79372e+13
2.20500e-06 2.74372e+13
2.21500e-06 2.69489e+13
2.22500e-06 2.64682e+13
2.23500e-06 2.60042e+13
2.24500e-06 2.55465e+13
2.25500e-06 2.50997e+13
2.26500e-06 2.46626e+13
2.27500e-06 2.42345e+13
2.28500e-06 2.38273e+13
2.29500e-06 2.34613e+13
2.30500e-06 2.30554e+13
2.31500e-06 2.26654e+13
2.32500e-06 2.22806e+13
2.33500e-06 2.19036e+13
2.34500e-06 2.15343e+13
2.35500e-06 2.11732e+13
2.36500e-06 2.08194e+13
2.37500e-06 2.04714e+13
2.38500e-06 2.01047e+13
2.39500e-06 1.97625e+13
2.40500e-06 1.94363e+13
2.41500e-06 1.91090e+13
2.42500e-06 1.87871e+13
2.43500e-06 1.84870e+13
2.44500e-06 1.81810e+13
2.45500e-06 1.78957e+13
2.46500e-06 1.75970e+13
2.47500e-06 1.73002e+13
2.48500e-06 1.70544e+13
2.49500e-06 1.67570e+13
2.50500e-06 1.65623e+13
2.51500e-06 1.62813e+13
2.52500e-06 1.59588e+13
2.53500e-06 1.57581e+13
2.54500e-06 1.55502e+13
2.55500e-06 1.52648e+13
2.56500e-06 1.49616e+13
2.57500e-06 1.48121e+13
2.58500e-06 1.46143e+13
2.59500e-06 1.43861e+13
2.60500e-06 1.41021e+13
2.61500e-06 1.37708e+13
2.62500e-06 1.31592e+13
2.63500e-06 1.34752e+13
2.64500e-06 1.33379e+13
2.65500e-06 1.31297e+13
2.66500e-06 1.28982e+13
2.67500e-06 1.25803e+13
2.68500e-06 1.25165e+13
2.69500e-06 1.23802e+13
2.70500e-06 1.21993e+13
2.71500e-06 1.20212e+13
2.72500e-06 1.18464e+13
2.73500e-06 1.16748e+13
2.74500e-06 1.14864e+13
2.75500e-06 1.11599e+13
2.76500e-06 1.10897e+13
2.77500e-06 1.10143e+13
2.78500e-06 1.08620e+13
2.79500e-06 1.07082e+13
2.80500e-06 1.05564e+13
2.81500e-06 1.04083e+13
2.82500e-06 1.02620e+13
2.83500e-06 1.01185e+13
2.84500e-06 9.97769e+12
2.85500e-06 9.83351e+12
2.86500e-06 9.63555e+12
2.87500e-06 9.35032e+12
2.88500e-06 9.41416e+12
2.89500e-06 9.30833e+12
2.90500e-06 9.18141e+12
2.91500e-06 9.05645e+12
2.92500e-06 8.93387e+12
2.93500e-06 8.81318e+12
2.94500e-06 8.69436e+12
2.95500e-06 8.57780e+12
2.96500e-06 8.46304e+12
2.97500e-06 8.35006e+12
2.98500e-06 8.23924e+12
2.99500e-06 8.13013e+12
3.00500e-06 8.02271e+12
3.01500e-06 7.91612e+12
3.02500e-06 7.80005e+12
3.03500e-06 7.53238e+12
3.04500e-06 7.50208e+12
3.05500e-06 7.50472e+12
3.06500e-06 7.41372e+12
3.07500e-06 7.31697e+12
3.08500e-06 7.22370e+12
3.09500e-06 7.13226e+12
3.10500e-06 7.04067e+12
3.11500e-06 6.95089e+12
3.12500e-06 6.86250e+12
3.13500e-06 6.77586e+12
3.14500e-06 6.69056e+12
3.15500e-06 6.60620e+12
3.16500e-06 6.52353e+12
3.17500e-06 6.44177e+12
3.18500e-06 6.36164e+12
3.19500e-06 6.28239e+12
3.21000e-06 6.16605e+12
3.23000e-06 6.01518e+12
3.25000e-06 5.86897e+12
3.27000e-06 5.72658e+12
3.29000e-06 5.46922e+12
3.31000e-06 5.43531e+12
3.33000e-06 5.33115e+12
3.35000e-06 5.20591e+12
3.37000e-06 5.08360e+12
3.39000e-06 4.96479e+12
3.41000e-06 4.84970e+12
3.43000e-06 4.73759e+12
3.45000e-06 4.62901e+12
3.47000e-06 4.52324e+12
3.49000e-06 4.42082e+12
3.51000e-06 4.32105e+12
3.53000e-06 4.22385e+12
3.55000e-06 4.12976e+12
3.57000e-06 4.03810e+12
3.59000e-06 3.94909e+12
3.61000e-06 3.86238e+12
3.63000e-06 3.77791e+12
3.65000e-06 3.69279e+12
3.67000e-06 3.61601e+12
3.69000e-06 3.53154e+12
3.71000e-06 3.45744e+12
3.73000e-06 3.34708e+12
3.75000e-06 3.25656e+12
3.77000e-06 3.24569e+12
3.79000e-06 3.17979e+12
3.81000e-06 3.10678e+12
3.83000e-06 3.04360e+12
3.85000e-06 2.98639e+12
3.87000e-06 2.92517e+12
3.89000e-06 2.86280e+12
3.91000e-06 2.79466e+12
3.93000e-06 2.75043e+12
3.95000e-06 2.69536e+12
3.97000e-06 2.64150e+12
3.99000e-06 2.58906e+12
4.01000e-06 2.52839e+12
4.03000e-06 2.47134e+12
4.05000e-06 2.38223e+12
4.07000e-06 2.39026e+12
4.09000e-06 2.34487e+12
4.11000e-06 2.29958e+12
4.13000e-06 2.25395e+12
4.15000e-06 2.21018e+12
4.17000e-06 2.15092e+12
4.19000e-06 2.12662e+12
4.21000e-06 2.08882e+12
4.23000e-06 2.04960e+12
4.25000e-06 2.01058e+12
4.27000e-06 1.97385e+12
4.29000e-06 1.93494e+12
4.31000e-06 1.90157e+12
4.33000e-06 1.86666e+12
4.35000e-06 1.83220e+12
4.37000e-06 1.78003e+12
4.39000e-06 1.75963e+12
4.41000e-06 1.73478e+12
4.43000e-06 1.70368e+12
4.45000e-06 1.67323e+12
4.47000e-06 1.64445e+12
4.49000e-06 1.61532e+12
4.51000e-06 1.58682e+12
4.53000e-06 1.55898e+12
4.55000e-06 1.53172e+12
4.57000e-06 1.50507e+12
4.59000e-06 1.47898e+12
4.61000e-06 1.45313e+12
4.63000e-06 1.42746e+12
4.65000e-06 1.36313e+12
4.67000e-06 1.35445e+12
4.69000e-06 1.35195e+12
4.71000e-06 1.33377e+12
4.73000e-06 1.31135e+12
4.75000e-06 1.28936e+12
4.77000e-06 1.26786e+12
4.79000e-06 1.24680e+12
4.81000e-06 1.22616e+12
4.83000e-06 1.20595e+12
4.85000e-06 1.18616e+12
4.87000e-06 1.16676e+12
4.89000e-06 1.14775e+12
4.91000e-06 1.12914e+12
4.93000e-06 1.11090e+12
4.95000e-06 1.09304e+12
4.97000e-06 1.07552e+12
4.99000e-06 1.05835e+12
5.01000e-06 1.04151e+12
5.03000e-06 1.02503e+12
5.05000e-06 1.00886e+12
5.07000e-06 9.93001e+11
5.09000e-06 9.77448e+11
5.11000e-06 9.59799e+11
5.13000e-06 9.26505e+11
5.15000e-06 9.31155e+11
5.17000e-06 9.18228e+11
5.19000e-06 9.04144e+11
5.21000e-06 8.90304e+11
5.23000e-06 8.76745e+11
5.25000e-06 8.63435e+11
5.27000e-06 8.50370e+11
5.29000e-06 8.37557e+11
5.31000e-06 8.24980e+11
5.33000e-06 8.12647e+11
5.35000e-06 8.00528e+11
5.37000e-06 7.88645e+11
5.39000e-06 7.76981e+11
5.41000e-06 7.65532e+11
5.43000e-06 7.54281e+11
5.45000e-06 7.43251e+11
5.47000e-06 7.32411e+11
5.49000e-06 7.21773e+11
5.51000e-06 7.11318e+11
5.53000e-06 7.01058e+11
5.55000e-06 6.90975e+11
5.57000e-06 6.81080e+11
5.59000e-06 6.71356e+11
5.61000e-06 6.61814e+11
5.63000e-06 6.52437e+11
5.65000e-06 6.43224e+11
5.67000e-06 6.34171e+11
5.69000e-06 6.25276e+11
5.71000e-06 6.16535e+11
5.73000e-06 6.07948e+11
5.75000e-06 5.99510e+11
5.77000e-06 5.91220e+11
5.79000e-06 5.83063e+11
5.81000e-06 5.75049e+11
5.83000e-06 5.67176e+11
5.85000e-06 5.59638e+11
5.87000e-06 5.52016e+11
5.89000e-06 5.42583e+11
5.91000e-06 5.22209e+11
5.93000e-06 5.28924e+11
5.95000e-06 5.22831e+11
5.97000e-06 5.15846e+11
5.99000e-06 5.08973e+11
6.01000e-06 5.02202e+11
6.03000e-06 4.95550e+11
6.05000e-06 4.89016e+11
6.07000e-06 4.82578e+11
6.09000e-06 4.76245e+11
6.11000e-06 4.70024e+11
6.13000e-06 4.63894e+11
6.15000e-06 4.57874e+11
6.17000e-06 4.51941e+11
6.19000e-06 4.46105e+11
6.21000e-06 4.40364e+11
6.23000e-06 4.34717e+11
6.25000e-06 4.29162e+11
6.27000e-06 4.23688e+11
6.29000e-06 4.18303e+11
6.31000e-06 4.13006e+11
6.33000e-06 4.07796e+11
6.35000e-06 4.02662e+11
6.37000e-06 3.97612e+11
6.39000e-06 3.92636e+11
6.42000e-06 3.85319e+11
6.46000e-06 3.75822e+11
6.50000e-06 3.66628e+11
6.54000e-06 3.57700e+11
6.58000e-06 3.49048e+11
6.62000e-06 3.40657e+11
6.66000e-06 3.32509e+11
6.70000e-06 3.24606e+11
6.74000e-06 3.16941e+11
6.78000e-06 3.09492e+11
6.82000e-06 3.02268e+11
6.86000e-06 2.95247e+11
6.90000e-06 2.88431e+11
6.94000e-06 2.81807e+11
6.98000e-06 2.75378e+11
7.02000e-06 2.69129e+11
7.06000e-06 2.63057e+11
7.10000e-06 2.57150e+11
7.14000e-06 2.51409e+11
7.18000e-06 2.45832e+11
7.22000e-06 2.40405e+11
7.26000e-06 2.35126e+11
7.30000e-06 2.29990e+11
7.34000e-06 2.24994e+11
7.38000e-06 2.20134e+11
7.42000e-06 2.15098e+11
7.46000e-06 2.06664e+11
7.50000e-06 2.02008e+11
7.54000e-06 2.01818e+11
7.58000e-06 1.97707e+11
7.62000e-06 1.93567e+11
7.66000e-06 1.89535e+11
7.70000e-06 1.85608e+11
7.74000e-06 1.81782e+11
7.78000e-06 1.78057e+11
7.82000e-06 1.74423e+11
7.86000e-06 1.70884e+11
7.90000e-06 1.67431e+11
7.94000e-06 1.64063e+11
7.98000e-06 1.60784e+11
8.02000e-06 1.57585e+11
8.06000e-06 1.54465e+11
8.10000e-06 1.51421e+11
8.14000e-06 1.48453e+11
8.18000e-06 1.45552e+11
8.22000e-06 1.42723e+11
8.26000e-06 1.39969e+11
8.30000e-06 1.37272e+11
8.34000e-06 1.34642e+11
8.38000e-06 1.32078e+11
8.42000e-06 1.29572e+11
8.46000e-06 1.27129e+11
8.50000e-06 1.24736e+11
8.54000e-06 1.22402e+11
8.58000e-06 1.20128e+11
8.62000e-06 1.17900e+11
8.66000e-06 1.15723e+11
8.70000e-06 1.13596e+11
8.74000e-06 1.11523e+11
8.78000e-06 1.09493e+11
8.82000e-06 1.07509e+11
8.86000e-06 1.05567e+11
8.90000e-06 1.03673e+11
8.94000e-06 1.01819e+11
8.98000e-06 1.00008e+11
9.02000e-06 9.82337e+10
9.06000e-06 9.65008e+10
9.10000e-06 9.48081e+10
9.14000e-06 9.31458e+10
9.18000e-06 9.15268e+10
9.22000e-06 8.99366e+10
9.26000e-06 8.83836e+10
9.30000e-06 8.68671e+10
9.34000e-06 8.53775e+10
9.38000e-06 8.39230e+10
9.42000e-06 8.24986e+10
9.46000e-06 8.11036e+10
9.50000e-06 7.97374e+10
9.54000e-06 7.83996e+10
9.58000e-06 7.70895e+10
9.62000e-06 7.58066e+10
9.66000e-06 7.45543e+10
9.70000e-06 7.33241e+10
9.74000e-06 7.21195e+10
9.78000e-06 7.09399e+10
9.82000e-06 6.97811e+10
9.86000e-06 6.86503e+10
9.90000e-06 6.75393e+10
9.94000e-06 6.64516e+10
9.98000e-06 6.53867e+10
1.00200e-05 6.43404e+10
2.00000e-05 3.96207e+09
4.00000e-05 2.40448e+08
6.00000e-05 4.66664e+07
8.00000e-05 1.45859e+07
1.00000e-04 5.91994e+06
1.20000e-04 2.83464e+06
1.40000e-04 1.52097e+06
1.60000e-04 8.87053e+05
