9.09000e-09 0.00000e+00
9.35000e-09 0.00000e+00
9.61000e-09 0.00000e+00
9.77000e-09 0.00000e+00
9.96000e-09 0.00000e+00
1.02000e-08 0.00000e+00
1.03800e-08 0.00000e+00
1.05600e-08 0.00000e+00
1.07700e-08 0.00000e+00
1.10400e-08 0.00000e+00
1.14000e-08 0.00000e+00
1.17800e-08 0.00000e+00
1.21300e-08 0.00000e+00
1.24800e-08 0.00000e+00
1.27100e-08 0.00000e+00
1.28400e-08 0.00000e+00
1.30500e-08 0.00000e+00
1.32400e-08 0.00000e+00
1.33900e-08 0.00000e+00
1.36600e-08 0.00000e+00
1.39800e-08 0.00000e+00
1.43300e-08 0.00000e+00
1.47200e-08 0.00000e+00
1.51000e-08 0.00000e+00
1.55200e-08 0.00000e+00
1.58800e-08 0.00000e+00
1.62000e-08 0.00000e+00
1.66000e-08 0.00000e+00
1.70300e-08 0.00000e+00
1.73400e-08 0.00000e+00
1.76800e-08 0.00000e+00
1.80200e-08 0.00000e+00
1.81700e-08 0.00000e+00
1.86100e-08 0.00000e+00
1.91000e-08 0.00000e+00
1.93900e-08 0.00000e+00
1.98400e-08 0.00000e+00
2.01800e-08 0.00000e+00
2.05000e-08 0.00000e+00
2.10500e-08 0.00000e+00
2.16200e-08 0.00000e+00
2.19800e-08 0.00000e+00
2.23000e-08 0.00000e+00
2.26800e-08 0.00000e+00
2.30000e-08 0.00000e+00
2.34000e-08 0.00000e+00
2.40000e-08 0.00000e+00
2.46500e-08 0.00000e+00
2.52400e-08 0.00000e+00
2.56800e-08 0.00000e+00
2.60000e-08 0.00000e+00
2.64000e-08 0.00000e+00
2.68500e-08 0.00000e+00
2.73500e-08 0.00000e+00
2.78500e-08 0.00000e+00
2.84000e-08 0.00000e+00
2.90000e-08 0.00000e+00
2.96000e-08 0.00000e+00
3.01000e-08 0.00000e+00
3.08000e-08 0.00000e+00
3.18000e-08 0.00000e+00
3.28000e-08 0.00000e+00
3.38000e-08 0.00000e+00
3.48000e-08 0.00000e+00
3.57000e-08 0.00000e+00
3.66000e-08 0.00000e+00
3.75000e-08 0.00000e+00
3.85000e-08 0.00000e+00
3.95000e-08 0.00000e+00
4.05000e-08 0.00000e+00
4.14000e-08 0.00000e+00
4.22000e-08 0.00000e+00
4.30000e-08 0.00000e+00
4.41000e-08 0.00000e+00
4.51000e-08 0.00000e+00
4.60000e-08 0.00000e+00
4.70000e-08 0.00000e+00
4.80000e-08 0.00000e+00
4.90000e-08 0.00000e+00
5.00000e-08 0.00000e+00
5.06000e-08 0.00000e+00
5.12000e-08 0.00000e+00
5.20000e-08 0.00000e+00
5.30000e-08 0.00000e+00
5.40000e-08 0.00000e+00
5.50000e-08 0.00000e+00
5.60000e-08 0.00000e+00
5.70000e-08 0.00000e+00
5.80000e-08 0.00000e+00
5.90000e-08 0.00000e+00
6.00000e-08 0.00000e+00
6.10000e-08 0.00000e+00
6.20000e-08 0.00000e+00
6.30000e-08 0.00000e+00
6.40000e-08 0.00000e+00
6.50000e-08 0.00000e+00
6.58000e-08 0.00000e+00
6.65000e-08 0.00000e+00
6.75000e-08 0.00000e+00
6.85000e-08 0.00000e+00
6.95000e-08 0.00000e+00
7.05000e-08 0.00000e+00
7.16000e-08 0.00000e+00
7.26000e-08 0.00000e+00
7.35000e-08 0.00000e+00
7.45000e-08 0.00000e+00
7.55000e-08 0.00000e+00
7.65000e-08 0.00000e+00
7.75000e-08 0.00000e+00
7.85000e-08 0.00000e+00
7.95000e-08 0.00000e+00
8.05000e-08 0.00000e+00
8.15000e-08 0.00000e+00
8.25000e-08 0.00000e+00
8.35000e-08 0.00000e+00
8.45000e-08 0.00000e+00
8.55000e-08 0.00000e+00
8.65000e-08 0.00000e+00
8.75000e-08 0.00000e+00
8.85000e-08 0.00000e+00
8.95000e-08 0.00000e+00
9.05000e-08 0.00000e+00
9.15000e-08 0.00000e+00
9.25000e-08 0.00000e+00
9.35000e-08 0.00000e+00
9.45000e-08 0.00000e+00
9.55000e-08 0.00000e+00
9.65000e-08 0.00000e+00
9.75000e-08 0.00000e+00
9.85000e-08 0.00000e+00
9.95000e-08 0.00000e+00
1.00500e-07 0.00000e+00
1.01500e-07 0.00000e+00
1.02500e-07 0.00000e+00
1.03500e-07 0.00000e+00
1.04500e-07 0.00000e+00
1.05500e-07 0.00000e+00
1.06500e-07 0.00000e+00
1.07500e-07 0.00000e+00
1.08500e-07 0.00000e+00
1.09500e-07 0.00000e+00
1.10500e-07 0.00000e+00
1.11500e-07 0.00000e+00
1.12500e-07 0.00000e+00
1.13500e-07 0.00000e+00
1.14500e-07 0.00000e+00
1.15500e-07 0.00000e+00
1.16500e-07 0.00000e+00
1.17500e-07 0.00000e+00
1.18500e-07 0.00000e+00
1.19500e-07 0.00000e+00
1.20500e-07 0.00000e+00
1.21500e-07 0.00000e+00
1.22500e-07 0.00000e+00
1.23500e-07 0.00000e+00
1.24500e-07 0.00000e+00
1.25500e-07 0.00000e+00
1.26500e-07 0.00000e+00
1.27500e-07 0.00000e+00
1.28500e-07 0.00000e+00
1.29500e-07 0.00000e+00
1.30500e-07 0.00000e+00
1.31500e-07 0.00000e+00
1.32500e-07 0.00000e+00
1.33500e-07 0.00000e+00
1.34500e-07 0.00000e+00
1.35500e-07 0.00000e+00
1.36500e-07 0.00000e+00
1.37500e-07 0.00000e+00
1.38500e-07 0.00000e+00
1.39500e-07 0.00000e+00
1.40500e-07 0.00000e+00
1.41500e-07 0.00000e+00
1.42500e-07 0.00000e+00
1.43500e-07 0.00000e+00
1.44200e-07 0.00000e+00
1.44700e-07 0.00000e+00
1.45500e-07 0.00000e+00
1.46500e-07 0.00000e+00
1.47500e-07 0.00000e+00
1.48500e-07 0.00000e+00
1.49500e-07 0.00000e+00
1.50500e-07 0.00000e+00
1.51200e-07 0.00000e+00
1.51700e-07 0.00000e+00
1.52500e-07 0.00000e+00
1.53500e-07 0.00000e+00
1.54500e-07 0.00000e+00
1.55500e-07 0.00000e+00
1.56500e-07 0.00000e+00
1.57500e-07 0.00000e+00
1.58500e-07 0.00000e+00
1.59500e-07 0.00000e+00
1.60500e-07 0.00000e+00
1.61500e-07 0.00000e+00
1.62500e-07 0.00000e+00
1.63500e-07 0.00000e+00
1.64500e-07 0.00000e+00
1.65500e-07 0.00000e+00
1.66500e-07 0.00000e+00
1.67200e-07 0.00000e+00
1.67700e-07 0.00000e+00
1.68500e-07 0.00000e+00
1.69500e-07 0.00000e+00
1.70500e-07 0.00000e+00
1.71500e-07 0.00000e+00
1.72500e-07 0.00000e+00
1.73500e-07 0.00000e+00
1.74500e-07 0.00000e+00
1.75500e-07 0.00000e+00
1.76500e-07 0.00000e+00
1.77500e-07 0.00000e+00
1.78500e-07 0.00000e+00
1.79500e-07 0.00000e+00
1.80500e-07 0.00000e+00
1.81500e-07 0.00000e+00
1.82500e-07 0.00000e+00
1.83500e-07 0.00000e+00
1.84500e-07 0.00000e+00
1.85500e-07 0.00000e+00
1.86500e-07 0.00000e+00
1.87500e-07 0.00000e+00
1.88500e-07 0.00000e+00
1.89500e-07 0.00000e+00
1.90500e-07 0.00000e+00
1.91500e-07 0.00000e+00
1.92500e-07 0.00000e+00
1.93500e-07 0.00000e+00
1.94500e-07 0.00000e+00
1.95500e-07 0.00000e+00
1.96700e-07 0.00000e+00
1.97600e-07 0.00000e+00
1.98400e-07 0.00000e+00
1.99500e-07 0.00000e+00
2.00500e-07 0.00000e+00
2.01500e-07 0.00000e+00
2.02500e-07 0.00000e+00
2.03500e-07 0.00000e+00
2.04500e-07 0.00000e+00
2.05500e-07 0.00000e+00
2.06500e-07 0.00000e+00
2.07400e-07 0.00000e+00
2.07800e-07 0.00000e+00
2.08500e-07 0.00000e+00
2.09500e-07 0.00000e+00
2.10500e-07 0.00000e+00
2.11500e-07 0.00000e+00
2.12500e-07 0.00000e+00
2.13500e-07 0.00000e+00
2.14500e-07 0.00000e+00
2.15500e-07 0.00000e+00
2.16500e-07 0.00000e+00
2.17500e-07 0.00000e+00
2.18500e-07 0.00000e+00
2.19500e-07 0.00000e+00
2.20500e-07 0.00000e+00
2.21500e-07 0.00000e+00
2.22500e-07 0.00000e+00
2.23500e-07 0.00000e+00
2.24500e-07 0.00000e+00
2.25500e-07 0.00000e+00
2.26500e-07 0.00000e+00
2.27500e-07 0.00000e+00
2.28500e-07 0.00000e+00
2.29500e-07 0.00000e+00
2.30500e-07 0.00000e+00
2.31500e-07 0.00000e+00
2.32500e-07 0.00000e+00
2.33500e-07 0.00000e+00
2.34500e-07 0.00000e+00
2.35500e-07 0.00000e+00
2.36500e-07 0.00000e+00
2.37500e-07 0.00000e+00
2.38500e-07 0.00000e+00
2.39500e-07 0.00000e+00
2.40500e-07 0.00000e+00
2.41500e-07 0.00000e+00
2.42500e-07 0.00000e+00
2.43500e-07 0.00000e+00
2.44500e-07 0.00000e+00
2.45500e-07 0.00000e+00
2.46500e-07 0.00000e+00
2.47500e-07 0.00000e+00
2.48500e-07 0.00000e+00
2.49500e-07 0.00000e+00
2.50500e-07 0.00000e+00
2.51300e-07 0.00000e+00
2.51800e-07 0.00000e+00
2.52500e-07 0.00000e+00
2.53500e-07 0.00000e+00
2.54500e-07 0.00000e+00
2.55500e-07 0.00000e+00
2.56500e-07 0.00000e+00
2.57500e-07 0.00000e+00
2.58500e-07 0.00000e+00
2.59500e-07 0.00000e+00
2.60500e-07 0.00000e+00
2.61500e-07 0.00000e+00
2.62500e-07 0.00000e+00
2.63500e-07 0.00000e+00
2.64500e-07 0.00000e+00
2.65500e-07 0.00000e+00
2.66500e-07 0.00000e+00
2.67500e-07 0.00000e+00
2.68500e-07 0.00000e+00
2.69500e-07 0.00000e+00
2.70500e-07 0.00000e+00
2.71500e-07 0.00000e+00
2.72500e-07 0.00000e+00
2.73500e-07 0.00000e+00
2.74500e-07 0.00000e+00
2.75500e-07 0.00000e+00
2.76500e-07 0.00000e+00
2.77500e-07 0.00000e+00
2.78500e-07 0.00000e+00
2.79500e-07 0.00000e+00
2.80500e-07 0.00000e+00
2.81500e-07 0.00000e+00
2.82500e-07 0.00000e+00
2.83500e-07 0.00000e+00
2.84500e-07 0.00000e+00
2.85500e-07 0.00000e+00
2.86500e-07 0.00000e+00
2.87500e-07 0.00000e+00
2.88500e-07 0.00000e+00
2.89500e-07 0.00000e+00
2.91000e-07 0.00000e+00
2.93000e-07 0.00000e+00
2.95000e-07 0.00000e+00
2.97000e-07 0.00000e+00
2.99000e-07 0.00000e+00
3.01000e-07 0.00000e+00
3.03000e-07 0.00000e+00
3.05000e-07 0.00000e+00
3.07000e-07 0.00000e+00
3.09000e-07 0.00000e+00
3.11000e-07 0.00000e+00
3.13000e-07 0.00000e+00
3.15000e-07 0.00000e+00
3.17000e-07 0.00000e+00
3.19000e-07 0.00000e+00
3.21000e-07 0.00000e+00
3.23000e-07 0.00000e+00
3.25000e-07 0.00000e+00
3.27000e-07 0.00000e+00
3.29000e-07 0.00000e+00
3.31000e-07 0.00000e+00
3.33000e-07 0.00000e+00
3.35000e-07 0.00000e+00
3.37000e-07 0.00000e+00
3.39000e-07 0.00000e+00
3.41000e-07 0.00000e+00
3.43000e-07 0.00000e+00
3.45000e-07 0.00000e+00
3.47000e-07 0.00000e+00
3.49000e-07 0.00000e+00
3.51000e-07 0.00000e+00
3.53000e-07 0.00000e+00
3.55000e-07 0.00000e+00
3.57000e-07 0.00000e+00
3.59000e-07 0.00000e+00
3.61000e-07 0.00000e+00
3.63000e-07 0.00000e+00
3.64000e-07 0.00000e+00
3.65000e-07 0.00000e+00
3.67000e-07 0.00000e+00
3.69000e-07 0.00000e+00
3.71000e-07 0.00000e+00
3.73000e-07 0.00000e+00
3.75000e-07 0.00000e+00
3.77000e-07 0.00000e+00
3.79000e-07 0.00000e+00
3.81000e-07 0.00000e+00
3.83000e-07 0.00000e+00
3.85000e-07 0.00000e+00
3.87000e-07 0.00000e+00
3.89000e-07 0.00000e+00
3.91000e-07 0.00000e+00
3.93000e-07 0.00000e+00
3.95000e-07 0.00000e+00
3.97000e-07 0.00000e+00
3.99000e-07 0.00000e+00
4.01000e-07 0.00000e+00
4.03000e-07 0.00000e+00
4.05000e-07 0.00000e+00
4.07000e-07 0.00000e+00
4.09000e-07 0.00000e+00
4.11000e-07 0.00000e+00
4.13000e-07 0.00000e+00
4.15000e-07 0.00000e+00
4.17000e-07 0.00000e+00
4.19000e-07 0.00000e+00
4.21000e-07 0.00000e+00
4.23000e-07 0.00000e+00
4.25000e-07 0.00000e+00
4.27000e-07 0.00000e+00
4.29000e-07 0.00000e+00
4.31000e-07 0.00000e+00
4.33000e-07 0.00000e+00
4.35000e-07 0.00000e+00
4.37000e-07 0.00000e+00
4.39000e-07 0.00000e+00
4.41000e-07 0.00000e+00
4.43000e-07 0.00000e+00
4.45000e-07 0.00000e+00
4.47000e-07 0.00000e+00
4.49000e-07 0.00000e+00
4.51000e-07 0.00000e+00
4.53000e-07 0.00000e+00
4.55000e-07 0.00000e+00
4.57000e-07 0.00000e+00
4.59000e-07 0.00000e+00
4.61000e-07 0.00000e+00
4.63000e-07 0.00000e+00
4.65000e-07 0.00000e+00
4.67000e-07 0.00000e+00
4.69000e-07 0.00000e+00
4.71000e-07 0.00000e+00
4.73000e-07 0.00000e+00
4.75000e-07 0.00000e+00
4.77000e-07 0.00000e+00
4.79000e-07 0.00000e+00
4.81000e-07 0.00000e+00
4.83000e-07 0.00000e+00
4.85000e-07 0.00000e+00
4.87000e-07 0.00000e+00
4.89000e-07 0.00000e+00
4.91000e-07 0.00000e+00
4.93000e-07 0.00000e+00
4.95000e-07 0.00000e+00
4.97000e-07 0.00000e+00
4.99000e-07 0.00000e+00
5.01000e-07 0.00000e+00
5.03000e-07 0.00000e+00
5.05000e-07 0.00000e+00
5.07000e-07 0.00000e+00
5.09000e-07 0.00000e+00
5.11000e-07 0.00000e+00
5.13000e-07 0.00000e+00
5.15000e-07 0.00000e+00
5.17000e-07 0.00000e+00
5.19000e-07 0.00000e+00
5.21000e-07 0.00000e+00
5.23000e-07 0.00000e+00
5.25000e-07 0.00000e+00
5.27000e-07 0.00000e+00
5.29000e-07 0.00000e+00
5.31000e-07 0.00000e+00
5.33000e-07 0.00000e+00
5.35000e-07 0.00000e+00
5.37000e-07 0.00000e+00
5.39000e-07 0.00000e+00
5.41000e-07 0.00000e+00
5.43000e-07 0.00000e+00
5.45000e-07 0.00000e+00
5.47000e-07 0.00000e+00
5.49000e-07 0.00000e+00
5.51000e-07 0.00000e+00
5.53000e-07 0.00000e+00
5.55000e-07 0.00000e+00
5.57000e-07 0.00000e+00
5.59000e-07 0.00000e+00
5.61000e-07 0.00000e+00
5.63000e-07 0.00000e+00
5.65000e-07 0.00000e+00
5.67000e-07 0.00000e+00
5.69000e-07 0.00000e+00
5.71000e-07 0.00000e+00
5.73000e-07 0.00000e+00
5.75000e-07 0.00000e+00
5.77000e-07 0.00000e+00
5.79000e-07 0.00000e+00
5.81000e-07 0.00000e+00
5.83000e-07 0.00000e+00
5.85000e-07 0.00000e+00
5.87000e-07 0.00000e+00
5.89000e-07 0.00000e+00
5.91000e-07 0.00000e+00
5.93000e-07 0.00000e+00
5.95000e-07 0.00000e+00
5.97000e-07 0.00000e+00
5.99000e-07 0.00000e+00
6.01000e-07 0.00000e+00
6.03000e-07 0.00000e+00
6.05000e-07 0.00000e+00
6.07000e-07 0.00000e+00
6.09000e-07 0.00000e+00
6.11000e-07 0.00000e+00
6.13000e-07 0.00000e+00
6.15000e-07 0.00000e+00
6.17000e-07 0.00000e+00
6.19000e-07 0.00000e+00
6.21000e-07 0.00000e+00
6.23000e-07 0.00000e+00
6.25000e-07 0.00000e+00
6.27000e-07 0.00000e+00
6.29000e-07 0.00000e+00
6.31000e-07 0.00000e+00
6.33000e-07 0.00000e+00
6.35000e-07 0.00000e+00
6.37000e-07 0.00000e+00
6.39000e-07 0.00000e+00
6.41000e-07 0.00000e+00
6.43000e-07 0.00000e+00
6.45000e-07 0.00000e+00
6.47000e-07 0.00000e+00
6.49000e-07 0.00000e+00
6.51000e-07 0.00000e+00
6.53000e-07 0.00000e+00
6.55000e-07 0.00000e+00
6.56125e-07 0.00000e+00
6.59000e-07 0.00000e+00
6.61000e-07 0.00000e+00
6.63000e-07 0.00000e+00
6.65000e-07 0.00000e+00
6.67000e-07 0.00000e+00
6.69000e-07 0.00000e+00
6.71000e-07 0.00000e+00
6.73000e-07 0.00000e+00
6.75000e-07 0.00000e+00
6.77000e-07 0.00000e+00
6.79000e-07 0.00000e+00
6.81000e-07 0.00000e+00
6.83000e-07 0.00000e+00
6.85000e-07 0.00000e+00
6.87000e-07 0.00000e+00
6.89000e-07 0.00000e+00
6.91000e-07 0.00000e+00
6.93000e-07 0.00000e+00
6.95000e-07 0.00000e+00
6.97000e-07 0.00000e+00
6.99000e-07 0.00000e+00
7.01000e-07 0.00000e+00
7.03000e-07 0.00000e+00
7.05000e-07 0.00000e+00
7.07000e-07 0.00000e+00
7.09000e-07 0.00000e+00
7.11000e-07 0.00000e+00
7.13000e-07 0.00000e+00
7.15000e-07 0.00000e+00
7.17000e-07 0.00000e+00
7.19000e-07 0.00000e+00
7.21000e-07 0.00000e+00
7.23000e-07 0.00000e+00
7.25000e-07 0.00000e+00
7.27000e-07 0.00000e+00
7.29000e-07 0.00000e+00
7.31000e-07 0.00000e+00
7.33000e-07 0.00000e+00
7.35000e-07 0.00000e+00
7.37000e-07 0.00000e+00
7.39000e-07 0.00000e+00
7.41000e-07 0.00000e+00
7.43000e-07 0.00000e+00
7.45000e-07 0.00000e+00
7.47000e-07 0.00000e+00
7.49000e-07 0.00000e+00
7.51000e-07 0.00000e+00
7.53000e-07 0.00000e+00
7.55000e-07 0.00000e+00
7.57000e-07 0.00000e+00
7.59000e-07 0.00000e+00
7.61000e-07 0.00000e+00
7.63000e-07 0.00000e+00
7.65000e-07 0.00000e+00
7.67000e-07 0.00000e+00
7.69000e-07 0.00000e+00
7.71000e-07 0.00000e+00
7.73000e-07 0.00000e+00
7.75000e-07 0.00000e+00
7.77000e-07 0.00000e+00
7.79000e-07 0.00000e+00
7.81000e-07 0.00000e+00
7.83000e-07 0.00000e+00
7.85000e-07 0.00000e+00
7.87000e-07 0.00000e+00
7.89000e-07 0.00000e+00
7.91000e-07 0.00000e+00
7.93000e-07 0.00000e+00
7.95000e-07 0.00000e+00
7.97000e-07 0.00000e+00
7.99000e-07 0.00000e+00
8.01000e-07 0.00000e+00
8.03000e-07 0.00000e+00
8.05000e-07 0.00000e+00
8.07000e-07 0.00000e+00
8.09000e-07 0.00000e+00
8.11000e-07 0.00000e+00
8.13000e-07 0.00000e+00
8.15000e-07 0.00000e+00
8.17000e-07 0.00000e+00
8.19000e-07 0.00000e+00
8.21000e-07 0.00000e+00
8.23000e-07 0.00000e+00
8.25000e-07 0.00000e+00
8.27000e-07 0.00000e+00
8.29000e-07 0.00000e+00
8.31000e-07 0.00000e+00
8.33000e-07 0.00000e+00
8.35000e-07 0.00000e+00
8.37000e-07 0.00000e+00
8.39000e-07 0.00000e+00
8.41000e-07 0.00000e+00
8.43000e-07 0.00000e+00
8.45000e-07 0.00000e+00
8.47000e-07 0.00000e+00
8.49000e-07 0.00000e+00
8.51000e-07 0.00000e+00
8.53000e-07 0.00000e+00
8.55000e-07 0.00000e+00
8.57000e-07 0.00000e+00
8.59000e-07 0.00000e+00
8.61000e-07 0.00000e+00
8.63000e-07 0.00000e+00
8.65000e-07 0.00000e+00
8.67000e-07 0.00000e+00
8.69000e-07 0.00000e+00
8.71000e-07 0.00000e+00
8.73000e-07 0.00000e+00
8.75000e-07 0.00000e+00
8.77000e-07 0.00000e+00
8.79000e-07 0.00000e+00
8.81000e-07 0.00000e+00
8.83000e-07 0.00000e+00
8.85000e-07 0.00000e+00
8.87000e-07 0.00000e+00
8.89000e-07 0.00000e+00
8.91000e-07 0.00000e+00
8.93000e-07 0.00000e+00
8.95000e-07 0.00000e+00
8.97000e-07 0.00000e+00
8.99000e-07 0.00000e+00
9.01000e-07 0.00000e+00
9.03000e-07 0.00000e+00
9.05000e-07 0.00000e+00
9.07000e-07 0.00000e+00
9.09000e-07 0.00000e+00
9.11000e-07 0.00000e+00
9.13000e-07 0.00000e+00
9.15000e-07 0.00000e+00
9.17000e-07 0.00000e+00
9.19000e-07 0.00000e+00
9.21000e-07 0.00000e+00
9.23000e-07 0.00000e+00
9.25000e-07 0.00000e+00
9.27000e-07 0.00000e+00
9.29000e-07 0.00000e+00
9.31000e-07 0.00000e+00
9.33000e-07 0.00000e+00
9.35000e-07 0.00000e+00
9.37000e-07 0.00000e+00
9.39000e-07 0.00000e+00
9.41000e-07 0.00000e+00
9.43000e-07 0.00000e+00
9.45000e-07 0.00000e+00
9.47000e-07 0.00000e+00
9.49000e-07 0.00000e+00
9.51000e-07 0.00000e+00
9.53000e-07 0.00000e+00
9.55000e-07 0.00000e+00
9.57000e-07 0.00000e+00
9.59000e-07 0.00000e+00
9.61000e-07 0.00000e+00
9.63000e-07 0.00000e+00
9.65000e-07 0.00000e+00
9.67000e-07 0.00000e+00
9.69000e-07 0.00000e+00
9.71000e-07 0.00000e+00
9.73000e-07 0.00000e+00
9.75000e-07 0.00000e+00
9.77000e-07 0.00000e+00
9.79000e-07 0.00000e+00
9.81000e-07 0.00000e+00
9.83000e-07 0.00000e+00
9.85000e-07 0.00000e+00
9.87000e-07 0.00000e+00
9.89000e-07 0.00000e+00
9.91000e-07 0.00000e+00
9.93000e-07 0.00000e+00
9.95000e-07 0.00000e+00
9.97000e-07 0.00000e+00
9.99000e-07 0.00000e+00
1.00250e-06 0.00000e+00
1.00750e-06 0.00000e+00
1.01250e-06 0.00000e+00
1.01750e-06 0.00000e+00
1.02250e-06 0.00000e+00
1.02750e-06 0.00000e+00
1.03250e-06 0.00000e+00
1.03750e-06 0.00000e+00
1.04250e-06 0.00000e+00
1.04750e-06 0.00000e+00
1.05250e-06 0.00000e+00
1.05750e-06 0.00000e+00
1.06250e-06 0.00000e+00
1.06750e-06 0.00000e+00
1.07250e-06 0.00000e+00
1.07750e-06 0.00000e+00
1.08250e-06 0.00000e+00
1.08750e-06 0.00000e+00
1.09250e-06 0.00000e+00
1.09750e-06 0.00000e+00
1.10250e-06 0.00000e+00
1.10750e-06 0.00000e+00
1.11250e-06 0.00000e+00
1.11750e-06 0.00000e+00
1.12250e-06 0.00000e+00
1.12750e-06 0.00000e+00
1.13250e-06 0.00000e+00
1.13750e-06 0.00000e+00
1.14250e-06 0.00000e+00
1.14750e-06 0.00000e+00
1.15250e-06 0.00000e+00
1.15750e-06 0.00000e+00
1.16250e-06 0.00000e+00
1.16750e-06 0.00000e+00
1.17250e-06 0.00000e+00
1.17750e-06 0.00000e+00
1.18250e-06 0.00000e+00
1.18750e-06 0.00000e+00
1.19250e-06 0.00000e+00
1.19750e-06 0.00000e+00
1.20250e-06 0.00000e+00
1.20750e-06 0.00000e+00
1.21250e-06 0.00000e+00
1.21750e-06 0.00000e+00
1.22250e-06 0.00000e+00
1.22750e-06 0.00000e+00
1.23250e-06 0.00000e+00
1.23750e-06 0.00000e+00
1.24250e-06 0.00000e+00
1.24750e-06 0.00000e+00
1.25250e-06 0.00000e+00
1.25750e-06 0.00000e+00
1.26250e-06 0.00000e+00
1.26750e-06 0.00000e+00
1.27250e-06 0.00000e+00
1.27750e-06 0.00000e+00
1.28250e-06 0.00000e+00
1.28750e-06 0.00000e+00
1.29250e-06 0.00000e+00
1.29750e-06 0.00000e+00
1.30250e-06 0.00000e+00
1.30750e-06 0.00000e+00
1.31250e-06 0.00000e+00
1.31750e-06 0.00000e+00
1.32250e-06 0.00000e+00
1.32750e-06 0.00000e+00
1.33250e-06 0.00000e+00
1.33750e-06 0.00000e+00
1.34250e-06 0.00000e+00
1.34750e-06 0.00000e+00
1.35250e-06 0.00000e+00
1.35750e-06 0.00000e+00
1.36250e-06 0.00000e+00
1.36750e-06 0.00000e+00
1.37250e-06 0.00000e+00
1.37750e-06 0.00000e+00
1.38250e-06 0.00000e+00
1.38750e-06 0.00000e+00
1.39250e-06 0.00000e+00
1.39750e-06 0.00000e+00
1.40250e-06 0.00000e+00
1.40750e-06 0.00000e+00
1.41250e-06 0.00000e+00
1.41750e-06 0.00000e+00
1.42250e-06 0.00000e+00
1.42750e-06 0.00000e+00
1.43250e-06 0.00000e+00
1.43750e-06 0.00000e+00
1.44250e-06 0.00000e+00
1.44750e-06 0.00000e+00
1.45250e-06 0.00000e+00
1.45700e-06 0.00000e+00
1.46200e-06 0.00000e+00
1.46750e-06 0.00000e+00
1.47250e-06 0.00000e+00
1.47750e-06 0.00000e+00
1.48250e-06 0.00000e+00
1.48750e-06 0.00000e+00
1.49250e-06 0.00000e+00
1.49750e-06 0.00000e+00
1.50250e-06 0.00000e+00
1.50750e-06 0.00000e+00
1.51250e-06 0.00000e+00
1.51750e-06 0.00000e+00
1.52250e-06 0.00000e+00
1.52750e-06 0.00000e+00
1.53250e-06 0.00000e+00
1.53750e-06 0.00000e+00
1.54250e-06 0.00000e+00
1.54750e-06 0.00000e+00
1.55250e-06 0.00000e+00
1.55750e-06 0.00000e+00
1.56250e-06 0.00000e+00
1.56750e-06 0.00000e+00
1.57250e-06 0.00000e+00
1.57750e-06 0.00000e+00
1.58250e-06 0.00000e+00
1.58750e-06 0.00000e+00
1.59250e-06 0.00000e+00
1.59750e-06 0.00000e+00
1.60500e-06 0.00000e+00
1.61500e-06 0.00000e+00
1.62500e-06 0.00000e+00
1.63500e-06 0.00000e+00
1.64500e-06 0.00000e+00
1.65500e-06 0.00000e+00
1.66500e-06 0.00000e+00
1.67500e-06 0.00000e+00
1.68500e-06 0.00000e+00
1.69500e-06 0.00000e+00
1.70500e-06 0.00000e+00
1.71500e-06 0.00000e+00
1.72500e-06 0.00000e+00
1.73500e-06 0.00000e+00
1.74500e-06 0.00000e+00
1.75500e-06 0.00000e+00
1.76500e-06 0.00000e+00
1.77500e-06 0.00000e+00
1.78500e-06 0.00000e+00
1.79500e-06 0.00000e+00
1.80500e-06 0.00000e+00
1.81500e-06 0.00000e+00
1.82500e-06 0.00000e+00
1.83500e-06 0.00000e+00
1.84500e-06 0.00000e+00
1.85500e-06 0.00000e+00
1.86500e-06 0.00000e+00
1.87500e-06 0.00000e+00
1.88500e-06 0.00000e+00
1.89500e-06 0.00000e+00
1.90500e-06 0.00000e+00
1.91500e-06 0.00000e+00
1.92500e-06 0.00000e+00
1.93500e-06 0.00000e+00
1.94500e-06 0.00000e+00
1.95500e-06 0.00000e+00
1.96500e-06 0.00000e+00
1.97500e-06 0.00000e+00
1.98500e-06 0.00000e+00
1.99500e-06 0.00000e+00
2.00500e-06 0.00000e+00
2.01500e-06 0.00000e+00
2.02500e-06 0.00000e+00
2.03500e-06 0.00000e+00
2.04500e-06 0.00000e+00
2.05500e-06 0.00000e+00
2.06500e-06 0.00000e+00
2.07500e-06 0.00000e+00
2.08500e-06 0.00000e+00
2.09500e-06 0.00000e+00
2.10500e-06 0.00000e+00
2.11500e-06 0.00000e+00
2.12500e-06 0.00000e+00
2.13500e-06 0.00000e+00
2.14500e-06 0.00000e+00
2.15500e-06 0.00000e+00
2.16500e-06 0.00000e+00
2.17500e-06 0.00000e+00
2.18500e-06 0.00000e+00
2.19500e-06 0.00000e+00
2.20500e-06 0.00000e+00
2.21500e-06 0.00000e+00
2.22500e-06 0.00000e+00
2.23500e-06 0.00000e+00
2.24500e-06 0.00000e+00
2.25500e-06 0.00000e+00
2.26500e-06 0.00000e+00
2.27500e-06 0.00000e+00
2.28500e-06 0.00000e+00
2.29500e-06 0.00000e+00
2.30500e-06 0.00000e+00
2.31500e-06 0.00000e+00
2.32500e-06 0.00000e+00
2.33500e-06 0.00000e+00
2.34500e-06 0.00000e+00
2.35500e-06 0.00000e+00
2.36500e-06 0.00000e+00
2.37500e-06 0.00000e+00
2.38500e-06 0.00000e+00
2.39500e-06 0.00000e+00
2.40500e-06 0.00000e+00
2.41500e-06 0.00000e+00
2.42500e-06 0.00000e+00
2.43500e-06 0.00000e+00
2.44500e-06 0.00000e+00
2.45500e-06 0.00000e+00
2.46500e-06 0.00000e+00
2.47500e-06 0.00000e+00
2.48500e-06 0.00000e+00
2.49500e-06 0.00000e+00
2.50500e-06 0.00000e+00
2.51500e-06 0.00000e+00
2.52500e-06 0.00000e+00
2.53500e-06 0.00000e+00
2.54500e-06 0.00000e+00
2.55500e-06 0.00000e+00
2.56500e-06 0.00000e+00
2.57500e-06 0.00000e+00
2.58500e-06 0.00000e+00
2.59500e-06 0.00000e+00
2.60500e-06 0.00000e+00
2.61500e-06 0.00000e+00
2.62500e-06 0.00000e+00
2.63500e-06 0.00000e+00
2.64500e-06 0.00000e+00
2.65500e-06 0.00000e+00
2.66500e-06 0.00000e+00
2.67500e-06 0.00000e+00
2.68500e-06 0.00000e+00
2.69500e-06 0.00000e+00
2.70500e-06 0.00000e+00
2.71500e-06 0.00000e+00
2.72500e-06 0.00000e+00
2.73500e-06 0.00000e+00
2.74500e-06 0.00000e+00
2.75500e-06 0.00000e+00
2.76500e-06 0.00000e+00
2.77500e-06 0.00000e+00
2.78500e-06 0.00000e+00
2.79500e-06 0.00000e+00
2.80500e-06 0.00000e+00
2.81500e-06 0.00000e+00
2.82500e-06 0.00000e+00
2.83500e-06 0.00000e+00
2.84500e-06 0.00000e+00
2.85500e-06 0.00000e+00
2.86500e-06 0.00000e+00
2.87500e-06 0.00000e+00
2.88500e-06 0.00000e+00
2.89500e-06 0.00000e+00
2.90500e-06 0.00000e+00
2.91500e-06 0.00000e+00
2.92500e-06 0.00000e+00
2.93500e-06 0.00000e+00
2.94500e-06 0.00000e+00
2.95500e-06 0.00000e+00
2.96500e-06 0.00000e+00
2.97500e-06 0.00000e+00
2.98500e-06 0.00000e+00
2.99500e-06 0.00000e+00
3.00500e-06 0.00000e+00
3.01500e-06 0.00000e+00
3.02500e-06 0.00000e+00
3.03500e-06 0.00000e+00
3.04500e-06 0.00000e+00
3.05500e-06 0.00000e+00
3.06500e-06 0.00000e+00
3.07500e-06 0.00000e+00
3.08500e-06 0.00000e+00
3.09500e-06 0.00000e+00
3.10500e-06 0.00000e+00
3.11500e-06 0.00000e+00
3.12500e-06 0.00000e+00
3.13500e-06 0.00000e+00
3.14500e-06 0.00000e+00
3.15500e-06 0.00000e+00
3.16500e-06 0.00000e+00
3.17500e-06 0.00000e+00
3.18500e-06 0.00000e+00
3.19500e-06 0.00000e+00
3.21000e-06 0.00000e+00
3.23000e-06 0.00000e+00
3.25000e-06 0.00000e+00
3.27000e-06 0.00000e+00
3.29000e-06 0.00000e+00
3.31000e-06 0.00000e+00
3.33000e-06 0.00000e+00
3.35000e-06 0.00000e+00
3.37000e-06 0.00000e+00
3.39000e-06 0.00000e+00
3.41000e-06 0.00000e+00
3.43000e-06 0.00000e+00
3.45000e-06 0.00000e+00
3.47000e-06 0.00000e+00
3.49000e-06 0.00000e+00
3.51000e-06 0.00000e+00
3.53000e-06 0.00000e+00
3.55000e-06 0.00000e+00
3.57000e-06 0.00000e+00
3.59000e-06 0.00000e+00
3.61000e-06 0.00000e+00
3.63000e-06 0.00000e+00
3.65000e-06 0.00000e+00
3.67000e-06 0.00000e+00
3.69000e-06 0.00000e+00
3.71000e-06 0.00000e+00
3.73000e-06 0.00000e+00
3.75000e-06 0.00000e+00
3.77000e-06 0.00000e+00
3.79000e-06 0.00000e+00
3.81000e-06 0.00000e+00
3.83000e-06 0.00000e+00
3.85000e-06 0.00000e+00
3.87000e-06 0.00000e+00
3.89000e-06 0.00000e+00
3.91000e-06 0.00000e+00
3.93000e-06 0.00000e+00
3.95000e-06 0.00000e+00
3.97000e-06 0.00000e+00
3.99000e-06 0.00000e+00
4.01000e-06 0.00000e+00
4.03000e-06 0.00000e+00
4.05000e-06 0.00000e+00
4.07000e-06 0.00000e+00
4.09000e-06 0.00000e+00
4.11000e-06 0.00000e+00
4.13000e-06 0.00000e+00
4.15000e-06 0.00000e+00
4.17000e-06 0.00000e+00
4.19000e-06 0.00000e+00
4.21000e-06 0.00000e+00
4.23000e-06 0.00000e+00
4.25000e-06 0.00000e+00
4.27000e-06 0.00000e+00
4.29000e-06 0.00000e+00
4.31000e-06 0.00000e+00
4.33000e-06 0.00000e+00
4.35000e-06 0.00000e+00
4.37000e-06 0.00000e+00
4.39000e-06 0.00000e+00
4.41000e-06 0.00000e+00
4.43000e-06 0.00000e+00
4.45000e-06 0.00000e+00
4.47000e-06 0.00000e+00
4.49000e-06 0.00000e+00
4.51000e-06 0.00000e+00
4.53000e-06 0.00000e+00
4.55000e-06 0.00000e+00
4.57000e-06 0.00000e+00
4.59000e-06 0.00000e+00
4.61000e-06 0.00000e+00
4.63000e-06 0.00000e+00
4.65000e-06 0.00000e+00
4.67000e-06 0.00000e+00
4.69000e-06 0.00000e+00
4.71000e-06 0.00000e+00
4.73000e-06 0.00000e+00
4.75000e-06 0.00000e+00
4.77000e-06 0.00000e+00
4.79000e-06 0.00000e+00
4.81000e-06 0.00000e+00
4.83000e-06 0.00000e+00
4.85000e-06 0.00000e+00
4.87000e-06 0.00000e+00
4.89000e-06 0.00000e+00
4.91000e-06 0.00000e+00
4.93000e-06 0.00000e+00
4.95000e-06 0.00000e+00
4.97000e-06 0.00000e+00
4.99000e-06 0.00000e+00
5.01000e-06 0.00000e+00
5.03000e-06 0.00000e+00
5.05000e-06 0.00000e+00
5.07000e-06 0.00000e+00
5.09000e-06 0.00000e+00
5.11000e-06 0.00000e+00
5.13000e-06 0.00000e+00
5.15000e-06 0.00000e+00
5.17000e-06 0.00000e+00
5.19000e-06 0.00000e+00
5.21000e-06 0.00000e+00
5.23000e-06 0.00000e+00
5.25000e-06 0.00000e+00
5.27000e-06 0.00000e+00
5.29000e-06 0.00000e+00
5.31000e-06 0.00000e+00
5.33000e-06 0.00000e+00
5.35000e-06 0.00000e+00
5.37000e-06 0.00000e+00
5.39000e-06 0.00000e+00
5.41000e-06 0.00000e+00
5.43000e-06 0.00000e+00
5.45000e-06 0.00000e+00
5.47000e-06 0.00000e+00
5.49000e-06 0.00000e+00
5.51000e-06 0.00000e+00
5.53000e-06 0.00000e+00
5.55000e-06 0.00000e+00
5.57000e-06 0.00000e+00
5.59000e-06 0.00000e+00
5.61000e-06 0.00000e+00
5.63000e-06 0.00000e+00
5.65000e-06 0.00000e+00
5.67000e-06 0.00000e+00
5.69000e-06 0.00000e+00
5.71000e-06 0.00000e+00
5.73000e-06 0.00000e+00
5.75000e-06 0.00000e+00
5.77000e-06 0.00000e+00
5.79000e-06 0.00000e+00
5.81000e-06 0.00000e+00
5.83000e-06 0.00000e+00
5.85000e-06 0.00000e+00
5.87000e-06 0.00000e+00
5.89000e-06 0.00000e+00
5.91000e-06 0.00000e+00
5.93000e-06 0.00000e+00
5.95000e-06 0.00000e+00
5.97000e-06 0.00000e+00
5.99000e-06 0.00000e+00
6.01000e-06 0.00000e+00
6.03000e-06 0.00000e+00
6.05000e-06 0.00000e+00
6.07000e-06 0.00000e+00
6.09000e-06 0.00000e+00
6.11000e-06 0.00000e+00
6.13000e-06 0.00000e+00
6.15000e-06 0.00000e+00
6.17000e-06 0.00000e+00
6.19000e-06 0.00000e+00
6.21000e-06 0.00000e+00
6.23000e-06 0.00000e+00
6.25000e-06 0.00000e+00
6.27000e-06 0.00000e+00
6.29000e-06 0.00000e+00
6.31000e-06 0.00000e+00
6.33000e-06 0.00000e+00
6.35000e-06 0.00000e+00
6.37000e-06 0.00000e+00
6.39000e-06 0.00000e+00
6.42000e-06 0.00000e+00
6.46000e-06 0.00000e+00
6.50000e-06 0.00000e+00
6.54000e-06 0.00000e+00
6.58000e-06 0.00000e+00
6.62000e-06 0.00000e+00
6.66000e-06 0.00000e+00
6.70000e-06 0.00000e+00
6.74000e-06 0.00000e+00
6.78000e-06 0.00000e+00
6.82000e-06 0.00000e+00
6.86000e-06 0.00000e+00
6.90000e-06 0.00000e+00
6.94000e-06 0.00000e+00
6.98000e-06 0.00000e+00
7.02000e-06 0.00000e+00
7.06000e-06 0.00000e+00
7.10000e-06 0.00000e+00
7.14000e-06 0.00000e+00
7.18000e-06 0.00000e+00
7.22000e-06 0.00000e+00
7.26000e-06 0.00000e+00
7.30000e-06 0.00000e+00
7.34000e-06 0.00000e+00
7.38000e-06 0.00000e+00
7.42000e-06 0.00000e+00
7.46000e-06 0.00000e+00
7.50000e-06 0.00000e+00
7.54000e-06 0.00000e+00
7.58000e-06 0.00000e+00
7.62000e-06 0.00000e+00
7.66000e-06 0.00000e+00
7.70000e-06 0.00000e+00
7.74000e-06 0.00000e+00
7.78000e-06 0.00000e+00
7.82000e-06 0.00000e+00
7.86000e-06 0.00000e+00
7.90000e-06 0.00000e+00
7.94000e-06 0.00000e+00
7.98000e-06 0.00000e+00
8.02000e-06 0.00000e+00
8.06000e-06 0.00000e+00
8.10000e-06 0.00000e+00
8.14000e-06 0.00000e+00
8.18000e-06 0.00000e+00
8.22000e-06 0.00000e+00
8.26000e-06 0.00000e+00
8.30000e-06 0.00000e+00
8.34000e-06 0.00000e+00
8.38000e-06 0.00000e+00
8.42000e-06 0.00000e+00
8.46000e-06 0.00000e+00
8.50000e-06 0.00000e+00
8.54000e-06 0.00000e+00
8.58000e-06 0.00000e+00
8.62000e-06 0.00000e+00
8.66000e-06 0.00000e+00
8.70000e-06 0.00000e+00
8.74000e-06 0.00000e+00
8.78000e-06 0.00000e+00
8.82000e-06 0.00000e+00
8.86000e-06 0.00000e+00
8.90000e-06 0.00000e+00
8.94000e-06 0.00000e+00
8.98000e-06 0.00000e+00
9.02000e-06 0.00000e+00
9.06000e-06 0.00000e+00
9.10000e-06 0.00000e+00
9.14000e-06 0.00000e+00
9.18000e-06 0.00000e+00
9.22000e-06 0.00000e+00
9.26000e-06 0.00000e+00
9.30000e-06 0.00000e+00
9.34000e-06 0.00000e+00
9.38000e-06 0.00000e+00
9.42000e-06 0.00000e+00
9.46000e-06 0.00000e+00
9.50000e-06 0.00000e+00
9.54000e-06 0.00000e+00
9.58000e-06 0.00000e+00
9.62000e-06 0.00000e+00
9.66000e-06 0.00000e+00
9.70000e-06 0.00000e+00
9.74000e-06 0.00000e+00
9.78000e-06 0.00000e+00
9.82000e-06 0.00000e+00
9.86000e-06 0.00000e+00
9.90000e-06 0.00000e+00
9.94000e-06 0.00000e+00
9.98000e-06 0.00000e+00
1.00200e-05 0.00000e+00
2.00000e-05 0.00000e+00
4.00000e-05 0.00000e+00
6.00000e-05 0.00000e+00
8.00000e-05 0.00000e+00
1.00000e-04 0.00000e+00
1.20000e-04 0.00000e+00
1.40000e-04 0.00000e+00
1.60000e-04 0.00000e+00
