9.09000e-09 0.00000e+00
9.35000e-09 0.00000e+00
9.61000e-09 0.00000e+00
9.77000e-09 0.00000e+00
9.96000e-09 0.00000e+00
1.02000e-08 0.00000e+00
1.03800e-08 0.00000e+00
1.05600e-08 0.00000e+00
1.07700e-08 0.00000e+00
1.10400e-08 0.00000e+00
1.14000e-08 0.00000e+00
1.17800e-08 0.00000e+00
1.21300e-08 0.00000e+00
1.24800e-08 0.00000e+00
1.27100e-08 0.00000e+00
1.28400e-08 0.00000e+00
1.30500e-08 0.00000e+00
1.32400e-08 0.00000e+00
1.33900e-08 0.00000e+00
1.36600e-08 0.00000e+00
1.39800e-08 0.00000e+00
1.43300e-08 0.00000e+00
1.47200e-08 0.00000e+00
1.51000e-08 0.00000e+00
1.55200e-08 0.00000e+00
1.58800e-08 0.00000e+00
1.62000e-08 0.00000e+00
1.66000e-08 0.00000e+00
1.70300e-08 0.00000e+00
1.73400e-08 0.00000e+00
1.76800e-08 0.00000e+00
1.80200e-08 0.00000e+00
1.81700e-08 0.00000e+00
1.86100e-08 0.00000e+00
1.91000e-08 0.00000e+00
1.93900e-08 0.00000e+00
1.98400e-08 0.00000e+00
2.01800e-08 0.00000e+00
2.05000e-08 0.00000e+00
2.10500e-08 0.00000e+00
2.16200e-08 0.00000e+00
2.19800e-08 0.00000e+00
2.23000e-08 0.00000e+00
2.26800e-08 0.00000e+00
2.30000e-08 0.00000e+00
2.34000e-08 0.00000e+00
2.40000e-08 0.00000e+00
2.46500e-08 0.00000e+00
2.52400e-08 0.00000e+00
2.56800e-08 0.00000e+00
2.60000e-08 0.00000e+00
2.64000e-08 0.00000e+00
2.68500e-08 0.00000e+00
2.73500e-08 0.00000e+00
2.78500e-08 0.00000e+00
2.84000e-08 0.00000e+00
2.90000e-08 0.00000e+00
2.96000e-08 0.00000e+00
3.01000e-08 0.00000e+00
3.08000e-08 0.00000e+00
3.18000e-08 0.00000e+00
3.28000e-08 0.00000e+00
3.38000e-08 0.00000e+00
3.48000e-08 0.00000e+00
3.57000e-08 0.00000e+00
3.66000e-08 0.00000e+00
3.75000e-08 0.00000e+00
3.85000e-08 0.00000e+00
3.95000e-08 0.00000e+00
4.05000e-08 0.00000e+00
4.14000e-08 0.00000e+00
4.22000e-08 0.00000e+00
4.30000e-08 0.00000e+00
4.41000e-08 0.00000e+00
4.51000e-08 0.00000e+00
4.60000e-08 0.00000e+00
4.70000e-08 0.00000e+00
4.80000e-08 0.00000e+00
4.90000e-08 0.00000e+00
5.00000e-08 0.00000e+00
5.06000e-08 0.00000e+00
5.12000e-08 0.00000e+00
5.20000e-08 0.00000e+00
5.30000e-08 0.00000e+00
5.40000e-08 0.00000e+00
5.50000e-08 0.00000e+00
5.60000e-08 0.00000e+00
5.70000e-08 0.00000e+00
5.80000e-08 0.00000e+00
5.90000e-08 0.00000e+00
6.00000e-08 0.00000e+00
6.10000e-08 0.00000e+00
6.20000e-08 0.00000e+00
6.30000e-08 0.00000e+00
6.40000e-08 0.00000e+00
6.50000e-08 0.00000e+00
6.58000e-08 0.00000e+00
6.65000e-08 0.00000e+00
6.75000e-08 0.00000e+00
6.85000e-08 0.00000e+00
6.95000e-08 0.00000e+00
7.05000e-08 0.00000e+00
7.16000e-08 0.00000e+00
7.26000e-08 0.00000e+00
7.35000e-08 0.00000e+00
7.45000e-08 0.00000e+00
7.55000e-08 0.00000e+00
7.65000e-08 0.00000e+00
7.75000e-08 0.00000e+00
7.85000e-08 0.00000e+00
7.95000e-08 0.00000e+00
8.05000e-08 0.00000e+00
8.15000e-08 0.00000e+00
8.25000e-08 0.00000e+00
8.35000e-08 0.00000e+00
8.45000e-08 0.00000e+00
8.55000e-08 0.00000e+00
8.65000e-08 0.00000e+00
8.75000e-08 0.00000e+00
8.85000e-08 0.00000e+00
8.95000e-08 0.00000e+00
9.05000e-08 0.00000e+00
9.15000e-08 0.00000e+00
9.25000e-08 2.43349e-04
9.35000e-08 3.65042e-04
9.45000e-08 5.45927e-04
9.55000e-08 6.42985e-04
9.65000e-08 1.34611e-03
9.75000e-08 1.48394e-03
9.85000e-08 2.44942e-03
9.95000e-08 3.96128e-03
1.00500e-07 5.35280e-03
1.01500e-07 8.08002e-03
1.02500e-07 1.02227e-02
1.03500e-07 2.61891e-02
1.04500e-07 3.76584e-02
1.05500e-07 4.10333e-02
1.06500e-07 9.01748e-02
1.07500e-07 1.27331e-01
1.08500e-07 2.31477e-01
1.09500e-07 3.02902e-01
1.10500e-07 4.05170e-01
1.11500e-07 5.36842e-01
1.12500e-07 1.13335e+00
1.13500e-07 1.87417e+00
1.14500e-07 2.96752e+00
1.15500e-07 4.13718e+00
1.16500e-07 5.34052e+00
1.17500e-07 7.88757e+00
1.18500e-07 9.73172e+00
1.19500e-07 1.13780e+01
1.20500e-07 1.00294e+01
1.21500e-07 5.13536e+00
1.22500e-07 1.63481e+01
1.23500e-07 3.97077e+01
1.24500e-07 5.81249e+01
1.25500e-07 7.85166e+01
1.26500e-07 9.93604e+01
1.27500e-07 1.31953e+02
1.28500e-07 1.40578e+02
1.29500e-07 1.77490e+02
1.30500e-07 2.20241e+02
1.31500e-07 2.80300e+02
1.32500e-07 3.24989e+02
1.33500e-07 3.71715e+02
1.34500e-07 5.01238e+02
1.35500e-07 6.42669e+02
1.36500e-07 7.48113e+02
1.37500e-07 8.45988e+02
1.38500e-07 1.01261e+03
1.39500e-07 1.16539e+03
1.40500e-07 1.57814e+03
1.41500e-07 1.97601e+03
1.42500e-07 2.26599e+03
1.43500e-07 3.08102e+03
1.44200e-07 4.10218e+03
1.44700e-07 3.71223e+03
1.45500e-07 4.36874e+03
1.46500e-07 6.36846e+03
1.47500e-07 7.44448e+03
1.48500e-07 8.29115e+03
1.49500e-07 1.18729e+04
1.50500e-07 1.55923e+04
1.51200e-07 1.09784e+04
1.51700e-07 1.51559e+04
1.52500e-07 3.10861e+04
1.53500e-07 4.70500e+04
1.54500e-07 3.58466e+04
1.55500e-07 5.73503e+04
1.56500e-07 5.49278e+04
1.57500e-07 1.24343e+05
1.58500e-07 1.25261e+05
1.59500e-07 1.20381e+05
1.60500e-07 1.22559e+05
1.61500e-07 1.26543e+05
1.62500e-07 1.26583e+05
1.63500e-07 1.64504e+05
1.64500e-07 2.17864e+05
1.65500e-07 1.89794e+05
1.66500e-07 2.92717e+05
1.67200e-07 2.50221e+05
1.67700e-07 3.83505e+05
1.68500e-07 5.17761e+05
1.69500e-07 7.27858e+05
1.70500e-07 7.79023e+05
1.71500e-07 8.29371e+05
1.72500e-07 1.12976e+06
1.73500e-07 1.31495e+06
1.74500e-07 1.82821e+06
1.75500e-07 1.84572e+06
1.76500e-07 2.49519e+06
1.77500e-07 2.06790e+06
1.78500e-07 4.19600e+06
1.79500e-07 3.42036e+06
1.80500e-07 6.20294e+06
1.81500e-07 4.15839e+06
1.82500e-07 6.97533e+06
1.83500e-07 5.97683e+06
1.84500e-07 8.27882e+06
1.85500e-07 6.43251e+06
1.86500e-07 1.14127e+07
1.87500e-07 1.03080e+07
1.88500e-07 1.31906e+07
1.89500e-07 1.64130e+07
1.90500e-07 1.70747e+07
1.91500e-07 2.50351e+07
1.92500e-07 2.00716e+07
1.93500e-07 1.44536e+07
1.94500e-07 2.83527e+07
1.95500e-07 4.07058e+07
1.96700e-07 4.31064e+07
1.97600e-07 5.07430e+07
1.98400e-07 6.43893e+07
1.99500e-07 5.60757e+07
2.00500e-07 6.44158e+07
2.01500e-07 7.25472e+07
2.02500e-07 6.55659e+07
2.03500e-07 8.30873e+07
2.04500e-07 8.62529e+07
2.05500e-07 1.03678e+08
2.06500e-07 9.61478e+07
2.07400e-07 9.07258e+07
2.07800e-07 1.70049e+08
2.08500e-07 2.20714e+08
2.09500e-07 2.40320e+08
2.10500e-07 2.13250e+08
2.11500e-07 2.06699e+08
2.12500e-07 2.32539e+08
2.13500e-07 3.06692e+08
2.14500e-07 2.37246e+08
2.15500e-07 2.84331e+08
2.16500e-07 2.79026e+08
2.17500e-07 2.99648e+08
2.18500e-07 2.70880e+08
2.19500e-07 4.66618e+08
2.20500e-07 3.76031e+08
2.21500e-07 4.65524e+08
2.22500e-07 4.17334e+08
2.23500e-07 7.19986e+08
2.24500e-07 7.95092e+08
2.25500e-07 9.66826e+08
2.26500e-07 4.78581e+08
2.27500e-07 9.39347e+08
2.28500e-07 9.42471e+08
2.29500e-07 1.52666e+09
2.30500e-07 5.73687e+08
2.31500e-07 1.89419e+09
2.32500e-07 1.45106e+09
2.33500e-07 2.29940e+09
2.34500e-07 1.40100e+09
2.35500e-07 1.18745e+09
2.36500e-07 1.64191e+09
2.37500e-07 1.56847e+09
2.38500e-07 2.68483e+09
2.39500e-07 2.42142e+09
2.40500e-07 4.24458e+09
2.41500e-07 2.69702e+09
2.42500e-07 3.50450e+09
2.43500e-07 4.89629e+09
2.44500e-07 6.73045e+09
2.45500e-07 7.66959e+09
2.46500e-07 4.86811e+09
2.47500e-07 8.26939e+09
2.48500e-07 2.90014e+09
2.49500e-07 3.52449e+09
2.50500e-07 7.21158e+09
2.51300e-07 4.82071e+09
2.51800e-07 4.63165e+09
2.52500e-07 5.52431e+09
2.53500e-07 1.30385e+10
2.54500e-07 1.54426e+10
2.55500e-07 1.83921e+10
2.56500e-07 1.05039e+10
2.57500e-07 1.66433e+10
2.58500e-07 1.28502e+10
2.59500e-07 1.55005e+10
2.60500e-07 2.07223e+10
2.61500e-07 1.89075e+10
2.62500e-07 2.76300e+10
2.63500e-07 4.45356e+10
2.64500e-07 3.63191e+10
2.65500e-07 6.08196e+10
2.66500e-07 4.38684e+10
2.67500e-07 3.86832e+10
2.68500e-07 5.38819e+10
2.69500e-07 3.38807e+10
2.70500e-07 5.54822e+10
2.71500e-07 4.96450e+10
2.72500e-07 4.19848e+10
2.73500e-07 4.63249e+10
2.74500e-07 6.01967e+10
2.75500e-07 6.05894e+10
2.76500e-07 8.17942e+10
2.77500e-07 1.07335e+11
2.78500e-07 7.07976e+10
2.79500e-07 7.33735e+10
2.80500e-07 7.83480e+10
2.81500e-07 9.56157e+10
2.82500e-07 1.01355e+11
2.83500e-07 8.83278e+10
2.84500e-07 6.47384e+10
2.85500e-07 3.19011e+10
2.86500e-07 9.34365e+10
2.87500e-07 1.09045e+11
2.88500e-07 1.49955e+11
2.89500e-07 1.88455e+11
2.91000e-07 4.20978e+11
2.93000e-07 3.17234e+11
2.95000e-07 2.39354e+11
2.97000e-07 2.28753e+11
2.99000e-07 2.53190e+11
3.01000e-07 2.51970e+11
3.03000e-07 3.19812e+11
3.05000e-07 3.60807e+11
3.07000e-07 5.39939e+11
3.09000e-07 4.79588e+11
3.11000e-07 9.29859e+11
3.13000e-07 7.82655e+11
3.15000e-07 1.16825e+12
3.17000e-07 1.53487e+12
3.19000e-07 1.10482e+12
3.21000e-07 1.18988e+12
3.23000e-07 1.07095e+12
3.25000e-07 2.09767e+12
3.27000e-07 2.83165e+12
3.29000e-07 3.15439e+12
3.31000e-07 2.44591e+12
3.33000e-07 2.62783e+12
3.35000e-07 2.43021e+12
3.37000e-07 1.26826e+12
3.39000e-07 1.58227e+12
3.41000e-07 1.66054e+12
3.43000e-07 1.93721e+12
3.45000e-07 1.91741e+12
3.47000e-07 1.88351e+12
3.49000e-07 2.74733e+12
3.51000e-07 3.63701e+12
3.53000e-07 3.16630e+12
3.55000e-07 4.25412e+12
3.57000e-07 1.72316e+12
3.59000e-07 1.75584e+12
3.61000e-07 2.80534e+12
3.63000e-07 3.40481e+12
3.64000e-07 3.90845e+12
3.65000e-07 5.01704e+12
3.67000e-07 6.15461e+12
3.69000e-07 4.31206e+12
3.71000e-07 3.59484e+12
3.73000e-07 1.52174e+12
3.75000e-07 1.89827e+12
3.77000e-07 4.35153e+12
3.79000e-07 4.77808e+12
3.81000e-07 3.90119e+12
3.83000e-07 1.56603e+12
3.85000e-07 2.77163e+12
3.87000e-07 2.51425e+12
3.89000e-07 3.26537e+12
3.91000e-07 5.05310e+12
3.93000e-07 1.92603e+12
3.95000e-07 4.29670e+12
3.97000e-07 2.84755e+12
3.99000e-07 8.73314e+12
4.01000e-07 1.02363e+13
4.03000e-07 9.04312e+12
4.05000e-07 8.66049e+12
4.07000e-07 7.41980e+12
4.09000e-07 1.19689e+13
4.11000e-07 9.31182e+12
4.13000e-07 9.42483e+12
4.15000e-07 8.72173e+12
4.17000e-07 9.27912e+12
4.19000e-07 9.13431e+12
4.21000e-07 8.56800e+12
4.23000e-07 6.11114e+12
4.25000e-07 8.66923e+12
4.27000e-07 7.99562e+12
4.29000e-07 7.90221e+12
4.31000e-07 7.54085e+12
4.33000e-07 1.19438e+13
4.35000e-07 1.30713e+13
4.37000e-07 1.38975e+13
4.39000e-07 1.11077e+13
4.41000e-07 1.15878e+13
4.43000e-07 1.32038e+13
4.45000e-07 1.36770e+13
4.47000e-07 1.54909e+13
4.49000e-07 1.60938e+13
4.51000e-07 1.96921e+13
4.53000e-07 1.56935e+13
4.55000e-07 1.75941e+13
4.57000e-07 1.92903e+13
4.59000e-07 1.81909e+13
4.61000e-07 1.86858e+13
4.63000e-07 1.85844e+13
4.65000e-07 1.82350e+13
4.67000e-07 1.99568e+13
4.69000e-07 1.92543e+13
4.71000e-07 1.82115e+13
4.73000e-07 1.84215e+13
4.75000e-07 1.83085e+13
4.77000e-07 1.72595e+13
4.79000e-07 1.80253e+13
4.81000e-07 1.97239e+13
4.83000e-07 1.99662e+13
4.85000e-07 1.98419e+13
4.87000e-07 1.78542e+13
4.89000e-07 1.89908e+13
4.91000e-07 1.90708e+13
4.93000e-07 1.76888e+13
4.95000e-07 1.83088e+13
4.97000e-07 1.78597e+13
4.99000e-07 1.59013e+13
5.01000e-07 1.41784e+13
5.03000e-07 1.54409e+13
5.05000e-07 1.43897e+13
5.07000e-07 1.42921e+13
5.09000e-07 1.35117e+13
5.11000e-07 1.37079e+13
5.13000e-07 1.29982e+13
5.15000e-07 1.20625e+13
5.17000e-07 1.07999e+13
5.19000e-07 1.18736e+13
5.21000e-07 1.43078e+13
5.23000e-07 1.86816e+13
5.25000e-07 2.07470e+13
5.27000e-07 1.62016e+13
5.29000e-07 2.08262e+13
5.31000e-07 2.29129e+13
5.33000e-07 1.87179e+13
5.35000e-07 2.13883e+13
5.37000e-07 2.07106e+13
5.39000e-07 2.02966e+13
5.41000e-07 1.97851e+13
5.43000e-07 1.98313e+13
5.45000e-07 2.04914e+13
5.47000e-07 2.13466e+13
5.49000e-07 2.18988e+13
5.51000e-07 2.12040e+13
5.53000e-07 2.24492e+13
5.55000e-07 2.28026e+13
5.57000e-07 2.19615e+13
5.59000e-07 2.09186e+13
5.61000e-07 2.25078e+13
5.63000e-07 2.28616e+13
5.65000e-07 2.34116e+13
5.67000e-07 2.26702e+13
5.69000e-07 2.31046e+13
5.71000e-07 2.20267e+13
5.73000e-07 2.41279e+13
5.75000e-07 2.36037e+13
5.77000e-07 2.38613e+13
5.79000e-07 2.26280e+13
5.81000e-07 2.38363e+13
5.83000e-07 2.45875e+13
5.85000e-07 2.36986e+13
5.87000e-07 2.38796e+13
5.89000e-07 2.07466e+13
5.91000e-07 2.37128e+13
5.93000e-07 2.37202e+13
5.95000e-07 2.37515e+13
5.97000e-07 2.41433e+13
5.99000e-07 2.38154e+13
6.01000e-07 2.34048e+13
6.03000e-07 2.39491e+13
6.05000e-07 2.43047e+13
6.07000e-07 2.40435e+13
6.09000e-07 2.32470e+13
6.11000e-07 2.33241e+13
6.13000e-07 2.17044e+13
6.15000e-07 2.29729e+13
6.17000e-07 2.09894e+13
6.19000e-07 2.33937e+13
6.21000e-07 2.31739e+13
6.23000e-07 2.25429e+13
6.25000e-07 2.17932e+13
6.27000e-07 2.26970e+13
6.29000e-07 2.31500e+13
6.31000e-07 2.24187e+13
6.33000e-07 2.27455e+13
6.35000e-07 2.29360e+13
6.37000e-07 2.28739e+13
6.39000e-07 2.32808e+13
6.41000e-07 2.26645e+13
6.43000e-07 2.28362e+13
6.45000e-07 2.24259e+13
6.47000e-07 2.22128e+13
6.49000e-07 2.19052e+13
6.51000e-07 2.28313e+13
6.53000e-07 2.31785e+13
6.55000e-07 2.26772e+13
6.56125e-07 2.21003e+13
6.59000e-07 2.27185e+13
6.61000e-07 2.30045e+13
6.63000e-07 2.29131e+13
6.65000e-07 2.29016e+13
6.67000e-07 2.24748e+13
6.69000e-07 2.29416e+13
6.71000e-07 2.21123e+13
6.73000e-07 2.28968e+13
6.75000e-07 2.24471e+13
6.77000e-07 2.26739e+13
6.79000e-07 2.23681e+13
6.81000e-07 2.24213e+13
6.83000e-07 2.26892e+13
6.85000e-07 2.20607e+13
6.87000e-07 2.22908e+13
6.89000e-07 2.24235e+13
6.91000e-07 2.23215e+13
6.93000e-07 2.21724e+13
6.95000e-07 2.21051e+13
6.97000e-07 2.22971e+13
6.99000e-07 2.19453e+13
7.01000e-07 2.16846e+13
7.03000e-07 2.19783e+13
7.05000e-07 2.20911e+13
7.07000e-07 2.17198e+13
7.09000e-07 2.15502e+13
7.11000e-07 2.15633e+13
7.13000e-07 2.11742e+13
7.15000e-07 2.07722e+13
7.17000e-07 2.12830e+13
7.19000e-07 2.05986e+13
7.21000e-07 2.07954e+13
7.23000e-07 2.13745e+13
7.25000e-07 2.11922e+13
7.27000e-07 2.13253e+13
7.29000e-07 2.09872e+13
7.31000e-07 2.11468e+13
7.33000e-07 2.09131e+13
7.35000e-07 2.09187e+13
7.37000e-07 2.12270e+13
7.39000e-07 2.08363e+13
7.41000e-07 2.04715e+13
7.43000e-07 2.09026e+13
7.45000e-07 2.07905e+13
7.47000e-07 2.09555e+13
7.49000e-07 2.08074e+13
7.51000e-07 2.09212e+13
7.53000e-07 2.10275e+13
7.55000e-07 2.10880e+13
7.57000e-07 2.09235e+13
7.59000e-07 2.07526e+13
7.61000e-07 2.07184e+13
7.63000e-07 2.07899e+13
7.65000e-07 2.07631e+13
7.67000e-07 1.97891e+13
7.69000e-07 2.06330e+13
7.71000e-07 2.00685e+13
7.73000e-07 2.03576e+13
7.75000e-07 2.00726e+13
7.77000e-07 2.05473e+13
7.79000e-07 2.04164e+13
7.81000e-07 2.03484e+13
7.83000e-07 2.00541e+13
7.85000e-07 2.00028e+13
7.87000e-07 2.03271e+13
7.89000e-07 2.01479e+13
7.91000e-07 1.98143e+13
7.93000e-07 1.96414e+13
7.95000e-07 1.93693e+13
7.97000e-07 1.99418e+13
7.99000e-07 1.98515e+13
8.01000e-07 1.96550e+13
8.03000e-07 1.96256e+13
8.05000e-07 1.94956e+13
8.07000e-07 1.95194e+13
8.09000e-07 1.92463e+13
8.11000e-07 1.93972e+13
8.13000e-07 1.95459e+13
8.15000e-07 1.94699e+13
8.17000e-07 1.94120e+13
8.19000e-07 1.83995e+13
8.21000e-07 1.88846e+13
8.23000e-07 1.89714e+13
8.25000e-07 1.90450e+13
8.27000e-07 1.92802e+13
8.29000e-07 1.91418e+13
8.31000e-07 1.87345e+13
8.33000e-07 1.84437e+13
8.35000e-07 1.86332e+13
8.37000e-07 1.86841e+13
8.39000e-07 1.77693e+13
8.41000e-07 1.86421e+13
8.43000e-07 1.79536e+13
8.45000e-07 1.84190e+13
8.47000e-07 1.82502e+13
8.49000e-07 1.84231e+13
8.51000e-07 1.76224e+13
8.53000e-07 1.83993e+13
8.55000e-07 1.73769e+13
8.57000e-07 1.84721e+13
8.59000e-07 1.81559e+13
8.61000e-07 1.80727e+13
8.63000e-07 1.81893e+13
8.65000e-07 1.83379e+13
8.67000e-07 1.69163e+13
8.69000e-07 1.73533e+13
8.71000e-07 1.79153e+13
8.73000e-07 1.79154e+13
8.75000e-07 1.78232e+13
8.77000e-07 1.78209e+13
8.79000e-07 1.78033e+13
8.81000e-07 1.70692e+13
8.83000e-07 1.74346e+13
8.85000e-07 1.76628e+13
8.87000e-07 1.74419e+13
8.89000e-07 1.77516e+13
8.91000e-07 1.77773e+13
8.93000e-07 1.74162e+13
8.95000e-07 1.72844e+13
8.97000e-07 1.73661e+13
8.99000e-07 1.74213e+13
9.01000e-07 1.66521e+13
9.03000e-07 1.71610e+13
9.05000e-07 1.74864e+13
9.07000e-07 1.73645e+13
9.09000e-07 1.67597e+13
9.11000e-07 1.68760e+13
9.13000e-07 1.71198e+13
9.15000e-07 1.70622e+13
9.17000e-07 1.70232e+13
9.19000e-07 1.71660e+13
9.21000e-07 1.68237e+13
9.23000e-07 1.69622e+13
9.25000e-07 1.66895e+13
9.27000e-07 1.67224e+13
9.29000e-07 1.66225e+13
9.31000e-07 1.68119e+13
9.33000e-07 1.67183e+13
9.35000e-07 1.66145e+13
9.37000e-07 1.63660e+13
9.39000e-07 1.65741e+13
9.41000e-07 1.61315e+13
9.43000e-07 1.64982e+13
9.45000e-07 1.60813e+13
9.47000e-07 1.63999e+13
9.49000e-07 1.64254e+13
9.51000e-07 1.63034e+13
9.53000e-07 1.62355e+13
9.55000e-07 1.59400e+13
9.57000e-07 1.59405e+13
9.59000e-07 1.62030e+13
9.61000e-07 1.59214e+13
9.63000e-07 1.59716e+13
9.65000e-07 1.55009e+13
9.67000e-07 1.55283e+13
9.69000e-07 1.58053e+13
9.71000e-07 1.56296e+13
9.73000e-07 1.54671e+13
9.75000e-07 1.54556e+13
9.77000e-07 1.55140e+13
9.79000e-07 1.51751e+13
9.81000e-07 1.56269e+13
9.83000e-07 1.54585e+13
9.85000e-07 1.55946e+13
9.87000e-07 1.54479e+13
9.89000e-07 1.54244e+13
9.91000e-07 1.53898e+13
9.93000e-07 1.53863e+13
9.95000e-07 1.53535e+13
9.97000e-07 1.53310e+13
9.99000e-07 1.52730e+13
1.00250e-06 1.51508e+13
1.00750e-06 1.49979e+13
1.01250e-06 1.49662e+13
1.01750e-06 1.47831e+13
1.02250e-06 1.47117e+13
1.02750e-06 1.46845e+13
1.03250e-06 1.44217e+13
1.03750e-06 1.43219e+13
1.04250e-06 1.43606e+13
1.04750e-06 1.41754e+13
1.05250e-06 1.41727e+13
1.05750e-06 1.39719e+13
1.06250e-06 1.39115e+13
1.06750e-06 1.36982e+13
1.07250e-06 1.36703e+13
1.07750e-06 1.35132e+13
1.08250e-06 1.32652e+13
1.08750e-06 1.32968e+13
1.09250e-06 1.33660e+13
1.09750e-06 1.31634e+13
1.10250e-06 1.31795e+13
1.10750e-06 1.31575e+13
1.11250e-06 1.30431e+13
1.11750e-06 1.28899e+13
1.12250e-06 1.28811e+13
1.12750e-06 1.26015e+13
1.13250e-06 1.26182e+13
1.13750e-06 1.24508e+13
1.14250e-06 1.22629e+13
1.14750e-06 1.24456e+13
1.15250e-06 1.24186e+13
1.15750e-06 1.22447e+13
1.16250e-06 1.20150e+13
1.16750e-06 1.20416e+13
1.17250e-06 1.21175e+13
1.17750e-06 1.18553e+13
1.18250e-06 1.17324e+13
1.18750e-06 1.16106e+13
1.19250e-06 1.18273e+13
1.19750e-06 1.13431e+13
1.20250e-06 1.15749e+13
1.20750e-06 1.14276e+13
1.21250e-06 1.14801e+13
1.21750e-06 1.14866e+13
1.22250e-06 1.14037e+13
1.22750e-06 1.12995e+13
1.23250e-06 1.12388e+13
1.23750e-06 1.12000e+13
1.24250e-06 1.10722e+13
1.24750e-06 1.10827e+13
1.25250e-06 1.09454e+13
1.25750e-06 1.09478e+13
1.26250e-06 1.08648e+13
1.26750e-06 1.07476e+13
1.27250e-06 1.07615e+13
1.27750e-06 1.07481e+13
1.28250e-06 1.03962e+13
1.28750e-06 1.05175e+13
1.29250e-06 1.03844e+13
1.29750e-06 1.04922e+13
1.30250e-06 1.03688e+13
1.30750e-06 1.03958e+13
1.31250e-06 1.00812e+13
1.31750e-06 1.01093e+13
1.32250e-06 1.02034e+13
1.32750e-06 1.00294e+13
1.33250e-06 1.00542e+13
1.33750e-06 1.00143e+13
1.34250e-06 1.00465e+13
1.34750e-06 9.97909e+12
1.35250e-06 9.93737e+12
1.35750e-06 9.78478e+12
1.36250e-06 9.72202e+12
1.36750e-06 9.76085e+12
1.37250e-06 9.77326e+12
1.37750e-06 9.69311e+12
1.38250e-06 9.68147e+12
1.38750e-06 9.56896e+12
1.39250e-06 9.61596e+12
1.39750e-06 9.58084e+12
1.40250e-06 9.42474e+12
1.40750e-06 9.50148e+12
1.41250e-06 9.38033e+12
1.41750e-06 9.44739e+12
1.42250e-06 9.28055e+12
1.42750e-06 9.05444e+12
1.43250e-06 9.27774e+12
1.43750e-06 9.29244e+12
1.44250e-06 9.03205e+12
1.44750e-06 9.20458e+12
1.45250e-06 9.04829e+12
1.45700e-06 9.05886e+12
1.46200e-06 9.09676e+12
1.46750e-06 9.06141e+12
1.47250e-06 8.90529e+12
1.47750e-06 8.91363e+12
1.48250e-06 8.90983e+12
1.48750e-06 8.66155e+12
1.49250e-06 8.94609e+12
1.49750e-06 8.81421e+12
1.50250e-06 8.27052e+12
1.50750e-06 8.49210e+12
1.51250e-06 8.75585e+12
1.51750e-06 8.72688e+12
1.52250e-06 8.65974e+12
1.52750e-06 8.70147e+12
1.53250e-06 8.63612e+12
1.53750e-06 8.66371e+12
1.54250e-06 8.67461e+12
1.54750e-06 8.62132e+12
1.55250e-06 8.48429e+12
1.55750e-06 8.43984e+12
1.56250e-06 8.51013e+12
1.56750e-06 8.31885e+12
1.57250e-06 8.37177e+12
1.57750e-06 7.95666e+12
1.58250e-06 8.20176e+12
1.58750e-06 7.97946e+12
1.59250e-06 8.12820e+12
1.59750e-06 8.15740e+12
1.60500e-06 8.14979e+12
1.61500e-06 8.01971e+12
1.62500e-06 7.97053e+12
1.63500e-06 7.87460e+12
1.64500e-06 7.73126e+12
1.65500e-06 7.64966e+12
1.66500e-06 7.50016e+12
1.67500e-06 7.26250e+12
1.68500e-06 7.15904e+12
1.69500e-06 7.11559e+12
1.70500e-06 6.87777e+12
1.71500e-06 6.74976e+12
1.72500e-06 6.60108e+12
1.73500e-06 6.46651e+12
1.74500e-06 6.36762e+12
1.75500e-06 6.26236e+12
1.76500e-06 6.15883e+12
1.77500e-06 6.01083e+12
1.78500e-06 5.94083e+12
1.79500e-06 5.81215e+12
1.80500e-06 5.67959e+12
1.81500e-06 5.56949e+12
1.82500e-06 5.46021e+12
1.83500e-06 5.35219e+12
1.84500e-06 5.19993e+12
1.85500e-06 5.16854e+12
1.86500e-06 5.01416e+12
1.87500e-06 4.87112e+12
1.88500e-06 4.86644e+12
1.89500e-06 4.65963e+12
1.90500e-06 4.70386e+12
1.91500e-06 4.60134e+12
1.92500e-06 4.52875e+12
1.93500e-06 4.38144e+12
1.94500e-06 4.27247e+12
1.95500e-06 4.26475e+12
1.96500e-06 4.19902e+12
1.97500e-06 4.06717e+12
1.98500e-06 4.01281e+12
1.99500e-06 3.96520e+12
2.00500e-06 3.94974e+12
2.01500e-06 3.89143e+12
2.02500e-06 3.77867e+12
2.03500e-06 3.71288e+12
2.04500e-06 3.68846e+12
2.05500e-06 3.61661e+12
2.06500e-06 3.53290e+12
2.07500e-06 3.48677e+12
2.08500e-06 3.42758e+12
2.09500e-06 3.33742e+12
2.10500e-06 3.31667e+12
2.11500e-06 3.24984e+12
2.12500e-06 3.20097e+12
2.13500e-06 3.16031e+12
2.14500e-06 3.10611e+12
2.15500e-06 3.05634e+12
2.16500e-06 2.98292e+12
2.17500e-06 2.93556e+12
2.18500e-06 2.89621e+12
2.19500e-06 2.85486e+12
2.20500e-06 2.76107e+12
2.21500e-06 2.77106e+12
2.22500e-06 2.69484e+12
2.23500e-06 2.66158e+12
2.24500e-06 2.62357e+12
2.25500e-06 2.59220e+12
2.26500e-06 2.52626e+12
2.27500e-06 2.51436e+12
2.28500e-06 2.45322e+12
2.29500e-06 2.23741e+12
2.30500e-06 2.30703e+12
2.31500e-06 2.28517e+12
2.32500e-06 2.07084e+12
2.33500e-06 2.13889e+12
2.34500e-06 2.16199e+12
2.35500e-06 1.95116e+12
2.36500e-06 2.04671e+12
2.37500e-06 2.04407e+12
2.38500e-06 1.86291e+12
2.39500e-06 1.93500e+12
2.40500e-06 1.94357e+12
2.41500e-06 1.80213e+12
2.42500e-06 1.84220e+12
2.43500e-06 1.84870e+12
2.44500e-06 1.76183e+12
2.45500e-06 1.73694e+12
2.46500e-06 1.77651e+12
2.47500e-06 1.71772e+12
2.48500e-06 1.65414e+12
2.49500e-06 1.68436e+12
2.50500e-06 1.69273e+12
2.51500e-06 1.60592e+12
2.52500e-06 1.62785e+12
2.53500e-06 1.61597e+12
2.54500e-06 1.57555e+12
2.55500e-06 1.55857e+12
2.56500e-06 1.54604e+12
2.57500e-06 1.54132e+12
2.58500e-06 1.48314e+12
2.59500e-06 1.48745e+12
2.60500e-06 1.47899e+12
2.61500e-06 1.45768e+12
2.62500e-06 1.42379e+12
2.63500e-06 1.41773e+12
2.64500e-06 1.39868e+12
2.65500e-06 1.38292e+12
2.66500e-06 1.34981e+12
2.67500e-06 1.36238e+12
2.68500e-06 1.34373e+12
2.69500e-06 1.32055e+12
2.70500e-06 1.30885e+12
2.71500e-06 1.29294e+12
2.72500e-06 1.27692e+12
2.73500e-06 1.25944e+12
2.74500e-06 1.24783e+12
2.75500e-06 1.23328e+12
2.76500e-06 1.21270e+12
2.77500e-06 1.19605e+12
2.78500e-06 1.18412e+12
2.79500e-06 1.17306e+12
2.80500e-06 1.15662e+12
2.81500e-06 1.14081e+12
2.82500e-06 1.12722e+12
2.83500e-06 1.11586e+12
2.84500e-06 1.09891e+12
2.85500e-06 1.08568e+12
2.86500e-06 1.07215e+12
2.87500e-06 1.05987e+12
2.88500e-06 1.04606e+12
2.89500e-06 1.03323e+12
2.90500e-06 1.01952e+12
2.91500e-06 1.00771e+12
2.92500e-06 9.85856e+11
2.93500e-06 9.81599e+11
2.94500e-06 9.68472e+11
2.95500e-06 9.57657e+11
2.96500e-06 9.47223e+11
2.97500e-06 9.35971e+11
2.98500e-06 9.23072e+11
2.99500e-06 9.10618e+11
3.00500e-06 8.99937e+11
3.01500e-06 8.90537e+11
3.02500e-06 8.77619e+11
3.03500e-06 8.66528e+11
3.04500e-06 8.58327e+11
3.05500e-06 8.46904e+11
3.06500e-06 8.35733e+11
3.07500e-06 8.27477e+11
3.08500e-06 8.14125e+11
3.09500e-06 8.06513e+11
3.10500e-06 7.98240e+11
3.11500e-06 7.82368e+11
3.12500e-06 7.78835e+11
3.13500e-06 7.69888e+11
3.14500e-06 7.60734e+11
3.15500e-06 7.49826e+11
3.16500e-06 7.40770e+11
3.17500e-06 7.34093e+11
3.18500e-06 7.25442e+11
3.19500e-06 7.17513e+11
3.21000e-06 7.04206e+11
3.23000e-06 6.87568e+11
3.25000e-06 6.71748e+11
3.27000e-06 6.55982e+11
3.29000e-06 6.40791e+11
3.31000e-06 6.26090e+11
3.33000e-06 6.10846e+11
3.35000e-06 5.99278e+11
3.37000e-06 5.85352e+11
3.39000e-06 5.71090e+11
3.41000e-06 5.57931e+11
3.43000e-06 5.47761e+11
3.45000e-06 5.36491e+11
3.47000e-06 5.24411e+11
3.49000e-06 5.13252e+11
3.51000e-06 5.02711e+11
3.53000e-06 4.91105e+11
3.55000e-06 4.81342e+11
3.57000e-06 4.70762e+11
3.59000e-06 4.60766e+11
3.61000e-06 4.51859e+11
3.63000e-06 4.42434e+11
3.65000e-06 4.32367e+11
3.67000e-06 4.22884e+11
3.69000e-06 4.12917e+11
3.71000e-06 4.04098e+11
3.73000e-06 3.97773e+11
3.75000e-06 3.88076e+11
3.77000e-06 3.81955e+11
3.79000e-06 3.74079e+11
3.81000e-06 3.67203e+11
3.83000e-06 3.60528e+11
3.85000e-06 3.53589e+11
3.87000e-06 3.45039e+11
3.89000e-06 3.39334e+11
3.91000e-06 3.33309e+11
3.93000e-06 3.26876e+11
3.95000e-06 3.19300e+11
3.97000e-06 3.13892e+11
3.99000e-06 3.06257e+11
4.01000e-06 3.01734e+11
4.03000e-06 2.96798e+11
4.05000e-06 2.90314e+11
4.07000e-06 2.85466e+11
4.09000e-06 2.80429e+11
4.11000e-06 2.75231e+11
4.13000e-06 2.70518e+11
4.15000e-06 2.65248e+11
4.17000e-06 2.60457e+11
4.19000e-06 2.54822e+11
4.21000e-06 2.49558e+11
4.23000e-06 2.46930e+11
4.25000e-06 2.41817e+11
4.27000e-06 2.38090e+11
4.29000e-06 2.24207e+11
4.31000e-06 2.11504e+11
4.33000e-06 2.11644e+11
4.35000e-06 1.99669e+11
4.37000e-06 1.92996e+11
4.39000e-06 1.89191e+11
4.41000e-06 1.79252e+11
4.43000e-06 1.76368e+11
4.45000e-06 1.73500e+11
4.47000e-06 1.65260e+11
4.49000e-06 1.66110e+11
4.51000e-06 1.60939e+11
4.53000e-06 1.55718e+11
4.55000e-06 1.55796e+11
4.57000e-06 1.54798e+11
4.59000e-06 1.48336e+11
4.61000e-06 1.49553e+11
4.63000e-06 1.46734e+11
4.65000e-06 1.45997e+11
4.67000e-06 1.45333e+11
4.69000e-06 1.42777e+11
4.71000e-06 1.39896e+11
4.73000e-06 1.41029e+11
4.75000e-06 1.37274e+11
4.77000e-06 1.35510e+11
4.79000e-06 1.34352e+11
4.81000e-06 1.30455e+11
4.83000e-06 1.31794e+11
4.85000e-06 1.29319e+11
4.87000e-06 1.26186e+11
4.89000e-06 1.24496e+11
4.91000e-06 1.23279e+11
4.93000e-06 1.21008e+11
4.95000e-06 1.18852e+11
4.97000e-06 1.18079e+11
4.99000e-06 1.16243e+11
5.01000e-06 1.14959e+11
5.03000e-06 1.13550e+11
5.05000e-06 1.10701e+11
5.07000e-06 1.10033e+11
5.09000e-06 1.08845e+11
5.11000e-06 1.06398e+11
5.13000e-06 1.06327e+11
5.15000e-06 1.04002e+11
5.17000e-06 1.03906e+11
5.19000e-06 1.01599e+11
5.21000e-06 1.00769e+11
5.23000e-06 9.87852e+10
5.25000e-06 9.83183e+10
5.27000e-06 9.77484e+10
5.29000e-06 9.51031e+10
5.31000e-06 9.42210e+10
5.33000e-06 9.33747e+10
5.35000e-06 9.22948e+10
5.37000e-06 9.13395e+10
5.39000e-06 9.03232e+10
5.41000e-06 8.91765e+10
5.43000e-06 8.72392e+10
5.45000e-06 8.70567e+10
5.47000e-06 8.58245e+10
5.49000e-06 8.46591e+10
5.51000e-06 8.37379e+10
5.53000e-06 8.38626e+10
5.55000e-06 8.14344e+10
5.57000e-06 8.14833e+10
5.59000e-06 8.00019e+10
5.61000e-06 7.91955e+10
5.63000e-06 7.78684e+10
5.65000e-06 7.74892e+10
5.67000e-06 7.65803e+10
5.69000e-06 7.51434e+10
5.71000e-06 7.48733e+10
5.73000e-06 7.38225e+10
5.75000e-06 7.30091e+10
5.77000e-06 7.19448e+10
5.79000e-06 7.14846e+10
5.81000e-06 7.02512e+10
5.83000e-06 6.95018e+10
5.85000e-06 6.87852e+10
5.87000e-06 6.76667e+10
5.89000e-06 6.69006e+10
5.91000e-06 6.62954e+10
5.93000e-06 6.54922e+10
5.95000e-06 6.46154e+10
5.97000e-06 6.40447e+10
5.99000e-06 6.32523e+10
6.01000e-06 6.25004e+10
6.03000e-06 6.17394e+10
6.05000e-06 6.08285e+10
6.07000e-06 6.01206e+10
6.09000e-06 5.94267e+10
6.11000e-06 5.85993e+10
6.13000e-06 5.80401e+10
6.15000e-06 5.73923e+10
6.17000e-06 5.67477e+10
6.19000e-06 5.61073e+10
6.21000e-06 5.54837e+10
6.23000e-06 5.47145e+10
6.25000e-06 5.39926e+10
6.27000e-06 5.33268e+10
6.29000e-06 5.28130e+10
6.31000e-06 5.21352e+10
6.33000e-06 5.16747e+10
6.35000e-06 5.09750e+10
6.37000e-06 5.04828e+10
6.39000e-06 4.98028e+10
6.42000e-06 4.89674e+10
6.46000e-06 4.78004e+10
6.50000e-06 4.67003e+10
6.54000e-06 4.56464e+10
6.58000e-06 4.46223e+10
6.62000e-06 4.35810e+10
6.66000e-06 4.25945e+10
6.70000e-06 4.16283e+10
6.74000e-06 4.06680e+10
6.78000e-06 3.97601e+10
6.82000e-06 3.88585e+10
6.86000e-06 3.80072e+10
6.90000e-06 3.71579e+10
6.94000e-06 3.63319e+10
6.98000e-06 3.55393e+10
7.02000e-06 3.47334e+10
7.06000e-06 3.39932e+10
7.10000e-06 3.32578e+10
7.14000e-06 3.25418e+10
7.18000e-06 3.18354e+10
7.22000e-06 3.11605e+10
7.26000e-06 3.04943e+10
7.30000e-06 2.98500e+10
7.34000e-06 2.92102e+10
7.38000e-06 2.86046e+10
7.42000e-06 2.79802e+10
7.46000e-06 2.74000e+10
7.50000e-06 2.68426e+10
7.54000e-06 2.62763e+10
7.58000e-06 2.57709e+10
7.62000e-06 2.52454e+10
7.66000e-06 2.47346e+10
7.70000e-06 2.42298e+10
7.74000e-06 2.37499e+10
7.78000e-06 2.32772e+10
7.82000e-06 2.28136e+10
7.86000e-06 2.23625e+10
7.90000e-06 2.19223e+10
7.94000e-06 2.14940e+10
7.98000e-06 2.10762e+10
8.02000e-06 2.06539e+10
8.06000e-06 2.02580e+10
8.10000e-06 1.98764e+10
8.14000e-06 1.94911e+10
8.18000e-06 1.91286e+10
8.22000e-06 1.87673e+10
8.26000e-06 1.84126e+10
8.30000e-06 1.80671e+10
8.34000e-06 1.77220e+10
8.38000e-06 1.73890e+10
8.42000e-06 1.70770e+10
8.46000e-06 1.67606e+10
8.50000e-06 1.64552e+10
8.54000e-06 1.61562e+10
8.58000e-06 1.58647e+10
8.62000e-06 1.55779e+10
8.66000e-06 1.52987e+10
8.70000e-06 1.50234e+10
8.74000e-06 1.47570e+10
8.78000e-06 1.44938e+10
8.82000e-06 1.42343e+10
8.86000e-06 1.39852e+10
8.90000e-06 1.37366e+10
8.94000e-06 1.35027e+10
8.98000e-06 1.32593e+10
9.02000e-06 1.30382e+10
9.06000e-06 1.28146e+10
9.10000e-06 1.25821e+10
9.14000e-06 1.23771e+10
9.18000e-06 1.21644e+10
9.22000e-06 1.19638e+10
9.26000e-06 1.17614e+10
9.30000e-06 1.15641e+10
9.34000e-06 1.13703e+10
9.38000e-06 1.11810e+10
9.42000e-06 1.09958e+10
9.46000e-06 1.08130e+10
9.50000e-06 1.06353e+10
9.54000e-06 1.04614e+10
9.58000e-06 1.02913e+10
9.62000e-06 1.01237e+10
9.66000e-06 9.96009e+09
9.70000e-06 9.79964e+09
9.74000e-06 9.63314e+09
9.78000e-06 9.48557e+09
9.82000e-06 9.33657e+09
9.86000e-06 9.18851e+09
9.90000e-06 9.04368e+09
9.94000e-06 8.90050e+09
9.98000e-06 8.76160e+09
1.00200e-05 8.62462e+09
2.00000e-05 5.61328e+08
4.00000e-05 3.54338e+07
6.00000e-05 6.98490e+06
8.00000e-05 2.20058e+06
1.00000e-04 8.97070e+05
1.20000e-04 4.30598e+05
1.40000e-04 2.31401e+05
1.60000e-04 1.35078e+05
