9.09000e-09 0.00000e+00
9.35000e-09 0.00000e+00
9.61000e-09 0.00000e+00
9.77000e-09 0.00000e+00
9.96000e-09 0.00000e+00
1.02000e-08 0.00000e+00
1.03800e-08 0.00000e+00
1.05600e-08 0.00000e+00
1.07700e-08 0.00000e+00
1.10400e-08 0.00000e+00
1.14000e-08 0.00000e+00
1.17800e-08 0.00000e+00
1.21300e-08 0.00000e+00
1.24800e-08 0.00000e+00
1.27100e-08 0.00000e+00
1.28400e-08 0.00000e+00
1.30500e-08 0.00000e+00
1.32400e-08 0.00000e+00
1.33900e-08 0.00000e+00
1.36600e-08 0.00000e+00
1.39800e-08 0.00000e+00
1.43300e-08 0.00000e+00
1.47200e-08 0.00000e+00
1.51000e-08 0.00000e+00
1.55200e-08 0.00000e+00
1.58800e-08 0.00000e+00
1.62000e-08 0.00000e+00
1.66000e-08 0.00000e+00
1.70300e-08 0.00000e+00
1.73400e-08 0.00000e+00
1.76800e-08 0.00000e+00
1.80200e-08 0.00000e+00
1.81700e-08 0.00000e+00
1.86100e-08 0.00000e+00
1.91000e-08 0.00000e+00
1.93900e-08 0.00000e+00
1.98400e-08 0.00000e+00
2.01800e-08 0.00000e+00
2.05000e-08 0.00000e+00
2.10500e-08 0.00000e+00
2.16200e-08 0.00000e+00
2.19800e-08 0.00000e+00
2.23000e-08 0.00000e+00
2.26800e-08 0.00000e+00
2.30000e-08 0.00000e+00
2.34000e-08 0.00000e+00
2.40000e-08 0.00000e+00
2.46500e-08 0.00000e+00
2.52400e-08 0.00000e+00
2.56800e-08 0.00000e+00
2.60000e-08 0.00000e+00
2.64000e-08 0.00000e+00
2.68500e-08 0.00000e+00
2.73500e-08 0.00000e+00
2.78500e-08 0.00000e+00
2.84000e-08 0.00000e+00
2.90000e-08 0.00000e+00
2.96000e-08 0.00000e+00
3.01000e-08 0.00000e+00
3.08000e-08 0.00000e+00
3.18000e-08 0.00000e+00
3.28000e-08 0.00000e+00
3.38000e-08 0.00000e+00
3.48000e-08 0.00000e+00
3.57000e-08 0.00000e+00
3.66000e-08 0.00000e+00
3.75000e-08 0.00000e+00
3.85000e-08 0.00000e+00
3.95000e-08 0.00000e+00
4.05000e-08 0.00000e+00
4.14000e-08 0.00000e+00
4.22000e-08 0.00000e+00
4.30000e-08 0.00000e+00
4.41000e-08 0.00000e+00
4.51000e-08 0.00000e+00
4.60000e-08 0.00000e+00
4.70000e-08 0.00000e+00
4.80000e-08 0.00000e+00
4.90000e-08 0.00000e+00
5.00000e-08 0.00000e+00
5.06000e-08 0.00000e+00
5.12000e-08 0.00000e+00
5.20000e-08 0.00000e+00
5.30000e-08 0.00000e+00
5.40000e-08 0.00000e+00
5.50000e-08 0.00000e+00
5.60000e-08 0.00000e+00
5.70000e-08 0.00000e+00
5.80000e-08 0.00000e+00
5.90000e-08 0.00000e+00
6.00000e-08 0.00000e+00
6.10000e-08 0.00000e+00
6.20000e-08 0.00000e+00
6.30000e-08 0.00000e+00
6.40000e-08 0.00000e+00
6.50000e-08 0.00000e+00
6.58000e-08 0.00000e+00
6.65000e-08 0.00000e+00
6.75000e-08 0.00000e+00
6.85000e-08 0.00000e+00
6.95000e-08 0.00000e+00
7.05000e-08 0.00000e+00
7.16000e-08 0.00000e+00
7.26000e-08 0.00000e+00
7.35000e-08 0.00000e+00
7.45000e-08 0.00000e+00
7.55000e-08 0.00000e+00
7.65000e-08 0.00000e+00
7.75000e-08 0.00000e+00
7.85000e-08 0.00000e+00
7.95000e-08 0.00000e+00
8.05000e-08 0.00000e+00
8.15000e-08 0.00000e+00
8.25000e-08 0.00000e+00
8.35000e-08 0.00000e+00
8.45000e-08 0.00000e+00
8.55000e-08 0.00000e+00
8.65000e-08 0.00000e+00
8.75000e-08 0.00000e+00
8.85000e-08 0.00000e+00
8.95000e-08 0.00000e+00
9.05000e-08 0.00000e+00
9.15000e-08 0.00000e+00
9.25000e-08 1.50996e+03
9.35000e-08 2.14005e+03
9.45000e-08 3.01498e+03
9.55000e-08 4.39713e+03
9.65000e-08 6.12737e+03
9.75000e-08 8.40587e+03
9.85000e-08 1.15292e+04
9.95000e-08 1.56381e+04
1.00500e-07 2.16794e+04
1.01500e-07 2.91028e+04
1.02500e-07 3.75717e+04
1.03500e-07 5.16656e+04
1.04500e-07 6.82688e+04
1.05500e-07 8.94791e+04
1.06500e-07 1.16524e+05
1.07500e-07 1.51660e+05
1.08500e-07 1.96131e+05
1.09500e-07 2.51103e+05
1.10500e-07 1.15821e+06
1.11500e-07 2.21528e+06
1.12500e-07 3.29930e+06
1.13500e-07 4.71328e+06
1.14500e-07 6.18792e+06
1.15500e-07 7.01683e+06
1.16500e-07 9.45417e+06
1.17500e-07 1.18712e+07
1.18500e-07 1.24926e+07
1.19500e-07 9.05034e+06
1.20500e-07 9.63059e+06
1.21500e-07 3.51408e+06
1.22500e-07 1.27533e+07
1.23500e-07 2.77208e+07
1.24500e-07 4.69496e+07
1.25500e-07 6.11777e+07
1.26500e-07 6.32512e+07
1.27500e-07 8.22579e+07
1.28500e-07 1.00236e+08
1.29500e-07 1.20341e+08
1.30500e-07 1.23065e+08
1.31500e-07 1.57973e+08
1.32500e-07 1.71451e+08
1.33500e-07 1.91489e+08
1.34500e-07 2.23120e+08
1.35500e-07 2.51212e+08
1.36500e-07 2.73041e+08
1.37500e-07 2.93394e+08
1.38500e-07 3.19182e+08
1.39500e-07 3.58393e+08
1.40500e-07 4.20868e+08
1.41500e-07 4.67097e+08
1.42500e-07 5.25071e+08
1.43500e-07 5.99574e+08
1.44200e-07 7.48383e+08
1.44700e-07 6.95396e+08
1.45500e-07 8.08030e+08
1.46500e-07 9.63739e+08
1.47500e-07 1.07271e+09
1.48500e-07 1.16785e+09
1.49500e-07 1.47692e+09
1.50500e-07 1.73577e+09
1.51200e-07 1.44516e+09
1.51700e-07 1.73101e+09
1.52500e-07 3.23237e+09
1.53500e-07 4.64025e+09
1.54500e-07 4.19055e+09
1.55500e-07 5.97652e+09
1.56500e-07 5.66813e+09
1.57500e-07 9.09392e+09
1.58500e-07 1.07768e+10
1.59500e-07 1.24506e+10
1.60500e-07 1.32316e+10
1.61500e-07 1.45046e+10
1.62500e-07 1.55008e+10
1.63500e-07 1.83558e+10
1.64500e-07 2.41977e+10
1.65500e-07 1.60044e+10
1.66500e-07 2.71694e+10
1.67200e-07 1.98096e+10
1.67700e-07 6.54017e+10
1.68500e-07 7.03192e+10
1.69500e-07 7.94785e+10
1.70500e-07 9.08836e+10
1.71500e-07 1.24611e+11
1.72500e-07 1.44052e+11
1.73500e-07 1.96348e+11
1.74500e-07 2.35835e+11
1.75500e-07 3.64851e+11
1.76500e-07 2.74455e+11
1.77500e-07 3.52239e+11
1.78500e-07 4.54492e+11
1.79500e-07 6.93310e+11
1.80500e-07 5.68364e+11
1.81500e-07 4.75009e+11
1.82500e-07 5.92577e+11
1.83500e-07 5.88553e+11
1.84500e-07 3.66103e+11
1.85500e-07 7.10265e+11
1.86500e-07 9.52932e+11
1.87500e-07 9.48828e+11
1.88500e-07 1.00093e+12
1.89500e-07 1.33885e+12
1.90500e-07 1.23981e+12
1.91500e-07 1.38972e+12
1.92500e-07 1.09767e+12
1.93500e-07 5.61902e+11
1.94500e-07 1.64105e+12
1.95500e-07 1.71775e+12
1.96700e-07 2.27036e+12
1.97600e-07 1.84874e+12
1.98400e-07 2.50888e+12
1.99500e-07 2.76100e+12
2.00500e-07 2.47863e+12
2.01500e-07 2.70452e+12
2.02500e-07 1.95650e+12
2.03500e-07 3.09910e+12
2.04500e-07 3.63495e+12
2.05500e-07 3.42784e+12
2.06500e-07 3.25726e+12
2.07400e-07 3.73816e+12
2.07800e-07 9.46257e+12
2.08500e-07 1.24825e+13
2.09500e-07 1.12804e+13
2.10500e-07 1.04032e+13
2.11500e-07 1.21191e+13
2.12500e-07 1.02183e+13
2.13500e-07 9.52111e+12
2.14500e-07 1.30369e+13
2.15500e-07 1.29324e+13
2.16500e-07 1.05740e+13
2.17500e-07 1.09006e+13
2.18500e-07 1.46566e+13
2.19500e-07 1.42380e+13
2.20500e-07 1.36326e+13
2.21500e-07 9.77028e+12
2.22500e-07 1.19526e+13
2.23500e-07 1.66071e+13
2.24500e-07 1.56223e+13
2.25500e-07 1.10263e+13
2.26500e-07 1.01213e+13
2.27500e-07 1.12183e+13
2.28500e-07 1.63024e+13
2.29500e-07 1.28676e+13
2.30500e-07 1.66568e+13
2.31500e-07 1.34715e+13
2.32500e-07 1.03779e+13
2.33500e-07 8.35655e+12
2.34500e-07 4.82753e+12
2.35500e-07 1.19030e+13
2.36500e-07 5.65948e+12
2.37500e-07 8.25710e+12
2.38500e-07 3.98094e+12
2.39500e-07 5.48326e+12
2.40500e-07 5.46439e+12
2.41500e-07 7.12414e+12
2.42500e-07 1.42617e+13
2.43500e-07 1.41734e+13
2.44500e-07 1.74784e+13
2.45500e-07 1.88821e+13
2.46500e-07 1.59596e+13
2.47500e-07 1.37799e+13
2.48500e-07 7.47333e+12
2.49500e-07 9.77801e+12
2.50500e-07 1.69975e+13
2.51300e-07 5.40503e+12
2.51800e-07 3.77751e+12
2.52500e-07 4.61091e+12
2.53500e-07 9.08612e+12
2.54500e-07 9.87685e+12
2.55500e-07 1.89496e+13
2.56500e-07 1.36011e+13
2.57500e-07 1.78115e+13
2.58500e-07 1.55530e+13
2.59500e-07 1.34865e+13
2.60500e-07 1.12985e+13
2.61500e-07 9.82949e+12
2.62500e-07 1.46261e+13
2.63500e-07 2.60729e+13
2.64500e-07 3.62610e+13
2.65500e-07 4.75110e+13
2.66500e-07 3.04913e+13
2.67500e-07 3.57365e+13
2.68500e-07 4.03547e+13
2.69500e-07 3.01316e+13
2.70500e-07 3.62421e+13
2.71500e-07 2.64971e+13
2.72500e-07 2.27161e+13
2.73500e-07 2.83108e+13
2.74500e-07 1.38147e+13
2.75500e-07 1.96450e+13
2.76500e-07 2.61979e+13
2.77500e-07 2.79590e+13
2.78500e-07 1.51956e+13
2.79500e-07 5.98562e+12
2.80500e-07 7.52644e+12
2.81500e-07 2.44787e+13
2.82500e-07 3.87945e+13
2.83500e-07 3.82115e+13
2.84500e-07 2.87029e+13
2.85500e-07 1.51579e+13
2.86500e-07 4.09412e+13
2.87500e-07 5.07283e+13
2.88500e-07 4.33647e+13
2.89500e-07 4.99264e+13
2.91000e-07 6.40452e+13
2.93000e-07 5.62667e+13
2.95000e-07 5.43245e+13
2.97000e-07 5.83702e+13
2.99000e-07 5.89867e+13
3.01000e-07 6.24925e+13
3.03000e-07 6.29628e+13
3.05000e-07 6.58899e+13
3.07000e-07 6.68689e+13
3.09000e-07 6.62862e+13
3.11000e-07 6.94599e+13
3.13000e-07 6.81483e+13
3.15000e-07 6.46697e+13
3.17000e-07 6.84000e+13
3.19000e-07 6.13847e+13
3.21000e-07 6.90678e+13
3.23000e-07 5.84546e+13
3.25000e-07 7.38802e+13
3.27000e-07 8.35523e+13
3.29000e-07 8.03120e+13
3.31000e-07 8.04241e+13
3.33000e-07 8.08267e+13
3.35000e-07 7.98779e+13
3.37000e-07 6.67718e+13
3.39000e-07 7.43095e+13
3.41000e-07 7.44739e+13
3.43000e-07 7.54012e+13
3.45000e-07 7.92012e+13
3.47000e-07 8.08627e+13
3.49000e-07 8.53792e+13
3.51000e-07 8.80417e+13
3.53000e-07 8.30349e+13
3.55000e-07 9.38321e+13
3.57000e-07 7.69695e+13
3.59000e-07 7.38635e+13
3.61000e-07 8.16070e+13
3.63000e-07 8.17280e+13
3.64000e-07 8.30083e+13
3.65000e-07 9.26662e+13
3.67000e-07 9.24506e+13
3.69000e-07 8.68195e+13
3.71000e-07 9.22058e+13
3.73000e-07 7.90807e+13
3.75000e-07 8.70318e+13
3.77000e-07 9.82242e+13
3.79000e-07 1.03834e+14
3.81000e-07 1.08469e+14
3.83000e-07 7.31970e+13
3.85000e-07 1.02854e+14
3.87000e-07 1.02558e+14
3.89000e-07 9.81952e+13
3.91000e-07 1.11449e+14
3.93000e-07 6.09236e+13
3.95000e-07 9.64952e+13
3.97000e-07 6.79893e+13
3.99000e-07 1.23963e+14
4.01000e-07 1.30915e+14
4.03000e-07 1.33048e+14
4.05000e-07 1.29203e+14
4.07000e-07 1.26504e+14
4.09000e-07 1.34285e+14
4.11000e-07 1.25412e+14
4.13000e-07 1.35683e+14
4.15000e-07 1.38576e+14
4.17000e-07 1.38273e+14
4.19000e-07 1.34198e+14
4.21000e-07 1.33955e+14
4.23000e-07 1.28470e+14
4.25000e-07 1.30788e+14
4.27000e-07 1.25084e+14
4.29000e-07 1.17659e+14
4.31000e-07 1.01651e+14
4.33000e-07 1.28253e+14
4.35000e-07 1.20600e+14
4.37000e-07 1.38168e+14
4.39000e-07 1.29339e+14
4.41000e-07 1.34610e+14
4.43000e-07 1.38085e+14
4.45000e-07 1.36622e+14
4.47000e-07 1.41232e+14
4.49000e-07 1.40886e+14
4.51000e-07 1.51345e+14
4.53000e-07 1.39709e+14
4.55000e-07 1.42565e+14
4.57000e-07 1.49865e+14
4.59000e-07 1.42064e+14
4.61000e-07 1.44734e+14
4.63000e-07 1.42206e+14
4.65000e-07 1.43611e+14
4.67000e-07 1.46407e+14
4.69000e-07 1.43342e+14
4.71000e-07 1.38398e+14
4.73000e-07 1.44336e+14
4.75000e-07 1.45414e+14
4.77000e-07 1.45088e+14
4.79000e-07 1.44111e+14
4.81000e-07 1.42625e+14
4.83000e-07 1.43673e+14
4.85000e-07 1.32742e+14
4.87000e-07 1.16170e+14
4.89000e-07 1.36202e+14
4.91000e-07 1.36424e+14
4.93000e-07 1.34232e+14
4.95000e-07 1.38231e+14
4.97000e-07 1.39501e+14
4.99000e-07 1.31123e+14
5.01000e-07 1.26895e+14
5.03000e-07 1.32771e+14
5.05000e-07 1.32605e+14
5.07000e-07 1.36692e+14
5.09000e-07 1.32696e+14
5.11000e-07 1.34187e+14
5.13000e-07 1.31207e+14
5.15000e-07 1.27448e+14
5.17000e-07 1.20295e+14
5.19000e-07 1.20224e+14
5.21000e-07 1.26681e+14
5.23000e-07 1.27743e+14
5.25000e-07 1.30418e+14
5.27000e-07 1.18818e+14
5.29000e-07 1.28760e+14
5.31000e-07 1.31103e+14
5.33000e-07 1.21902e+14
5.35000e-07 1.28080e+14
5.37000e-07 1.27118e+14
5.39000e-07 1.25989e+14
5.41000e-07 1.22402e+14
5.43000e-07 1.25236e+14
5.45000e-07 1.26785e+14
5.47000e-07 1.24742e+14
5.49000e-07 1.25218e+14
5.51000e-07 1.24410e+14
5.53000e-07 1.24177e+14
5.55000e-07 1.24776e+14
5.57000e-07 1.21805e+14
5.59000e-07 1.20368e+14
5.61000e-07 1.22145e+14
5.63000e-07 1.22443e+14
5.65000e-07 1.22086e+14
5.67000e-07 1.19492e+14
5.69000e-07 1.20643e+14
5.71000e-07 1.18828e+14
5.73000e-07 1.23428e+14
5.75000e-07 1.20178e+14
5.77000e-07 1.20636e+14
5.79000e-07 1.18692e+14
5.81000e-07 1.19606e+14
5.83000e-07 1.20261e+14
5.85000e-07 1.18031e+14
5.87000e-07 1.17895e+14
5.89000e-07 1.13012e+14
5.91000e-07 1.16509e+14
5.93000e-07 1.15971e+14
5.95000e-07 1.15863e+14
5.97000e-07 1.15500e+14
5.99000e-07 1.14436e+14
6.01000e-07 1.12810e+14
6.03000e-07 1.12674e+14
6.05000e-07 1.13989e+14
6.07000e-07 1.13106e+14
6.09000e-07 1.11146e+14
6.11000e-07 1.10076e+14
6.13000e-07 1.06712e+14
6.15000e-07 1.07314e+14
6.17000e-07 1.05254e+14
6.19000e-07 1.08596e+14
6.21000e-07 1.08347e+14
6.23000e-07 1.06197e+14
6.25000e-07 1.03155e+14
6.27000e-07 1.06667e+14
6.29000e-07 1.06409e+14
6.31000e-07 1.03777e+14
6.33000e-07 1.04034e+14
6.35000e-07 1.03856e+14
6.37000e-07 1.03242e+14
6.39000e-07 1.03399e+14
6.41000e-07 1.00903e+14
6.43000e-07 1.01488e+14
6.45000e-07 1.00561e+14
6.47000e-07 9.99313e+13
6.49000e-07 9.85829e+13
6.51000e-07 9.95515e+13
6.53000e-07 9.86069e+13
6.55000e-07 9.23682e+13
6.56125e-07 7.81889e+13
6.59000e-07 9.53101e+13
6.61000e-07 9.75969e+13
6.63000e-07 9.71203e+13
6.65000e-07 9.67670e+13
6.67000e-07 9.56880e+13
6.69000e-07 9.64551e+13
6.71000e-07 9.49104e+13
6.73000e-07 9.52288e+13
6.75000e-07 9.42684e+13
6.77000e-07 9.40904e+13
6.79000e-07 9.34225e+13
6.81000e-07 9.27852e+13
6.83000e-07 9.26868e+13
6.85000e-07 9.10785e+13
6.87000e-07 9.15308e+13
6.89000e-07 9.13414e+13
6.91000e-07 9.05451e+13
6.93000e-07 9.02194e+13
6.95000e-07 8.97477e+13
6.97000e-07 8.93109e+13
6.99000e-07 8.89779e+13
7.01000e-07 8.68073e+13
7.03000e-07 8.74804e+13
7.05000e-07 8.74244e+13
7.07000e-07 8.67119e+13
7.09000e-07 8.61259e+13
7.11000e-07 8.56421e+13
7.13000e-07 8.48140e+13
7.15000e-07 8.42960e+13
7.17000e-07 8.38117e+13
7.19000e-07 8.22456e+13
7.21000e-07 8.29713e+13
7.23000e-07 8.26498e+13
7.25000e-07 8.26818e+13
7.27000e-07 8.22988e+13
7.29000e-07 8.04372e+13
7.31000e-07 8.10340e+13
7.33000e-07 8.07046e+13
7.35000e-07 8.06425e+13
7.37000e-07 8.03788e+13
7.39000e-07 7.86544e+13
7.41000e-07 7.69542e+13
7.43000e-07 7.80554e+13
7.45000e-07 7.79763e+13
7.47000e-07 7.80994e+13
7.49000e-07 7.73203e+13
7.51000e-07 7.70559e+13
7.53000e-07 7.69063e+13
7.55000e-07 7.68430e+13
7.57000e-07 7.60825e+13
7.59000e-07 7.56690e+13
7.61000e-07 7.51677e+13
7.63000e-07 7.50718e+13
7.65000e-07 7.46605e+13
7.67000e-07 7.29653e+13
7.69000e-07 7.38094e+13
7.71000e-07 7.28883e+13
7.73000e-07 7.29529e+13
7.75000e-07 7.19559e+13
7.77000e-07 7.19104e+13
7.79000e-07 7.22494e+13
7.81000e-07 7.16884e+13
7.83000e-07 7.08863e+13
7.85000e-07 7.04155e+13
7.87000e-07 7.07880e+13
7.89000e-07 7.04175e+13
7.91000e-07 6.96403e+13
7.93000e-07 6.84568e+13
7.95000e-07 6.84049e+13
7.97000e-07 6.89457e+13
7.99000e-07 6.87131e+13
8.01000e-07 6.77538e+13
8.03000e-07 6.75278e+13
8.05000e-07 6.69659e+13
8.07000e-07 6.71666e+13
8.09000e-07 6.61442e+13
8.11000e-07 6.64770e+13
8.13000e-07 6.63498e+13
8.15000e-07 6.58715e+13
8.17000e-07 6.55155e+13
8.19000e-07 6.37581e+13
8.21000e-07 6.38558e+13
8.23000e-07 6.34569e+13
8.25000e-07 6.35592e+13
8.27000e-07 6.39241e+13
8.29000e-07 6.35119e+13
8.31000e-07 6.25083e+13
8.33000e-07 6.17524e+13
8.35000e-07 6.20891e+13
8.37000e-07 6.20509e+13
8.39000e-07 6.10811e+13
8.41000e-07 6.14141e+13
8.43000e-07 6.04339e+13
8.45000e-07 6.01904e+13
8.47000e-07 5.97279e+13
8.49000e-07 5.96820e+13
8.51000e-07 5.72690e+13
8.53000e-07 5.94498e+13
8.55000e-07 5.57604e+13
8.57000e-07 5.93834e+13
8.59000e-07 5.78002e+13
8.61000e-07 5.74354e+13
8.63000e-07 5.83228e+13
8.65000e-07 5.78571e+13
8.67000e-07 5.32202e+13
8.69000e-07 5.62481e+13
8.71000e-07 5.68442e+13
8.73000e-07 5.64456e+13
8.75000e-07 5.41950e+13
8.77000e-07 5.60201e+13
8.79000e-07 5.58386e+13
8.81000e-07 5.48621e+13
8.83000e-07 5.50681e+13
8.85000e-07 5.43769e+13
8.87000e-07 5.20778e+13
8.89000e-07 5.45847e+13
8.91000e-07 5.45582e+13
8.93000e-07 5.36668e+13
8.95000e-07 5.37377e+13
8.97000e-07 5.36060e+13
8.99000e-07 5.33538e+13
9.01000e-07 4.97898e+13
9.03000e-07 5.18380e+13
9.05000e-07 5.29200e+13
9.07000e-07 5.17573e+13
9.09000e-07 5.04857e+13
9.11000e-07 5.11903e+13
9.13000e-07 5.17752e+13
9.15000e-07 5.15446e+13
9.17000e-07 5.12484e+13
9.19000e-07 5.12129e+13
9.21000e-07 4.98093e+13
9.23000e-07 4.67724e+13
9.25000e-07 4.89568e+13
9.27000e-07 4.95130e+13
9.29000e-07 4.98107e+13
9.31000e-07 4.97230e+13
9.33000e-07 4.93110e+13
9.35000e-07 4.90744e+13
9.37000e-07 4.88608e+13
9.39000e-07 4.86785e+13
9.41000e-07 4.67402e+13
9.43000e-07 4.79699e+13
9.45000e-07 4.74338e+13
9.47000e-07 4.77840e+13
9.49000e-07 4.76999e+13
9.51000e-07 4.71746e+13
9.53000e-07 4.65371e+13
9.55000e-07 4.32030e+13
9.57000e-07 4.60337e+13
9.59000e-07 4.64276e+13
9.61000e-07 4.58879e+13
9.63000e-07 4.53359e+13
9.65000e-07 4.53545e+13
9.67000e-07 4.49818e+13
9.69000e-07 4.51895e+13
9.71000e-07 4.50754e+13
9.73000e-07 4.49102e+13
9.75000e-07 4.43061e+13
9.77000e-07 4.42946e+13
9.79000e-07 4.40823e+13
9.81000e-07 4.39889e+13
9.83000e-07 4.37867e+13
9.85000e-07 4.35702e+13
9.87000e-07 4.31734e+13
9.89000e-07 4.29142e+13
9.91000e-07 4.27527e+13
9.93000e-07 4.28252e+13
9.95000e-07 4.26570e+13
9.97000e-07 4.24708e+13
9.99000e-07 4.22255e+13
1.00250e-06 4.12939e+13
1.00750e-06 4.01056e+13
1.01250e-06 4.07652e+13
1.01750e-06 4.01618e+13
1.02250e-06 3.99033e+13
1.02750e-06 3.96122e+13
1.03250e-06 3.88867e+13
1.03750e-06 3.84848e+13
1.04250e-06 3.81893e+13
1.04750e-06 3.74376e+13
1.05250e-06 3.72562e+13
1.05750e-06 3.67734e+13
1.06250e-06 3.62612e+13
1.06750e-06 3.52545e+13
1.07250e-06 3.52901e+13
1.07750e-06 3.48466e+13
1.08250e-06 3.42521e+13
1.08750e-06 3.39347e+13
1.09250e-06 3.24285e+13
1.09750e-06 3.29282e+13
1.10250e-06 3.32284e+13
1.10750e-06 3.30058e+13
1.11250e-06 3.25271e+13
1.11750e-06 3.21130e+13
1.12250e-06 3.19233e+13
1.12750e-06 3.11370e+13
1.13250e-06 3.09096e+13
1.13750e-06 3.07113e+13
1.14250e-06 3.01544e+13
1.14750e-06 3.02871e+13
1.15250e-06 2.99539e+13
1.15750e-06 2.95101e+13
1.16250e-06 2.89112e+13
1.16750e-06 2.86281e+13
1.17250e-06 2.87352e+13
1.17750e-06 2.79293e+13
1.18250e-06 2.77448e+13
1.18750e-06 2.73460e+13
1.19250e-06 2.76020e+13
1.19750e-06 2.66758e+13
1.20250e-06 2.67774e+13
1.20750e-06 2.63960e+13
1.21250e-06 2.62735e+13
1.21750e-06 2.62030e+13
1.22250e-06 2.59185e+13
1.22750e-06 2.55403e+13
1.23250e-06 2.53484e+13
1.23750e-06 2.50948e+13
1.24250e-06 2.48298e+13
1.24750e-06 2.46408e+13
1.25250e-06 2.43316e+13
1.25750e-06 2.40384e+13
1.26250e-06 2.38248e+13
1.26750e-06 2.35551e+13
1.27250e-06 2.34215e+13
1.27750e-06 2.30626e+13
1.28250e-06 2.12199e+13
1.28750e-06 2.25717e+13
1.29250e-06 2.24384e+13
1.29750e-06 2.23238e+13
1.30250e-06 2.20097e+13
1.30750e-06 2.19045e+13
1.31250e-06 2.15258e+13
1.31750e-06 2.12837e+13
1.32250e-06 2.12683e+13
1.32750e-06 2.09288e+13
1.33250e-06 2.08079e+13
1.33750e-06 2.05755e+13
1.34250e-06 2.04773e+13
1.34750e-06 2.02646e+13
1.35250e-06 2.00549e+13
1.35750e-06 1.97260e+13
1.36250e-06 1.96411e+13
1.36750e-06 1.94325e+13
1.37250e-06 1.91757e+13
1.37750e-06 1.90594e+13
1.38250e-06 1.89183e+13
1.38750e-06 1.88031e+13
1.39250e-06 1.85914e+13
1.39750e-06 1.84292e+13
1.40250e-06 1.81730e+13
1.40750e-06 1.81050e+13
1.41250e-06 1.78141e+13
1.41750e-06 1.77978e+13
1.42250e-06 1.74288e+13
1.42750e-06 1.71969e+13
1.43250e-06 1.72542e+13
1.43750e-06 1.71840e+13
1.44250e-06 1.65281e+13
1.44750e-06 1.68246e+13
1.45250e-06 1.63997e+13
1.45700e-06 1.64597e+13
1.46200e-06 1.63037e+13
1.46750e-06 1.61847e+13
1.47250e-06 1.58945e+13
1.47750e-06 1.57477e+13
1.48250e-06 1.56770e+13
1.48750e-06 1.53298e+13
1.49250e-06 1.55255e+13
1.49750e-06 1.52567e+13
1.50250e-06 1.48801e+13
1.50750e-06 1.47748e+13
1.51250e-06 1.48898e+13
1.51750e-06 1.47891e+13
1.52250e-06 1.45275e+13
1.52750e-06 1.44924e+13
1.53250e-06 1.43112e+13
1.53750e-06 1.41973e+13
1.54250e-06 1.40546e+13
1.54750e-06 1.39447e+13
1.55250e-06 1.37447e+13
1.55750e-06 1.35666e+13
1.56250e-06 1.36336e+13
1.56750e-06 1.32832e+13
1.57250e-06 1.32301e+13
1.57750e-06 1.29193e+13
1.58250e-06 1.29773e+13
1.58750e-06 1.24692e+13
1.59250e-06 1.27043e+13
1.59750e-06 1.27521e+13
1.60500e-06 1.24832e+13
1.61500e-06 1.21235e+13
1.62500e-06 1.21587e+13
1.63500e-06 1.17655e+13
1.64500e-06 1.13812e+13
1.65500e-06 1.14798e+13
1.66500e-06 1.12692e+13
1.67500e-06 1.08363e+13
1.68500e-06 1.04102e+13
1.69500e-06 1.06261e+13
1.70500e-06 1.03235e+13
1.71500e-06 1.01594e+13
1.72500e-06 9.85434e+12
1.73500e-06 9.23659e+12
1.74500e-06 9.42041e+12
1.75500e-06 9.34015e+12
1.76500e-06 9.15431e+12
1.77500e-06 8.98150e+12
1.78500e-06 8.82617e+12
1.79500e-06 8.66567e+12
1.80500e-06 8.44769e+12
1.81500e-06 7.92384e+12
1.82500e-06 8.02568e+12
1.83500e-06 7.97861e+12
1.84500e-06 7.78844e+12
1.85500e-06 7.67611e+12
1.86500e-06 7.46296e+12
1.87500e-06 6.88624e+12
1.88500e-06 7.19899e+12
1.89500e-06 6.99155e+12
1.90500e-06 7.00388e+12
1.91500e-06 6.85942e+12
1.92500e-06 6.73486e+12
1.93500e-06 6.55144e+12
1.94500e-06 6.10144e+12
1.95500e-06 6.33981e+12
1.96500e-06 6.24442e+12
1.97500e-06 6.11963e+12
1.98500e-06 6.03547e+12
1.99500e-06 5.92996e+12
2.00500e-06 5.84406e+12
2.01500e-06 5.75846e+12
2.02500e-06 5.61923e+12
2.03500e-06 5.49345e+12
2.04500e-06 5.45598e+12
2.05500e-06 5.35314e+12
2.06500e-06 5.23154e+12
2.07500e-06 5.15604e+12
2.08500e-06 5.07169e+12
2.09500e-06 4.96098e+12
2.10500e-06 4.90163e+12
2.11500e-06 4.81017e+12
2.12500e-06 4.72688e+12
2.13500e-06 4.65625e+12
2.14500e-06 4.58452e+12
2.15500e-06 4.49170e+12
2.16500e-06 4.17028e+12
2.17500e-06 4.31272e+12
2.18500e-06 4.26386e+12
2.19500e-06 4.21986e+12
2.20500e-06 4.12116e+12
2.21500e-06 4.07220e+12
2.22500e-06 4.00912e+12
2.23500e-06 3.94459e+12
2.24500e-06 3.87956e+12
2.25500e-06 3.80729e+12
2.26500e-06 3.75003e+12
2.27500e-06 3.69646e+12
2.28500e-06 3.62709e+12
2.29500e-06 3.58082e+12
2.30500e-06 3.53471e+12
2.31500e-06 3.46994e+12
2.32500e-06 3.41548e+12
2.33500e-06 3.35561e+12
2.34500e-06 3.31540e+12
2.35500e-06 3.24913e+12
2.36500e-06 3.20838e+12
2.37500e-06 3.14889e+12
2.38500e-06 3.08870e+12
2.39500e-06 3.05514e+12
2.40500e-06 3.00380e+12
2.41500e-06 2.95256e+12
2.42500e-06 2.91032e+12
2.43500e-06 2.86009e+12
2.44500e-06 2.82181e+12
2.45500e-06 2.76412e+12
2.46500e-06 2.74111e+12
2.47500e-06 2.69213e+12
2.48500e-06 2.63793e+12
2.49500e-06 2.61084e+12
2.50500e-06 2.58823e+12
2.51500e-06 2.54196e+12
2.52500e-06 2.50302e+12
2.53500e-06 2.46719e+12
2.54500e-06 2.43219e+12
2.55500e-06 2.38947e+12
2.56500e-06 2.34511e+12
2.57500e-06 2.33199e+12
2.58500e-06 2.28038e+12
2.59500e-06 2.26407e+12
2.60500e-06 2.22784e+12
2.61500e-06 2.17949e+12
2.62500e-06 2.05138e+12
2.63500e-06 2.12548e+12
2.64500e-06 2.09936e+12
2.65500e-06 2.07476e+12
2.66500e-06 2.03068e+12
2.67500e-06 2.00221e+12
2.68500e-06 1.99432e+12
2.69500e-06 1.97105e+12
2.70500e-06 1.94399e+12
2.71500e-06 1.91625e+12
2.72500e-06 1.89004e+12
2.73500e-06 1.86602e+12
2.74500e-06 1.84030e+12
2.75500e-06 1.78869e+12
2.76500e-06 1.77538e+12
2.77500e-06 1.76408e+12
2.78500e-06 1.74221e+12
2.79500e-06 1.72142e+12
2.80500e-06 1.69758e+12
2.81500e-06 1.67608e+12
2.82500e-06 1.65272e+12
2.83500e-06 1.63273e+12
2.84500e-06 1.60652e+12
2.85500e-06 1.58762e+12
2.86500e-06 1.55806e+12
2.87500e-06 1.51396e+12
2.88500e-06 1.52277e+12
2.89500e-06 1.50692e+12
2.90500e-06 1.48763e+12
2.91500e-06 1.46742e+12
2.92500e-06 1.44680e+12
2.93500e-06 1.43114e+12
2.94500e-06 1.41040e+12
2.95500e-06 1.39457e+12
2.96500e-06 1.37742e+12
2.97500e-06 1.35954e+12
2.98500e-06 1.34262e+12
2.99500e-06 1.32380e+12
3.00500e-06 1.30746e+12
3.01500e-06 1.29233e+12
3.02500e-06 1.27417e+12
3.03500e-06 1.23118e+12
3.04500e-06 1.23038e+12
3.05500e-06 1.22763e+12
3.06500e-06 1.21193e+12
3.07500e-06 1.19980e+12
3.08500e-06 1.18238e+12
3.09500e-06 1.16881e+12
3.10500e-06 1.15610e+12
3.11500e-06 1.13467e+12
3.12500e-06 1.12688e+12
3.13500e-06 1.11441e+12
3.14500e-06 1.10078e+12
3.15500e-06 1.08473e+12
3.16500e-06 1.07436e+12
3.17500e-06 1.06102e+12
3.18500e-06 1.04924e+12
3.19500e-06 1.03778e+12
3.21000e-06 1.01772e+12
3.23000e-06 9.95224e+11
3.25000e-06 9.71420e+11
3.27000e-06 9.48476e+11
3.29000e-06 9.08614e+11
3.31000e-06 9.02377e+11
3.33000e-06 8.83519e+11
3.35000e-06 8.65548e+11
3.37000e-06 8.44724e+11
3.39000e-06 8.25050e+11
3.41000e-06 8.05940e+11
3.43000e-06 7.90772e+11
3.45000e-06 7.74477e+11
3.47000e-06 7.56971e+11
3.49000e-06 7.40681e+11
3.51000e-06 7.24894e+11
3.53000e-06 7.08390e+11
3.55000e-06 6.93824e+11
3.57000e-06 6.78179e+11
3.59000e-06 6.63862e+11
3.61000e-06 6.50948e+11
3.63000e-06 6.37333e+11
3.65000e-06 6.22365e+11
3.67000e-06 6.09251e+11
3.69000e-06 5.93866e+11
3.71000e-06 5.81924e+11
3.73000e-06 5.67523e+11
3.75000e-06 5.49779e+11
3.77000e-06 5.48891e+11
3.79000e-06 5.37710e+11
3.81000e-06 5.27279e+11
3.83000e-06 5.17729e+11
3.85000e-06 5.08170e+11
3.87000e-06 4.97095e+11
3.89000e-06 4.87341e+11
3.91000e-06 4.77687e+11
3.93000e-06 4.69446e+11
3.95000e-06 4.59272e+11
3.97000e-06 4.51071e+11
3.99000e-06 4.40455e+11
4.01000e-06 4.32324e+11
4.03000e-06 4.25004e+11
4.05000e-06 4.09471e+11
4.07000e-06 4.09323e+11
4.09000e-06 4.01906e+11
4.11000e-06 3.94949e+11
4.13000e-06 3.87908e+11
4.15000e-06 3.80001e+11
4.17000e-06 3.71815e+11
4.19000e-06 3.66063e+11
4.21000e-06 3.58406e+11
4.23000e-06 3.53846e+11
4.25000e-06 3.46728e+11
4.27000e-06 3.41008e+11
4.29000e-06 3.33476e+11
4.31000e-06 3.26190e+11
4.33000e-06 3.20471e+11
4.35000e-06 3.12852e+11
4.37000e-06 3.05102e+11
4.39000e-06 3.01449e+11
4.41000e-06 2.94343e+11
4.43000e-06 2.90098e+11
4.45000e-06 2.85290e+11
4.47000e-06 2.78972e+11
4.49000e-06 2.75221e+11
4.51000e-06 2.70285e+11
4.53000e-06 2.64764e+11
4.55000e-06 2.61132e+11
4.57000e-06 2.57047e+11
4.59000e-06 2.51719e+11
4.61000e-06 2.48511e+11
4.63000e-06 2.44207e+11
4.65000e-06 2.36692e+11
4.67000e-06 2.34860e+11
4.69000e-06 2.33066e+11
4.71000e-06 2.29546e+11
4.73000e-06 2.26329e+11
4.75000e-06 2.22507e+11
4.77000e-06 2.18906e+11
4.79000e-06 2.15703e+11
4.81000e-06 2.11845e+11
4.83000e-06 2.08996e+11
4.85000e-06 2.05450e+11
4.87000e-06 2.02305e+11
4.89000e-06 1.99125e+11
4.91000e-06 1.96115e+11
4.93000e-06 1.92931e+11
4.95000e-06 1.89930e+11
4.97000e-06 1.86894e+11
4.99000e-06 1.84264e+11
5.01000e-06 1.81505e+11
5.03000e-06 1.78799e+11
5.05000e-06 1.75598e+11
5.07000e-06 1.73146e+11
5.09000e-06 1.70755e+11
5.11000e-06 1.67719e+11
5.13000e-06 1.63937e+11
5.15000e-06 1.62908e+11
5.17000e-06 1.60903e+11
5.19000e-06 1.58238e+11
5.21000e-06 1.55791e+11
5.23000e-06 1.53513e+11
5.25000e-06 1.51485e+11
5.27000e-06 1.49401e+11
5.29000e-06 1.46914e+11
5.31000e-06 1.45021e+11
5.33000e-06 1.42834e+11
5.35000e-06 1.40900e+11
5.37000e-06 1.38794e+11
5.39000e-06 1.36923e+11
5.41000e-06 1.35024e+11
5.43000e-06 1.32818e+11
5.45000e-06 1.31223e+11
5.47000e-06 1.29208e+11
5.49000e-06 1.27468e+11
5.51000e-06 1.25862e+11
5.53000e-06 1.24177e+11
5.55000e-06 1.22293e+11
5.57000e-06 1.20813e+11
5.59000e-06 1.18804e+11
5.61000e-06 1.17399e+11
5.63000e-06 1.15733e+11
5.65000e-06 1.14349e+11
5.67000e-06 1.12814e+11
5.69000e-06 1.11143e+11
5.71000e-06 1.09776e+11
5.73000e-06 1.08302e+11
5.75000e-06 1.06829e+11
5.77000e-06 1.05392e+11
5.79000e-06 1.03985e+11
5.81000e-06 1.02612e+11
5.83000e-06 1.01290e+11
5.85000e-06 9.99859e+10
5.87000e-06 9.85601e+10
5.89000e-06 9.70546e+10
5.91000e-06 9.50366e+10
5.93000e-06 9.48069e+10
5.95000e-06 9.34002e+10
5.97000e-06 9.23875e+10
5.99000e-06 9.11962e+10
6.01000e-06 8.99697e+10
6.03000e-06 8.88838e+10
6.05000e-06 8.77495e+10
6.07000e-06 8.65864e+10
6.09000e-06 8.54457e+10
6.11000e-06 8.42585e+10
6.13000e-06 8.33437e+10
6.15000e-06 8.23294e+10
6.17000e-06 8.12849e+10
6.19000e-06 8.02866e+10
6.21000e-06 7.92847e+10
6.23000e-06 7.81233e+10
6.25000e-06 7.72499e+10
6.27000e-06 7.63017e+10
6.29000e-06 7.54154e+10
6.31000e-06 7.43789e+10
6.33000e-06 7.35890e+10
6.35000e-06 7.26675e+10
6.37000e-06 7.17699e+10
6.39000e-06 7.08896e+10
6.42000e-06 6.96308e+10
6.46000e-06 6.79226e+10
6.50000e-06 6.62840e+10
6.54000e-06 6.47631e+10
6.58000e-06 6.32446e+10
6.62000e-06 6.17434e+10
6.66000e-06 6.03296e+10
6.70000e-06 5.89140e+10
6.74000e-06 5.75359e+10
6.78000e-06 5.62444e+10
6.82000e-06 5.49556e+10
6.86000e-06 5.37154e+10
6.90000e-06 5.25033e+10
6.94000e-06 5.13124e+10
6.98000e-06 5.01901e+10
7.02000e-06 4.90426e+10
7.06000e-06 4.79896e+10
7.10000e-06 4.69445e+10
7.14000e-06 4.59219e+10
7.18000e-06 4.49220e+10
7.22000e-06 4.39450e+10
7.26000e-06 4.30004e+10
7.30000e-06 4.21006e+10
7.34000e-06 4.11885e+10
7.38000e-06 4.03351e+10
7.42000e-06 3.94669e+10
7.46000e-06 3.83828e+10
7.50000e-06 3.76436e+10
7.54000e-06 3.70517e+10
7.58000e-06 3.63136e+10
7.62000e-06 3.55661e+10
7.66000e-06 3.48470e+10
7.70000e-06 3.41294e+10
7.74000e-06 3.34524e+10
7.78000e-06 3.27832e+10
7.82000e-06 3.21283e+10
7.86000e-06 3.14912e+10
7.90000e-06 3.08688e+10
7.94000e-06 3.02598e+10
7.98000e-06 2.96709e+10
8.02000e-06 2.90828e+10
8.06000e-06 2.85171e+10
8.10000e-06 2.79777e+10
8.14000e-06 2.74254e+10
8.18000e-06 2.69084e+10
8.22000e-06 2.64052e+10
8.26000e-06 2.59016e+10
8.30000e-06 2.54169e+10
8.34000e-06 2.49277e+10
8.38000e-06 2.44688e+10
8.42000e-06 2.40206e+10
8.46000e-06 2.35766e+10
8.50000e-06 2.31440e+10
8.54000e-06 2.27190e+10
8.58000e-06 2.23061e+10
8.62000e-06 2.18982e+10
8.66000e-06 2.15060e+10
8.70000e-06 2.11201e+10
8.74000e-06 2.07408e+10
8.78000e-06 2.03714e+10
8.82000e-06 2.00026e+10
8.86000e-06 1.96515e+10
8.90000e-06 1.93026e+10
8.94000e-06 1.89700e+10
8.98000e-06 1.86309e+10
9.02000e-06 1.83137e+10
9.06000e-06 1.80031e+10
9.10000e-06 1.76833e+10
9.14000e-06 1.73827e+10
9.18000e-06 1.70912e+10
9.22000e-06 1.68027e+10
9.26000e-06 1.65173e+10
9.30000e-06 1.62405e+10
9.34000e-06 1.59661e+10
9.38000e-06 1.57005e+10
9.42000e-06 1.54388e+10
9.46000e-06 1.51826e+10
9.50000e-06 1.49319e+10
9.54000e-06 1.46840e+10
9.58000e-06 1.44471e+10
9.62000e-06 1.42088e+10
9.66000e-06 1.39811e+10
9.70000e-06 1.37551e+10
9.74000e-06 1.35248e+10
9.78000e-06 1.33128e+10
9.82000e-06 1.31018e+10
9.86000e-06 1.28946e+10
9.90000e-06 1.26914e+10
9.94000e-06 1.24881e+10
9.98000e-06 1.22925e+10
1.00200e-05 1.21000e+10
2.00000e-05 7.80623e+08
4.00000e-05 4.88878e+07
6.00000e-05 9.60171e+06
8.00000e-05 3.01920e+06
1.00000e-04 1.22957e+06
1.20000e-04 5.89923e+05
1.40000e-04 3.16953e+05
1.60000e-04 1.85025e+05
