9.09000e-09 0.00000e+00
9.35000e-09 0.00000e+00
9.61000e-09 0.00000e+00
9.77000e-09 0.00000e+00
9.96000e-09 0.00000e+00
1.02000e-08 0.00000e+00
1.03800e-08 0.00000e+00
1.05600e-08 0.00000e+00
1.07700e-08 0.00000e+00
1.10400e-08 0.00000e+00
1.14000e-08 0.00000e+00
1.17800e-08 0.00000e+00
1.21300e-08 0.00000e+00
1.24800e-08 0.00000e+00
1.27100e-08 0.00000e+00
1.28400e-08 0.00000e+00
1.30500e-08 0.00000e+00
1.32400e-08 0.00000e+00
1.33900e-08 0.00000e+00
1.36600e-08 0.00000e+00
1.39800e-08 0.00000e+00
1.43300e-08 0.00000e+00
1.47200e-08 0.00000e+00
1.51000e-08 0.00000e+00
1.55200e-08 0.00000e+00
1.58800e-08 0.00000e+00
1.62000e-08 0.00000e+00
1.66000e-08 0.00000e+00
1.70300e-08 0.00000e+00
1.73400e-08 0.00000e+00
1.76800e-08 0.00000e+00
1.80200e-08 0.00000e+00
1.81700e-08 0.00000e+00
1.86100e-08 0.00000e+00
1.91000e-08 0.00000e+00
1.93900e-08 0.00000e+00
1.98400e-08 0.00000e+00
2.01800e-08 0.00000e+00
2.05000e-08 0.00000e+00
2.10500e-08 0.00000e+00
2.16200e-08 0.00000e+00
2.19800e-08 0.00000e+00
2.23000e-08 0.00000e+00
2.26800e-08 0.00000e+00
2.30000e-08 3.31316e-10
2.34000e-08 9.50358e-10
2.40000e-08 4.35379e-09
2.46500e-08 2.10133e-08
2.52400e-08 8.25066e-08
2.56800e-08 2.20144e-07
2.60000e-08 4.41159e-07
2.64000e-08 1.02945e-06
2.68500e-08 2.58331e-06
2.73500e-08 6.94362e-06
2.78500e-08 1.81749e-05
2.84000e-08 5.03562e-05
2.90000e-08 1.46728e-04
2.96000e-08 4.08747e-04
3.01000e-08 9.37200e-04
3.08000e-08 2.86599e-03
3.18000e-08 1.30364e-02
3.28000e-08 5.43784e-02
3.38000e-08 2.08870e-01
3.48000e-08 7.46094e-01
3.57000e-08 2.24063e+00
3.66000e-08 6.30415e+00
3.75000e-08 1.68253e+01
3.85000e-08 4.76781e+01
3.95000e-08 1.27940e+02
4.05000e-08 3.27568e+02
4.14000e-08 7.34356e+02
4.22000e-08 1.46033e+03
4.30000e-08 2.81947e+03
4.41000e-08 6.76980e+03
4.51000e-08 1.43913e+04
4.60000e-08 2.75675e+04
4.70000e-08 5.50975e+04
4.80000e-08 1.06876e+05
4.90000e-08 2.01875e+05
5.00000e-08 3.70808e+05
5.06000e-08 9.79244e+06
5.12000e-08 2.00549e+07
5.20000e-08 2.87048e+07
5.30000e-08 4.43440e+07
5.40000e-08 6.45132e+07
5.50000e-08 1.01463e+08
5.60000e-08 1.48614e+08
5.70000e-08 2.17771e+08
5.80000e-08 2.92470e+08
5.90000e-08 4.37066e+08
6.00000e-08 6.09121e+08
6.10000e-08 8.51830e+08
6.20000e-08 1.14813e+09
6.30000e-08 1.56179e+09
6.40000e-08 2.05252e+09
6.50000e-08 2.74839e+09
6.58000e-08 3.42670e+09
6.65000e-08 4.09047e+09
6.75000e-08 5.26286e+09
6.85000e-08 6.79925e+09
6.95000e-08 8.75170e+09
7.05000e-08 1.10338e+10
7.16000e-08 1.41541e+10
7.26000e-08 1.77602e+10
7.35000e-08 2.14689e+10
7.45000e-08 2.65919e+10
7.55000e-08 3.26413e+10
7.65000e-08 3.97288e+10
7.75000e-08 4.84598e+10
7.85000e-08 5.86189e+10
7.95000e-08 6.97162e+10
8.05000e-08 8.36798e+10
8.15000e-08 9.94538e+10
8.25000e-08 1.17797e+11
8.35000e-08 1.37270e+11
8.45000e-08 1.63017e+11
8.55000e-08 1.90080e+11
8.65000e-08 2.22688e+11
8.75000e-08 2.57636e+11
8.85000e-08 3.00090e+11
8.95000e-08 3.45485e+11
9.05000e-08 3.90918e+11
9.15000e-08 2.74521e+12
9.25000e-08 1.25203e+13
9.35000e-08 1.99508e+13
9.45000e-08 4.81932e+13
9.55000e-08 2.87059e+14
9.65000e-08 4.62445e+14
9.75000e-08 1.17724e+14
9.85000e-08 1.81321e+15
9.95000e-08 2.34503e+15
1.00500e-07 3.46651e+15
1.01500e-07 1.64204e+15
1.02500e-07 7.88942e+13
1.03500e-07 8.65348e+14
1.04500e-07 4.43511e+15
1.05500e-07 6.21947e+15
1.06500e-07 5.32433e+15
1.07500e-07 6.50886e+15
1.08500e-07 5.39546e+15
1.09500e-07 6.58023e+15
1.10500e-07 8.27494e+15
1.11500e-07 8.05294e+15
1.12500e-07 8.67511e+15
1.13500e-07 9.58389e+15
1.14500e-07 8.49193e+15
1.15500e-07 9.48953e+15
1.16500e-07 1.04784e+16
1.17500e-07 9.48085e+15
1.18500e-07 8.88957e+15
1.19500e-07 2.24757e+15
1.20500e-07 1.99954e+15
1.21500e-07 1.77633e+14
1.22500e-07 1.16266e+15
1.23500e-07 7.38579e+15
1.24500e-07 1.09935e+16
1.25500e-07 1.04416e+16
1.26500e-07 6.01130e+15
1.27500e-07 1.25919e+16
1.28500e-07 1.41226e+16
1.29500e-07 1.16131e+16
1.30500e-07 1.00351e+16
1.31500e-07 1.30780e+16
1.32500e-07 1.28980e+16
1.33500e-07 1.12045e+16
1.34500e-07 1.37181e+16
1.35500e-07 1.28874e+16
1.36500e-07 1.13932e+16
1.37500e-07 1.27924e+16
1.38500e-07 1.31045e+16
1.39500e-07 1.31420e+16
1.40500e-07 1.31276e+16
1.41500e-07 1.19701e+16
1.42500e-07 1.24296e+16
1.43500e-07 1.16684e+16
1.44200e-07 1.26577e+16
1.44700e-07 1.31353e+16
1.45500e-07 1.26934e+16
1.46500e-07 1.18275e+16
1.47500e-07 1.12505e+16
1.48500e-07 1.14817e+16
1.49500e-07 1.19642e+16
1.50500e-07 1.15727e+16
1.51200e-07 1.06200e+16
1.51700e-07 1.14955e+16
1.52500e-07 1.01282e+16
1.53500e-07 9.02164e+15
1.54500e-07 1.09318e+16
1.55500e-07 9.97095e+15
1.56500e-07 9.46816e+15
1.57500e-07 9.73557e+15
1.58500e-07 1.03868e+16
1.59500e-07 1.06236e+16
1.60500e-07 9.98501e+15
1.61500e-07 1.00900e+16
1.62500e-07 9.35040e+15
1.63500e-07 9.64591e+15
1.64500e-07 9.74436e+15
1.65500e-07 8.67009e+15
1.66500e-07 9.54320e+15
1.67200e-07 8.39994e+15
1.67700e-07 9.16639e+15
1.68500e-07 9.83230e+15
1.69500e-07 9.26699e+15
1.70500e-07 8.71449e+15
1.71500e-07 8.13578e+15
1.72500e-07 8.00602e+15
1.73500e-07 8.42286e+15
1.74500e-07 8.25447e+15
1.75500e-07 8.88269e+15
1.76500e-07 7.85441e+15
1.77500e-07 8.42214e+15
1.78500e-07 8.49405e+15
1.79500e-07 8.87496e+15
1.80500e-07 8.65595e+15
1.81500e-07 8.28179e+15
1.82500e-07 8.17895e+15
1.83500e-07 7.85722e+15
1.84500e-07 7.35051e+15
1.85500e-07 7.32862e+15
1.86500e-07 7.40751e+15
1.87500e-07 7.96351e+15
1.88500e-07 7.49967e+15
1.89500e-07 7.25676e+15
1.90500e-07 7.46853e+15
1.91500e-07 7.27671e+15
1.92500e-07 7.21350e+15
1.93500e-07 7.33282e+15
1.94500e-07 7.41715e+15
1.95500e-07 7.06271e+15
1.96700e-07 7.50396e+15
1.97600e-07 7.61995e+15
1.98400e-07 7.26269e+15
1.99500e-07 6.92744e+15
2.00500e-07 7.08942e+15
2.01500e-07 6.72538e+15
2.02500e-07 7.08099e+15
2.03500e-07 6.76104e+15
2.04500e-07 6.89083e+15
2.05500e-07 6.56156e+15
2.06500e-07 6.60321e+15
2.07400e-07 6.74029e+15
2.07800e-07 6.66446e+15
2.08500e-07 6.75887e+15
2.09500e-07 6.40146e+15
2.10500e-07 6.41526e+15
2.11500e-07 6.39390e+15
2.12500e-07 6.42622e+15
2.13500e-07 5.91276e+15
2.14500e-07 6.19551e+15
2.15500e-07 6.28262e+15
2.16500e-07 6.00007e+15
2.17500e-07 5.90067e+15
2.18500e-07 5.76329e+15
2.19500e-07 6.01890e+15
2.20500e-07 5.76801e+15
2.21500e-07 5.49282e+15
2.22500e-07 5.23505e+15
2.23500e-07 5.63901e+15
2.24500e-07 5.21336e+15
2.25500e-07 5.09550e+15
2.26500e-07 5.16553e+15
2.27500e-07 5.33575e+15
2.28500e-07 5.40323e+15
2.29500e-07 5.18508e+15
2.30500e-07 4.96966e+15
2.31500e-07 4.75283e+15
2.32500e-07 3.97887e+15
2.33500e-07 4.51180e+15
2.34500e-07 4.32817e+15
2.35500e-07 4.57339e+15
2.36500e-07 4.22981e+15
2.37500e-07 4.31976e+15
2.38500e-07 4.02062e+15
2.39500e-07 4.35195e+15
2.40500e-07 4.10774e+15
2.41500e-07 4.17662e+15
2.42500e-07 4.31400e+15
2.43500e-07 4.08968e+15
2.44500e-07 4.35658e+15
2.45500e-07 4.18121e+15
2.46500e-07 4.20154e+15
2.47500e-07 4.01551e+15
2.48500e-07 4.27651e+15
2.49500e-07 4.14002e+15
2.50500e-07 4.36075e+15
2.51300e-07 4.05778e+15
2.51800e-07 4.17116e+15
2.52500e-07 3.91986e+15
2.53500e-07 3.94515e+15
2.54500e-07 3.84878e+15
2.55500e-07 4.01331e+15
2.56500e-07 3.95757e+15
2.57500e-07 4.16751e+15
2.58500e-07 4.12574e+15
2.59500e-07 4.11689e+15
2.60500e-07 3.93639e+15
2.61500e-07 3.91521e+15
2.62500e-07 3.96783e+15
2.63500e-07 3.98069e+15
2.64500e-07 4.17385e+15
2.65500e-07 4.10618e+15
2.66500e-07 3.89232e+15
2.67500e-07 4.01147e+15
2.68500e-07 3.94199e+15
2.69500e-07 3.85391e+15
2.70500e-07 3.89210e+15
2.71500e-07 3.74547e+15
2.72500e-07 3.74852e+15
2.73500e-07 3.89224e+15
2.74500e-07 3.53820e+15
2.75500e-07 3.51088e+15
2.76500e-07 3.59985e+15
2.77500e-07 3.69993e+15
2.78500e-07 3.68278e+15
2.79500e-07 3.05753e+15
2.80500e-07 3.28695e+15
2.81500e-07 3.67706e+15
2.82500e-07 3.64805e+15
2.83500e-07 3.50926e+15
2.84500e-07 3.39568e+15
2.85500e-07 3.41608e+15
2.86500e-07 3.49930e+15
2.87500e-07 3.41744e+15
2.88500e-07 3.44448e+15
2.89500e-07 3.40733e+15
2.91000e-07 3.51163e+15
2.93000e-07 3.40373e+15
2.95000e-07 3.35951e+15
2.97000e-07 3.32527e+15
2.99000e-07 3.28919e+15
3.01000e-07 3.30771e+15
3.03000e-07 3.26049e+15
3.05000e-07 3.19916e+15
3.07000e-07 3.14590e+15
3.09000e-07 3.13273e+15
3.11000e-07 3.05619e+15
3.13000e-07 3.01937e+15
3.15000e-07 2.99049e+15
3.17000e-07 2.94294e+15
3.19000e-07 2.84811e+15
3.21000e-07 2.85945e+15
3.23000e-07 2.82097e+15
3.25000e-07 2.78336e+15
3.27000e-07 2.76087e+15
3.29000e-07 2.72636e+15
3.31000e-07 2.70232e+15
3.33000e-07 2.65793e+15
3.35000e-07 2.61048e+15
3.37000e-07 2.57829e+15
3.39000e-07 2.54048e+15
3.41000e-07 2.52072e+15
3.43000e-07 2.48430e+15
3.45000e-07 2.45532e+15
3.47000e-07 2.41634e+15
3.49000e-07 2.38739e+15
3.51000e-07 2.36889e+15
3.53000e-07 2.34194e+15
3.55000e-07 2.31261e+15
3.57000e-07 2.28103e+15
3.59000e-07 2.24853e+15
3.61000e-07 2.22368e+15
3.63000e-07 2.19276e+15
3.64000e-07 2.18311e+15
3.65000e-07 2.18720e+15
3.67000e-07 2.15095e+15
3.69000e-07 2.00366e+15
3.71000e-07 1.97979e+15
3.73000e-07 1.96560e+15
3.75000e-07 2.26906e+15
3.77000e-07 2.31243e+15
3.79000e-07 2.64344e+15
3.81000e-07 2.95341e+15
3.83000e-07 2.45325e+15
3.85000e-07 3.11703e+15
3.87000e-07 3.38926e+15
3.89000e-07 2.18102e+15
3.91000e-07 3.33728e+15
3.93000e-07 3.39755e+15
3.95000e-07 3.26737e+15
3.97000e-07 2.06205e+15
3.99000e-07 3.10943e+15
4.01000e-07 3.28770e+15
4.03000e-07 3.21525e+15
4.05000e-07 3.22308e+15
4.07000e-07 3.11302e+15
4.09000e-07 2.58246e+15
4.11000e-07 2.08788e+15
4.13000e-07 2.88430e+15
4.15000e-07 2.96681e+15
4.17000e-07 2.94449e+15
4.19000e-07 2.90958e+15
4.21000e-07 2.87137e+15
4.23000e-07 2.82765e+15
4.25000e-07 2.77899e+15
4.27000e-07 2.71769e+15
4.29000e-07 2.68709e+15
4.31000e-07 2.59001e+15
4.33000e-07 2.08550e+15
4.35000e-07 1.82676e+15
4.37000e-07 2.46118e+15
4.39000e-07 2.46598e+15
4.41000e-07 2.47000e+15
4.43000e-07 2.42529e+15
4.45000e-07 2.40868e+15
4.47000e-07 2.33080e+15
4.49000e-07 2.31045e+15
4.51000e-07 2.30019e+15
4.53000e-07 2.26836e+15
4.55000e-07 2.22481e+15
4.57000e-07 2.21331e+15
4.59000e-07 2.17350e+15
4.61000e-07 2.15309e+15
4.63000e-07 2.10870e+15
4.65000e-07 2.09216e+15
4.67000e-07 2.05977e+15
4.69000e-07 2.03128e+15
4.71000e-07 1.97959e+15
4.73000e-07 1.97484e+15
4.75000e-07 1.94439e+15
4.77000e-07 1.92365e+15
4.79000e-07 1.89317e+15
4.81000e-07 1.85433e+15
4.83000e-07 1.79202e+15
4.85000e-07 1.49597e+15
4.87000e-07 1.26822e+15
4.89000e-07 1.69994e+15
4.91000e-07 1.73113e+15
4.93000e-07 1.70301e+15
4.95000e-07 1.70096e+15
4.97000e-07 1.68394e+15
4.99000e-07 1.65957e+15
5.01000e-07 1.61588e+15
5.03000e-07 1.60931e+15
5.05000e-07 1.56586e+15
5.07000e-07 1.57156e+15
5.09000e-07 1.55138e+15
5.11000e-07 1.52758e+15
5.13000e-07 1.51340e+15
5.15000e-07 1.48647e+15
5.17000e-07 1.46724e+15
5.19000e-07 1.45315e+15
5.21000e-07 1.42897e+15
5.23000e-07 1.41173e+15
5.25000e-07 1.40058e+15
5.27000e-07 1.37532e+15
5.29000e-07 1.37006e+15
5.31000e-07 1.34720e+15
5.33000e-07 1.33485e+15
5.35000e-07 1.31870e+15
5.37000e-07 1.30331e+15
5.39000e-07 1.28644e+15
5.41000e-07 1.26894e+15
5.43000e-07 1.25473e+15
5.45000e-07 1.24130e+15
5.47000e-07 1.22450e+15
5.49000e-07 1.21107e+15
5.51000e-07 1.19664e+15
5.53000e-07 1.18418e+15
5.55000e-07 1.16986e+15
5.57000e-07 1.15600e+15
5.59000e-07 1.14257e+15
5.61000e-07 1.13048e+15
5.63000e-07 1.11754e+15
5.65000e-07 1.10028e+15
5.67000e-07 1.08841e+15
5.69000e-07 1.07792e+15
5.71000e-07 1.06565e+15
5.73000e-07 1.05380e+15
5.75000e-07 1.04157e+15
5.77000e-07 1.02964e+15
5.79000e-07 1.01658e+15
5.81000e-07 1.00552e+15
5.83000e-07 9.94561e+14
5.85000e-07 9.83115e+14
5.87000e-07 9.59186e+14
5.89000e-07 9.59046e+14
5.91000e-07 9.50128e+14
5.93000e-07 9.40238e+14
5.95000e-07 9.25351e+14
5.97000e-07 9.17903e+14
5.99000e-07 9.05033e+14
6.01000e-07 8.98727e+14
6.03000e-07 8.88848e+14
6.05000e-07 8.78741e+14
6.07000e-07 8.68911e+14
6.09000e-07 8.59434e+14
6.11000e-07 8.50578e+14
6.13000e-07 8.41066e+14
6.15000e-07 8.27208e+14
6.17000e-07 8.22577e+14
6.19000e-07 8.14182e+14
6.21000e-07 8.05351e+14
6.23000e-07 7.95928e+14
6.25000e-07 7.84458e+14
6.27000e-07 7.79519e+14
6.29000e-07 7.71132e+14
6.31000e-07 7.62249e+14
6.33000e-07 7.54629e+14
6.35000e-07 7.37279e+14
6.37000e-07 7.32517e+14
6.39000e-07 7.30790e+14
6.41000e-07 7.22248e+14
6.43000e-07 7.15876e+14
6.45000e-07 7.06427e+14
6.47000e-07 7.00041e+14
6.49000e-07 6.90626e+14
6.51000e-07 6.80700e+14
6.53000e-07 6.64433e+14
6.55000e-07 5.99151e+14
6.56125e-07 5.06259e+14
6.59000e-07 6.31925e+14
6.61000e-07 6.45171e+14
6.63000e-07 6.42407e+14
6.65000e-07 6.37688e+14
6.67000e-07 6.30059e+14
6.69000e-07 6.23898e+14
6.71000e-07 6.19574e+14
6.73000e-07 6.13327e+14
6.75000e-07 6.07316e+14
6.77000e-07 6.01448e+14
6.79000e-07 5.95132e+14
6.81000e-07 5.89318e+14
6.83000e-07 5.83013e+14
6.85000e-07 5.77502e+14
6.87000e-07 5.72005e+14
6.89000e-07 5.66340e+14
6.91000e-07 5.60763e+14
6.93000e-07 5.54668e+14
6.95000e-07 5.49858e+14
6.97000e-07 5.44690e+14
6.99000e-07 5.39589e+14
7.01000e-07 5.33739e+14
7.03000e-07 5.28983e+14
7.05000e-07 5.22810e+14
7.07000e-07 5.16993e+14
7.09000e-07 5.14073e+14
7.11000e-07 5.08479e+14
7.13000e-07 5.03911e+14
7.15000e-07 4.99048e+14
7.17000e-07 4.94567e+14
7.19000e-07 4.90020e+14
7.21000e-07 4.85406e+14
7.23000e-07 4.80043e+14
7.25000e-07 4.75922e+14
7.27000e-07 4.71867e+14
7.29000e-07 4.66864e+14
7.31000e-07 4.63002e+14
7.33000e-07 4.58747e+14
7.35000e-07 4.54608e+14
7.37000e-07 4.50368e+14
7.39000e-07 4.46209e+14
7.41000e-07 4.41876e+14
7.43000e-07 4.37146e+14
7.45000e-07 4.33567e+14
7.47000e-07 4.29067e+14
7.49000e-07 4.25617e+14
7.51000e-07 4.21764e+14
7.53000e-07 4.18237e+14
7.55000e-07 4.14458e+14
7.57000e-07 4.10733e+14
7.59000e-07 4.06916e+14
7.61000e-07 4.03466e+14
7.63000e-07 3.99755e+14
7.65000e-07 3.96059e+14
7.67000e-07 3.92542e+14
7.69000e-07 3.89025e+14
7.71000e-07 3.85501e+14
7.73000e-07 3.82166e+14
7.75000e-07 3.78747e+14
7.77000e-07 3.70485e+14
7.79000e-07 3.72086e+14
7.81000e-07 3.68979e+14
7.83000e-07 3.65677e+14
7.85000e-07 3.61523e+14
7.87000e-07 3.57845e+14
7.89000e-07 3.54242e+14
7.91000e-07 3.52874e+14
7.93000e-07 3.50024e+14
7.95000e-07 3.45654e+14
7.97000e-07 3.43975e+14
7.99000e-07 3.38679e+14
8.01000e-07 3.38076e+14
8.03000e-07 3.35103e+14
8.05000e-07 3.32202e+14
8.07000e-07 3.29435e+14
8.09000e-07 3.26530e+14
8.11000e-07 3.23702e+14
8.13000e-07 3.21045e+14
8.15000e-07 3.18343e+14
8.17000e-07 3.15714e+14
8.19000e-07 3.12663e+14
8.21000e-07 3.09940e+14
8.23000e-07 3.06789e+14
8.25000e-07 3.05951e+14
8.27000e-07 3.03784e+14
8.29000e-07 3.00692e+14
8.31000e-07 2.98723e+14
8.33000e-07 2.95889e+14
8.35000e-07 2.92988e+14
8.37000e-07 2.89976e+14
8.39000e-07 2.85930e+14
8.41000e-07 2.82505e+14
8.43000e-07 2.77588e+14
8.45000e-07 2.73236e+14
8.47000e-07 2.69610e+14
8.49000e-07 2.70046e+14
8.51000e-07 2.62582e+14
8.53000e-07 2.69067e+14
8.55000e-07 2.51246e+14
8.57000e-07 2.71378e+14
8.59000e-07 2.53211e+14
8.61000e-07 2.49200e+14
8.63000e-07 2.71876e+14
8.65000e-07 2.57701e+14
8.67000e-07 2.28578e+14
8.69000e-07 2.61894e+14
8.71000e-07 2.70619e+14
8.73000e-07 2.57334e+14
8.75000e-07 2.17307e+14
8.77000e-07 2.45216e+14
8.79000e-07 2.63731e+14
8.81000e-07 2.65147e+14
8.83000e-07 2.57598e+14
8.85000e-07 2.32443e+14
8.87000e-07 2.06238e+14
8.89000e-07 2.44437e+14
8.91000e-07 2.54341e+14
8.93000e-07 2.54851e+14
8.95000e-07 2.53728e+14
8.97000e-07 2.49222e+14
8.99000e-07 2.36987e+14
9.01000e-07 1.97892e+14
9.03000e-07 2.10364e+14
9.05000e-07 2.35856e+14
9.07000e-07 2.39466e+14
9.09000e-07 2.39302e+14
9.11000e-07 2.39120e+14
9.13000e-07 2.37300e+14
9.15000e-07 2.35656e+14
9.17000e-07 2.32184e+14
9.19000e-07 2.26067e+14
9.21000e-07 2.10745e+14
9.23000e-07 1.73965e+14
9.25000e-07 2.03110e+14
9.27000e-07 2.15698e+14
9.29000e-07 2.21322e+14
9.31000e-07 2.21389e+14
9.33000e-07 2.20069e+14
9.35000e-07 2.18870e+14
9.37000e-07 2.17314e+14
9.39000e-07 2.15274e+14
9.41000e-07 2.12016e+14
9.43000e-07 2.12130e+14
9.45000e-07 2.10410e+14
9.47000e-07 2.08069e+14
9.49000e-07 2.05152e+14
9.51000e-07 1.99458e+14
9.53000e-07 1.83286e+14
9.55000e-07 1.55112e+14
9.57000e-07 1.84180e+14
9.59000e-07 1.94755e+14
9.61000e-07 1.96405e+14
9.63000e-07 1.94489e+14
9.65000e-07 1.95165e+14
9.67000e-07 1.93540e+14
9.69000e-07 1.92730e+14
9.71000e-07 1.91458e+14
9.73000e-07 1.90031e+14
9.75000e-07 1.88586e+14
9.77000e-07 1.87298e+14
9.79000e-07 1.85869e+14
9.81000e-07 1.84435e+14
9.83000e-07 1.82897e+14
9.85000e-07 1.81693e+14
9.87000e-07 1.80312e+14
9.89000e-07 1.78644e+14
9.91000e-07 1.77517e+14
9.93000e-07 1.76023e+14
9.95000e-07 1.74517e+14
9.97000e-07 1.72787e+14
9.99000e-07 1.70555e+14
1.00250e-06 1.56138e+14
1.00750e-06 1.48925e+14
1.01250e-06 1.62194e+14
1.01750e-06 1.60993e+14
1.02250e-06 1.58593e+14
1.02750e-06 1.55844e+14
1.03250e-06 1.52999e+14
1.03750e-06 1.50425e+14
1.04250e-06 1.47842e+14
1.04750e-06 1.45201e+14
1.05250e-06 1.42608e+14
1.05750e-06 1.40255e+14
1.06250e-06 1.37917e+14
1.06750e-06 1.34972e+14
1.07250e-06 1.33100e+14
1.07750e-06 1.30904e+14
1.08250e-06 1.27862e+14
1.08750e-06 1.24829e+14
1.09250e-06 1.08090e+14
1.09750e-06 1.15346e+14
1.10250e-06 1.19506e+14
1.10750e-06 1.18266e+14
1.11250e-06 1.16545e+14
1.11750e-06 1.14633e+14
1.12250e-06 1.12785e+14
1.12750e-06 1.10317e+14
1.13250e-06 1.08676e+14
1.13750e-06 1.07411e+14
1.14250e-06 1.05691e+14
1.14750e-06 1.04031e+14
1.15250e-06 1.02384e+14
1.15750e-06 1.00765e+14
1.16250e-06 9.90244e+13
1.16750e-06 9.74650e+13
1.17250e-06 9.60819e+13
1.17750e-06 9.42814e+13
1.18250e-06 9.31005e+13
1.18750e-06 9.16075e+13
1.19250e-06 9.03058e+13
1.19750e-06 8.88465e+13
1.20250e-06 8.75595e+13
1.20750e-06 8.62287e+13
1.21250e-06 8.49091e+13
1.21750e-06 8.36438e+13
1.22250e-06 8.23812e+13
1.22750e-06 8.11314e+13
1.23250e-06 7.99289e+13
1.23750e-06 7.87505e+13
1.24250e-06 7.76079e+13
1.24750e-06 7.63262e+13
1.25250e-06 7.53242e+13
1.25750e-06 7.41355e+13
1.26250e-06 7.31240e+13
1.26750e-06 7.19667e+13
1.27250e-06 7.06182e+13
1.27750e-06 6.78366e+13
1.28250e-06 5.99885e+13
1.28750e-06 6.64801e+13
1.29250e-06 6.67403e+13
1.29750e-06 6.60300e+13
1.30250e-06 6.51820e+13
1.30750e-06 6.42591e+13
1.31250e-06 6.33593e+13
1.31750e-06 6.23953e+13
1.32250e-06 6.16014e+13
1.32750e-06 6.07448e+13
1.33250e-06 5.99036e+13
1.33750e-06 5.90776e+13
1.34250e-06 5.82516e+13
1.34750e-06 5.74508e+13
1.35250e-06 5.66561e+13
1.35750e-06 5.58940e+13
1.36250e-06 5.51355e+13
1.36750e-06 5.43704e+13
1.37250e-06 5.36430e+13
1.37750e-06 5.29486e+13
1.38250e-06 5.22391e+13
1.38750e-06 5.15443e+13
1.39250e-06 5.08523e+13
1.39750e-06 5.01823e+13
1.40250e-06 4.95245e+13
1.40750e-06 4.88690e+13
1.41250e-06 4.82253e+13
1.41750e-06 4.76007e+13
1.42250e-06 4.69799e+13
1.42750e-06 4.63704e+13
1.43250e-06 4.57682e+13
1.43750e-06 4.51769e+13
1.44250e-06 4.45347e+13
1.44750e-06 4.40190e+13
1.45250e-06 4.34326e+13
1.45700e-06 4.29659e+13
1.46200e-06 4.24628e+13
1.46750e-06 4.18880e+13
1.47250e-06 4.13642e+13
1.47750e-06 4.08293e+13
1.48250e-06 4.03487e+13
1.48750e-06 3.98412e+13
1.49250e-06 3.93582e+13
1.49750e-06 3.88439e+13
1.50250e-06 3.83521e+13
1.50750e-06 3.78395e+13
1.51250e-06 3.73148e+13
1.51750e-06 3.67699e+13
1.52250e-06 3.62817e+13
1.52750e-06 3.57992e+13
1.53250e-06 3.52500e+13
1.53750e-06 3.48968e+13
1.54250e-06 3.42434e+13
1.54750e-06 3.40508e+13
1.55250e-06 3.35645e+13
1.55750e-06 3.28089e+13
1.56250e-06 3.32134e+13
1.56750e-06 3.21417e+13
1.57250e-06 3.15019e+13
1.57750e-06 3.22275e+13
1.58250e-06 3.16887e+13
1.58750e-06 2.97972e+13
1.59250e-06 3.05582e+13
1.59750e-06 3.10728e+13
1.60500e-06 2.99802e+13
1.61500e-06 2.85181e+13
1.62500e-06 2.92182e+13
1.63500e-06 2.78388e+13
1.64500e-06 2.64878e+13
1.65500e-06 2.73254e+13
1.66500e-06 2.67386e+13
1.67500e-06 2.53542e+13
1.68500e-06 2.40775e+13
1.69500e-06 2.49626e+13
1.70500e-06 2.45100e+13
1.71500e-06 2.39701e+13
1.72500e-06 2.32903e+13
1.73500e-06 2.11566e+13
1.74500e-06 2.20679e+13
1.75500e-06 2.19444e+13
1.76500e-06 2.15102e+13
1.77500e-06 2.10509e+13
1.78500e-06 2.06111e+13
1.79500e-06 2.01775e+13
1.80500e-06 1.96134e+13
1.81500e-06 1.79364e+13
1.82500e-06 1.84575e+13
1.83500e-06 1.85142e+13
1.84500e-06 1.81801e+13
1.85500e-06 1.77886e+13
1.86500e-06 1.73092e+13
1.87500e-06 1.58220e+13
1.88500e-06 1.65961e+13
1.89500e-06 1.64078e+13
1.90500e-06 1.60937e+13
1.91500e-06 1.57792e+13
1.92500e-06 1.54459e+13
1.93500e-06 1.49949e+13
1.94500e-06 1.36789e+13
1.95500e-06 1.44176e+13
1.96500e-06 1.42878e+13
1.97500e-06 1.40295e+13
1.98500e-06 1.37623e+13
1.99500e-06 1.35016e+13
2.00500e-06 1.32464e+13
2.01500e-06 1.29974e+13
2.02500e-06 1.27536e+13
2.03500e-06 1.25158e+13
2.04500e-06 1.22838e+13
2.05500e-06 1.20548e+13
2.06500e-06 1.18358e+13
2.07500e-06 1.16188e+13
2.08500e-06 1.14079e+13
2.09500e-06 1.12006e+13
2.10500e-06 1.09983e+13
2.11500e-06 1.07969e+13
2.12500e-06 1.06062e+13
2.13500e-06 1.04162e+13
2.14500e-06 1.02186e+13
2.15500e-06 9.95686e+12
2.16500e-06 9.12645e+12
2.17500e-06 9.55240e+12
2.18500e-06 9.51645e+12
2.19500e-06 9.36895e+12
2.20500e-06 9.20901e+12
2.21500e-06 9.05002e+12
2.22500e-06 8.89580e+12
2.23500e-06 8.74473e+12
2.24500e-06 8.59599e+12
2.25500e-06 8.45102e+12
2.26500e-06 8.30900e+12
2.27500e-06 8.16988e+12
2.28500e-06 8.05523e+12
2.29500e-06 7.99306e+12
2.30500e-06 7.86074e+12
2.31500e-06 7.72550e+12
2.32500e-06 7.58043e+12
2.33500e-06 7.44447e+12
2.34500e-06 7.31261e+12
2.35500e-06 7.18339e+12
2.36500e-06 7.06148e+12
2.37500e-06 6.93802e+12
2.38500e-06 6.81969e+12
2.39500e-06 6.70900e+12
2.40500e-06 6.59210e+12
2.41500e-06 6.47690e+12
2.42500e-06 6.37151e+12
2.43500e-06 6.27564e+12
2.44500e-06 6.16593e+12
2.45500e-06 6.07879e+12
2.46500e-06 5.96968e+12
2.47500e-06 5.88704e+12
2.48500e-06 5.80980e+12
2.49500e-06 5.67907e+12
2.50500e-06 5.68708e+12
2.51500e-06 5.56535e+12
2.52500e-06 5.39797e+12
2.53500e-06 5.37892e+12
2.54500e-06 5.33016e+12
2.55500e-06 5.21142e+12
2.56500e-06 5.04724e+12
2.57500e-06 5.07118e+12
2.58500e-06 5.02807e+12
2.59500e-06 4.94604e+12
2.60500e-06 4.80443e+12
2.61500e-06 4.63124e+12
2.62500e-06 4.38870e+12
2.63500e-06 4.60049e+12
2.64500e-06 4.59883e+12
2.65500e-06 4.53459e+12
2.66500e-06 4.42689e+12
2.67500e-06 4.22407e+12
2.68500e-06 4.30120e+12
2.69500e-06 4.28552e+12
2.70500e-06 4.23891e+12
2.71500e-06 4.17958e+12
2.72500e-06 4.12055e+12
2.73500e-06 4.05346e+12
2.74500e-06 3.96968e+12
2.75500e-06 3.76312e+12
2.76500e-06 3.79001e+12
2.77500e-06 3.82091e+12
2.78500e-06 3.78517e+12
2.79500e-06 3.73537e+12
2.80500e-06 3.68408e+12
2.81500e-06 3.63351e+12
2.82500e-06 3.58390e+12
2.83500e-06 3.53508e+12
2.84500e-06 3.48528e+12
2.85500e-06 3.42435e+12
2.86500e-06 3.31700e+12
2.87500e-06 3.15600e+12
2.88500e-06 3.26741e+12
2.89500e-06 3.25090e+12
2.90500e-06 3.21660e+12
2.91500e-06 3.17364e+12
2.92500e-06 3.13216e+12
2.93500e-06 3.09087e+12
2.94500e-06 3.05045e+12
2.95500e-06 3.01073e+12
2.96500e-06 2.97156e+12
2.97500e-06 2.93301e+12
2.98500e-06 2.89508e+12
2.99500e-06 2.85772e+12
3.00500e-06 2.82084e+12
3.01500e-06 2.77961e+12
3.02500e-06 2.72656e+12
3.03500e-06 2.57480e+12
3.04500e-06 2.58323e+12
3.05500e-06 2.62887e+12
3.06500e-06 2.60966e+12
3.07500e-06 2.57980e+12
3.08500e-06 2.54624e+12
3.09500e-06 2.51570e+12
3.10500e-06 2.48444e+12
3.11500e-06 2.45360e+12
3.12500e-06 2.42315e+12
3.13500e-06 2.39338e+12
3.14500e-06 2.36382e+12
3.15500e-06 2.33497e+12
3.16500e-06 2.30636e+12
3.17500e-06 2.27833e+12
3.18500e-06 2.25071e+12
3.19500e-06 2.22344e+12
3.21000e-06 2.18333e+12
3.23000e-06 2.13128e+12
3.25000e-06 2.08073e+12
3.27000e-06 2.02731e+12
3.29000e-06 1.89919e+12
3.31000e-06 1.91610e+12
3.33000e-06 1.90059e+12
3.35000e-06 1.85842e+12
3.37000e-06 1.81540e+12
3.39000e-06 1.77172e+12
3.41000e-06 1.72968e+12
3.43000e-06 1.68981e+12
3.45000e-06 1.65119e+12
3.47000e-06 1.61388e+12
3.49000e-06 1.57681e+12
3.51000e-06 1.54168e+12
3.53000e-06 1.50781e+12
3.55000e-06 1.47413e+12
3.57000e-06 1.44099e+12
3.59000e-06 1.41030e+12
3.61000e-06 1.37928e+12
3.63000e-06 1.35066e+12
3.65000e-06 1.32026e+12
3.67000e-06 1.29500e+12
3.69000e-06 1.26288e+12
3.71000e-06 1.23961e+12
3.73000e-06 1.18936e+12
3.75000e-06 1.15169e+12
3.77000e-06 1.16524e+12
3.79000e-06 1.14419e+12
3.81000e-06 1.11321e+12
3.83000e-06 1.09188e+12
3.85000e-06 1.07792e+12
3.87000e-06 1.05728e+12
3.89000e-06 1.03045e+12
3.91000e-06 9.99852e+11
3.93000e-06 9.92823e+11
3.95000e-06 9.76662e+11
3.97000e-06 9.57787e+11
3.99000e-06 9.39099e+11
4.01000e-06 9.08482e+11
4.03000e-06 8.87587e+11
4.05000e-06 8.50293e+11
4.07000e-06 8.64541e+11
4.09000e-06 8.52368e+11
4.11000e-06 8.36309e+11
4.13000e-06 8.20255e+11
4.15000e-06 8.00688e+11
4.17000e-06 7.69216e+11
4.19000e-06 7.70602e+11
4.21000e-06 7.60875e+11
4.23000e-06 7.47170e+11
4.25000e-06 7.33501e+11
4.27000e-06 7.20116e+11
4.29000e-06 7.07052e+11
4.31000e-06 6.94279e+11
4.33000e-06 6.81792e+11
4.35000e-06 6.67314e+11
4.37000e-06 6.39106e+11
4.39000e-06 6.37596e+11
4.41000e-06 6.33763e+11
4.43000e-06 6.23408e+11
4.45000e-06 6.12490e+11
4.47000e-06 6.03288e+11
4.49000e-06 5.92806e+11
4.51000e-06 5.82559e+11
4.53000e-06 5.72469e+11
4.55000e-06 5.62698e+11
4.57000e-06 5.53094e+11
4.59000e-06 5.43689e+11
4.61000e-06 5.34142e+11
4.63000e-06 5.22508e+11
4.65000e-06 4.92202e+11
4.67000e-06 4.86855e+11
4.69000e-06 4.94289e+11
4.71000e-06 4.90508e+11
4.73000e-06 4.83153e+11
4.75000e-06 4.75169e+11
4.77000e-06 4.67434e+11
4.79000e-06 4.59811e+11
4.81000e-06 4.52348e+11
4.83000e-06 4.45025e+11
4.85000e-06 4.37854e+11
4.87000e-06 4.30834e+11
4.89000e-06 4.23946e+11
4.91000e-06 4.17186e+11
4.93000e-06 4.10569e+11
4.95000e-06 4.04091e+11
4.97000e-06 3.97734e+11
4.99000e-06 3.91496e+11
5.01000e-06 3.85389e+11
5.03000e-06 3.79382e+11
5.05000e-06 3.73518e+11
5.07000e-06 3.67748e+11
5.09000e-06 3.61737e+11
5.11000e-06 3.53241e+11
5.13000e-06 3.35934e+11
5.15000e-06 3.43400e+11
5.17000e-06 3.40326e+11
5.19000e-06 3.35400e+11
5.21000e-06 3.30360e+11
5.23000e-06 3.25414e+11
5.25000e-06 3.20561e+11
5.27000e-06 3.15786e+11
5.29000e-06 3.11114e+11
5.31000e-06 3.06530e+11
5.33000e-06 3.02019e+11
5.35000e-06 2.97607e+11
5.37000e-06 2.93265e+11
5.39000e-06 2.88992e+11
5.41000e-06 2.84812e+11
5.43000e-06 2.80699e+11
5.45000e-06 2.76664e+11
5.47000e-06 2.72693e+11
5.49000e-06 2.68810e+11
5.51000e-06 2.64976e+11
5.53000e-06 2.61227e+11
5.55000e-06 2.57538e+11
5.57000e-06 2.53907e+11
5.59000e-06 2.50345e+11
5.61000e-06 2.46840e+11
5.63000e-06 2.43401e+11
5.65000e-06 2.40029e+11
5.67000e-06 2.36710e+11
5.69000e-06 2.33443e+11
5.71000e-06 2.30239e+11
5.73000e-06 2.27085e+11
5.75000e-06 2.23982e+11
5.77000e-06 2.20938e+11
5.79000e-06 2.17942e+11
5.81000e-06 2.14993e+11
5.83000e-06 2.12102e+11
5.85000e-06 2.09531e+11
5.87000e-06 2.06400e+11
5.89000e-06 2.01776e+11
5.91000e-06 1.91676e+11
5.93000e-06 1.97113e+11
5.95000e-06 1.95801e+11
5.97000e-06 1.93392e+11
5.99000e-06 1.90853e+11
6.01000e-06 1.88365e+11
6.03000e-06 1.85905e+11
6.05000e-06 1.83494e+11
6.07000e-06 1.81111e+11
6.09000e-06 1.78776e+11
6.11000e-06 1.76477e+11
6.13000e-06 1.74215e+11
6.15000e-06 1.71988e+11
6.17000e-06 1.69796e+11
6.19000e-06 1.67638e+11
6.21000e-06 1.65515e+11
6.23000e-06 1.63425e+11
6.25000e-06 1.61368e+11
6.27000e-06 1.59344e+11
6.29000e-06 1.57352e+11
6.31000e-06 1.55390e+11
6.33000e-06 1.53460e+11
6.35000e-06 1.51561e+11
6.37000e-06 1.49682e+11
6.39000e-06 1.47843e+11
6.42000e-06 1.45130e+11
6.46000e-06 1.41614e+11
6.50000e-06 1.38200e+11
6.54000e-06 1.34885e+11
6.58000e-06 1.31675e+11
6.62000e-06 1.28550e+11
6.66000e-06 1.25524e+11
6.70000e-06 1.22586e+11
6.74000e-06 1.19734e+11
6.78000e-06 1.16965e+11
6.82000e-06 1.14277e+11
6.86000e-06 1.11659e+11
6.90000e-06 1.09118e+11
6.94000e-06 1.06652e+11
6.98000e-06 1.04250e+11
7.02000e-06 1.01918e+11
7.06000e-06 9.96555e+10
7.10000e-06 9.74522e+10
7.14000e-06 9.52992e+10
7.18000e-06 9.32173e+10
7.22000e-06 9.11899e+10
7.26000e-06 8.92158e+10
7.30000e-06 8.72934e+10
7.34000e-06 8.54286e+10
7.38000e-06 8.36058e+10
7.42000e-06 8.16531e+10
7.46000e-06 7.76523e+10
7.50000e-06 7.58015e+10
7.54000e-06 7.65434e+10
7.58000e-06 7.52066e+10
7.62000e-06 7.36599e+10
7.66000e-06 7.21479e+10
7.70000e-06 7.06695e+10
7.74000e-06 6.92367e+10
7.78000e-06 6.78357e+10
7.82000e-06 6.64720e+10
7.86000e-06 6.51447e+10
7.90000e-06 6.38468e+10
7.94000e-06 6.25777e+10
7.98000e-06 6.13485e+10
8.02000e-06 6.01406e+10
8.06000e-06 5.89652e+10
8.10000e-06 5.78216e+10
8.14000e-06 5.67027e+10
8.18000e-06 5.56112e+10
8.22000e-06 5.45455e+10
8.26000e-06 5.35056e+10
8.30000e-06 5.24902e+10
8.34000e-06 5.14982e+10
8.38000e-06 5.05298e+10
8.42000e-06 4.95843e+10
8.46000e-06 4.86607e+10
8.50000e-06 4.77585e+10
8.54000e-06 4.68767e+10
8.58000e-06 4.60154e+10
8.62000e-06 4.51740e+10
8.66000e-06 4.43513e+10
8.70000e-06 4.35477e+10
8.74000e-06 4.27619e+10
8.78000e-06 4.19934e+10
8.82000e-06 4.12424e+10
8.86000e-06 4.05081e+10
8.90000e-06 3.97900e+10
8.94000e-06 3.90878e+10
8.98000e-06 3.84012e+10
9.02000e-06 3.77294e+10
9.06000e-06 3.70720e+10
9.10000e-06 3.64288e+10
9.14000e-06 3.57999e+10
9.18000e-06 3.51842e+10
9.22000e-06 3.45818e+10
9.26000e-06 3.39919e+10
9.30000e-06 3.34144e+10
9.34000e-06 3.28494e+10
9.38000e-06 3.22962e+10
9.42000e-06 3.17546e+10
9.46000e-06 3.12244e+10
9.50000e-06 3.07049e+10
9.54000e-06 3.01963e+10
9.58000e-06 2.96983e+10
9.62000e-06 2.92105e+10
9.66000e-06 2.87325e+10
9.70000e-06 2.82638e+10
9.74000e-06 2.78054e+10
9.78000e-06 2.73558e+10
9.82000e-06 2.69154e+10
9.86000e-06 2.64836e+10
9.90000e-06 2.60606e+10
9.94000e-06 2.56457e+10
9.98000e-06 2.52393e+10
1.00200e-05 2.48408e+10
2.00000e-05 1.56880e+09
4.00000e-05 9.65607e+07
6.00000e-05 1.88124e+07
8.00000e-05 5.88606e+06
1.00000e-04 2.38874e+06
1.20000e-04 1.14304e+06
1.40000e-04 6.12879e+05
1.60000e-04 3.57188e+05
