9.09000e-09 0.00000e+00
9.35000e-09 0.00000e+00
9.61000e-09 0.00000e+00
9.77000e-09 0.00000e+00
9.96000e-09 0.00000e+00
1.02000e-08 0.00000e+00
1.03800e-08 0.00000e+00
1.05600e-08 0.00000e+00
1.07700e-08 0.00000e+00
1.10400e-08 0.00000e+00
1.14000e-08 0.00000e+00
1.17800e-08 0.00000e+00
1.21300e-08 0.00000e+00
1.24800e-08 0.00000e+00
1.27100e-08 0.00000e+00
1.28400e-08 0.00000e+00
1.30500e-08 0.00000e+00
1.32400e-08 0.00000e+00
1.33900e-08 0.00000e+00
1.36600e-08 0.00000e+00
1.39800e-08 0.00000e+00
1.43300e-08 0.00000e+00
1.47200e-08 0.00000e+00
1.51000e-08 0.00000e+00
1.55200e-08 0.00000e+00
1.58800e-08 0.00000e+00
1.62000e-08 0.00000e+00
1.66000e-08 0.00000e+00
1.70300e-08 0.00000e+00
1.73400e-08 0.00000e+00
1.76800e-08 0.00000e+00
1.80200e-08 0.00000e+00
1.81700e-08 0.00000e+00
1.86100e-08 0.00000e+00
1.91000e-08 0.00000e+00
1.93900e-08 0.00000e+00
1.98400e-08 0.00000e+00
2.01800e-08 0.00000e+00
2.05000e-08 0.00000e+00
2.10500e-08 0.00000e+00
2.16200e-08 0.00000e+00
2.19800e-08 0.00000e+00
2.23000e-08 0.00000e+00
2.26800e-08 0.00000e+00
2.30000e-08 2.02088e+00
2.34000e-08 4.80435e+00
2.40000e-08 1.31849e+01
2.46500e-08 3.67038e+01
2.52400e-08 8.90588e+01
2.56800e-08 1.64868e+02
2.60000e-08 2.62942e+02
2.64000e-08 4.53005e+02
2.68500e-08 8.15153e+02
2.73500e-08 1.52732e+03
2.78500e-08 2.82054e+03
2.84000e-08 5.42003e+03
2.90000e-08 1.06434e+04
2.96000e-08 2.02202e+04
3.01000e-08 3.40463e+04
3.08000e-08 6.80318e+04
3.18000e-08 1.78076e+05
3.28000e-08 4.27597e+05
3.38000e-08 9.97984e+05
3.48000e-08 2.19641e+06
3.57000e-08 4.49804e+06
3.66000e-08 8.63615e+06
3.75000e-08 1.56881e+07
3.85000e-08 2.98284e+07
3.95000e-08 5.47548e+07
4.05000e-08 9.73424e+07
4.14000e-08 1.60949e+08
4.22000e-08 2.44463e+08
4.30000e-08 3.66462e+08
4.41000e-08 6.31109e+08
4.51000e-08 1.00915e+09
4.60000e-08 1.50651e+09
4.70000e-08 2.31922e+09
4.80000e-08 3.49637e+09
4.90000e-08 5.21037e+09
5.00000e-08 7.60830e+09
5.06000e-08 3.92804e+11
5.12000e-08 2.19663e+12
5.20000e-08 2.73868e+12
5.30000e-08 3.77562e+12
5.40000e-08 4.25992e+12
5.50000e-08 6.45274e+12
5.60000e-08 7.81475e+12
5.70000e-08 1.00988e+13
5.80000e-08 1.02497e+13
5.90000e-08 1.40876e+13
6.00000e-08 1.74960e+13
6.10000e-08 2.17078e+13
6.20000e-08 2.51098e+13
6.30000e-08 2.97236e+13
6.40000e-08 3.27846e+13
6.50000e-08 3.91336e+13
6.58000e-08 4.52732e+13
6.65000e-08 4.88538e+13
6.75000e-08 5.37952e+13
6.85000e-08 6.07273e+13
6.95000e-08 7.31677e+13
7.05000e-08 8.07997e+13
7.16000e-08 9.26438e+13
7.26000e-08 1.02374e+14
7.35000e-08 1.11598e+14
7.45000e-08 1.28245e+14
7.55000e-08 1.43231e+14
7.65000e-08 1.59189e+14
7.75000e-08 1.76998e+14
7.85000e-08 1.95125e+14
7.95000e-08 2.09840e+14
8.05000e-08 2.28314e+14
8.15000e-08 2.45524e+14
8.25000e-08 2.72076e+14
8.35000e-08 2.74752e+14
8.45000e-08 3.08291e+14
8.55000e-08 3.31357e+14
8.65000e-08 3.60470e+14
8.75000e-08 3.92867e+14
8.85000e-08 4.29599e+14
8.95000e-08 4.59865e+14
9.05000e-08 4.70186e+14
9.15000e-08 7.01196e+14
9.25000e-08 2.85463e+15
9.35000e-08 8.14890e+15
9.45000e-08 3.00157e+16
9.55000e-08 6.38152e+16
9.65000e-08 8.57168e+16
9.75000e-08 1.18220e+16
9.85000e-08 9.62731e+16
9.95000e-08 9.26886e+16
1.00500e-07 1.26321e+17
1.01500e-07 1.08848e+17
1.02500e-07 2.08961e+16
1.03500e-07 7.06142e+16
1.04500e-07 1.50057e+17
1.05500e-07 1.43259e+17
1.06500e-07 1.11432e+17
1.07500e-07 1.33662e+17
1.08500e-07 1.04991e+17
1.09500e-07 1.34143e+17
1.10500e-07 1.19666e+17
1.11500e-07 1.11265e+17
1.12500e-07 9.88957e+16
1.13500e-07 1.23872e+17
1.14500e-07 1.07281e+17
1.15500e-07 1.13918e+17
1.16500e-07 1.16589e+17
1.17500e-07 8.12414e+16
1.18500e-07 1.15622e+17
1.19500e-07 8.74538e+16
1.20500e-07 5.79122e+16
1.21500e-07 2.23207e+16
1.22500e-07 7.10644e+16
1.23500e-07 1.06289e+17
1.24500e-07 1.09819e+17
1.25500e-07 1.03414e+17
1.26500e-07 9.12737e+16
1.27500e-07 1.06461e+17
1.28500e-07 1.06321e+17
1.29500e-07 8.14710e+16
1.30500e-07 8.43793e+16
1.31500e-07 1.00800e+17
1.32500e-07 9.23294e+16
1.33500e-07 8.29336e+16
1.34500e-07 9.28235e+16
1.35500e-07 8.97924e+16
1.36500e-07 8.04545e+16
1.37500e-07 8.10161e+16
1.38500e-07 8.15983e+16
1.39500e-07 6.90515e+16
1.40500e-07 7.22573e+16
1.41500e-07 7.29894e+16
1.42500e-07 7.32524e+16
1.43500e-07 7.34864e+16
1.44200e-07 7.55304e+16
1.44700e-07 7.41187e+16
1.45500e-07 7.21634e+16
1.46500e-07 6.62474e+16
1.47500e-07 6.63530e+16
1.48500e-07 6.48423e+16
1.49500e-07 6.44227e+16
1.50500e-07 5.88442e+16
1.51200e-07 5.20682e+16
1.51700e-07 5.43481e+16
1.52500e-07 5.56909e+16
1.53500e-07 4.84362e+16
1.54500e-07 4.95442e+16
1.55500e-07 4.74289e+16
1.56500e-07 4.93535e+16
1.57500e-07 5.20911e+16
1.58500e-07 5.21842e+16
1.59500e-07 5.23390e+16
1.60500e-07 5.24829e+16
1.61500e-07 5.20950e+16
1.62500e-07 5.00776e+16
1.63500e-07 5.25786e+16
1.64500e-07 5.20540e+16
1.65500e-07 4.96072e+16
1.66500e-07 5.26646e+16
1.67200e-07 5.05145e+16
1.67700e-07 5.19243e+16
1.68500e-07 5.22776e+16
1.69500e-07 4.95095e+16
1.70500e-07 4.72341e+16
1.71500e-07 4.45702e+16
1.72500e-07 4.38650e+16
1.73500e-07 4.59727e+16
1.74500e-07 4.40134e+16
1.75500e-07 4.54519e+16
1.76500e-07 4.26660e+16
1.77500e-07 4.20766e+16
1.78500e-07 4.25619e+16
1.79500e-07 4.40673e+16
1.80500e-07 4.40892e+16
1.81500e-07 3.95917e+16
1.82500e-07 4.12720e+16
1.83500e-07 3.92660e+16
1.84500e-07 3.59950e+16
1.85500e-07 3.52499e+16
1.86500e-07 3.58586e+16
1.87500e-07 3.85622e+16
1.88500e-07 3.44252e+16
1.89500e-07 3.20811e+16
1.90500e-07 3.48772e+16
1.91500e-07 3.25261e+16
1.92500e-07 3.14265e+16
1.93500e-07 3.29328e+16
1.94500e-07 3.35679e+16
1.95500e-07 3.07050e+16
1.96700e-07 3.32000e+16
1.97600e-07 3.44391e+16
1.98400e-07 3.18382e+16
1.99500e-07 3.11312e+16
2.00500e-07 3.20425e+16
2.01500e-07 3.11954e+16
2.02500e-07 3.26870e+16
2.03500e-07 2.99503e+16
2.04500e-07 3.03842e+16
2.05500e-07 2.94398e+16
2.06500e-07 2.97313e+16
2.07400e-07 3.09662e+16
2.07800e-07 2.83790e+16
2.08500e-07 2.96100e+16
2.09500e-07 2.79177e+16
2.10500e-07 2.87218e+16
2.11500e-07 2.86100e+16
2.12500e-07 2.89980e+16
2.13500e-07 2.81344e+16
2.14500e-07 2.70416e+16
2.15500e-07 2.79950e+16
2.16500e-07 2.75755e+16
2.17500e-07 2.72054e+16
2.18500e-07 2.64322e+16
2.19500e-07 2.68832e+16
2.20500e-07 2.63036e+16
2.21500e-07 2.57610e+16
2.22500e-07 2.48618e+16
2.23500e-07 2.51972e+16
2.24500e-07 2.50211e+16
2.25500e-07 2.41529e+16
2.26500e-07 2.45283e+16
2.27500e-07 2.43546e+16
2.28500e-07 2.43786e+16
2.29500e-07 2.32968e+16
2.30500e-07 2.33582e+16
2.31500e-07 2.25832e+16
2.32500e-07 1.88218e+16
2.33500e-07 2.13992e+16
2.34500e-07 2.12041e+16
2.35500e-07 2.13389e+16
2.36500e-07 2.07682e+16
2.37500e-07 2.07072e+16
2.38500e-07 2.02372e+16
2.39500e-07 2.05881e+16
2.40500e-07 1.98440e+16
2.41500e-07 1.98816e+16
2.42500e-07 1.99620e+16
2.43500e-07 1.91884e+16
2.44500e-07 1.94685e+16
2.45500e-07 1.93709e+16
2.46500e-07 1.89704e+16
2.47500e-07 1.86390e+16
2.48500e-07 1.88151e+16
2.49500e-07 1.80231e+16
2.50500e-07 1.84834e+16
2.51300e-07 1.75499e+16
2.51800e-07 1.81630e+16
2.52500e-07 1.76033e+16
2.53500e-07 1.73761e+16
2.54500e-07 1.70054e+16
2.55500e-07 1.73227e+16
2.56500e-07 1.71049e+16
2.57500e-07 1.72325e+16
2.58500e-07 1.71677e+16
2.59500e-07 1.69981e+16
2.60500e-07 1.66380e+16
2.61500e-07 1.65011e+16
2.62500e-07 1.63543e+16
2.63500e-07 1.62424e+16
2.64500e-07 1.64423e+16
2.65500e-07 1.63363e+16
2.66500e-07 1.58289e+16
2.67500e-07 1.59329e+16
2.68500e-07 1.57982e+16
2.69500e-07 1.54084e+16
2.70500e-07 1.53220e+16
2.71500e-07 1.50923e+16
2.72500e-07 1.48665e+16
2.73500e-07 1.49786e+16
2.74500e-07 1.43467e+16
2.75500e-07 1.43018e+16
2.76500e-07 1.42611e+16
2.77500e-07 1.44105e+16
2.78500e-07 1.42149e+16
2.79500e-07 1.34184e+16
2.80500e-07 1.37180e+16
2.81500e-07 1.39002e+16
2.82500e-07 1.36660e+16
2.83500e-07 1.30922e+16
2.84500e-07 1.32004e+16
2.85500e-07 1.31654e+16
2.86500e-07 1.32311e+16
2.87500e-07 1.30198e+16
2.88500e-07 1.29057e+16
2.89500e-07 1.27965e+16
2.91000e-07 1.26271e+16
2.93000e-07 1.23421e+16
2.95000e-07 1.20173e+16
2.97000e-07 1.18953e+16
2.99000e-07 1.16288e+16
3.01000e-07 1.14153e+16
3.03000e-07 1.12934e+16
3.05000e-07 1.10640e+16
3.07000e-07 1.08496e+16
3.09000e-07 1.06141e+16
3.11000e-07 1.04313e+16
3.13000e-07 1.02403e+16
3.15000e-07 1.00572e+16
3.17000e-07 9.84368e+15
3.19000e-07 9.57847e+15
3.21000e-07 9.50701e+15
3.23000e-07 9.34523e+15
3.25000e-07 9.17885e+15
3.27000e-07 9.01829e+15
3.29000e-07 8.84842e+15
3.31000e-07 8.71224e+15
3.33000e-07 8.55117e+15
3.35000e-07 8.38324e+15
3.37000e-07 8.24986e+15
3.39000e-07 8.11117e+15
3.41000e-07 7.97289e+15
3.43000e-07 7.72808e+15
3.45000e-07 7.59443e+15
3.47000e-07 7.54562e+15
3.49000e-07 7.42753e+15
3.51000e-07 7.31958e+15
3.53000e-07 7.20059e+15
3.55000e-07 7.08083e+15
3.57000e-07 6.98753e+15
3.59000e-07 6.81810e+15
3.61000e-07 6.71097e+15
3.63000e-07 6.60520e+15
3.64000e-07 6.59568e+15
3.65000e-07 6.53951e+15
3.67000e-07 6.45277e+15
3.69000e-07 6.17024e+15
3.71000e-07 5.87070e+15
3.73000e-07 5.69283e+15
3.75000e-07 6.10484e+15
3.77000e-07 6.10995e+15
3.79000e-07 6.54946e+15
3.81000e-07 6.98955e+15
3.83000e-07 6.03533e+15
3.85000e-07 7.18742e+15
3.87000e-07 7.36336e+15
3.89000e-07 5.55532e+15
3.91000e-07 7.31623e+15
3.93000e-07 7.17244e+15
3.95000e-07 7.08405e+15
3.97000e-07 5.18214e+15
3.99000e-07 6.76738e+15
4.01000e-07 6.86334e+15
4.03000e-07 6.54394e+15
4.05000e-07 6.70570e+15
4.07000e-07 6.46666e+15
4.09000e-07 5.79325e+15
4.11000e-07 4.98030e+15
4.13000e-07 6.05065e+15
4.15000e-07 6.06815e+15
4.17000e-07 6.04193e+15
4.19000e-07 5.98718e+15
4.21000e-07 5.91343e+15
4.23000e-07 5.79869e+15
4.25000e-07 5.68751e+15
4.27000e-07 5.48228e+15
4.29000e-07 5.48676e+15
4.31000e-07 5.32989e+15
4.33000e-07 4.65747e+15
4.35000e-07 4.21178e+15
4.37000e-07 5.04881e+15
4.39000e-07 4.98004e+15
4.41000e-07 4.98766e+15
4.43000e-07 4.89934e+15
4.45000e-07 4.86187e+15
4.47000e-07 4.55450e+15
4.49000e-07 4.67641e+15
4.51000e-07 4.65373e+15
4.53000e-07 4.56701e+15
4.55000e-07 4.50257e+15
4.57000e-07 4.43619e+15
4.59000e-07 4.36829e+15
4.61000e-07 4.28686e+15
4.63000e-07 4.21546e+15
4.65000e-07 4.14216e+15
4.67000e-07 4.10417e+15
4.69000e-07 4.05828e+15
4.71000e-07 3.90773e+15
4.73000e-07 3.90371e+15
4.75000e-07 3.84620e+15
4.77000e-07 3.82991e+15
4.79000e-07 3.76203e+15
4.81000e-07 3.68001e+15
4.83000e-07 3.60018e+15
4.85000e-07 3.22269e+15
4.87000e-07 2.84348e+15
4.89000e-07 3.43313e+15
4.91000e-07 3.43038e+15
4.93000e-07 3.30293e+15
4.95000e-07 3.35210e+15
4.97000e-07 3.31297e+15
4.99000e-07 3.26150e+15
5.01000e-07 3.12970e+15
5.03000e-07 3.16189e+15
5.05000e-07 3.06954e+15
5.07000e-07 3.08259e+15
5.09000e-07 3.03864e+15
5.11000e-07 2.99008e+15
5.13000e-07 2.93446e+15
5.15000e-07 2.89410e+15
5.17000e-07 2.87542e+15
5.19000e-07 2.83624e+15
5.21000e-07 2.77786e+15
5.23000e-07 2.75928e+15
5.25000e-07 2.72408e+15
5.27000e-07 2.68404e+15
5.29000e-07 2.65450e+15
5.31000e-07 2.61650e+15
5.33000e-07 2.58046e+15
5.35000e-07 2.54014e+15
5.37000e-07 2.51747e+15
5.39000e-07 2.48378e+15
5.41000e-07 2.45039e+15
5.43000e-07 2.41231e+15
5.45000e-07 2.38297e+15
5.47000e-07 2.35210e+15
5.49000e-07 2.32562e+15
5.51000e-07 2.29549e+15
5.53000e-07 2.26586e+15
5.55000e-07 2.23953e+15
5.57000e-07 2.20988e+15
5.59000e-07 2.18324e+15
5.61000e-07 2.15382e+15
5.63000e-07 2.12998e+15
5.65000e-07 2.08861e+15
5.67000e-07 2.06125e+15
5.69000e-07 2.03934e+15
5.71000e-07 2.02138e+15
5.73000e-07 1.99765e+15
5.75000e-07 1.97216e+15
5.77000e-07 1.95082e+15
5.79000e-07 1.92646e+15
5.81000e-07 1.90251e+15
5.83000e-07 1.87850e+15
5.85000e-07 1.85654e+15
5.87000e-07 1.76957e+15
5.89000e-07 1.79905e+15
5.91000e-07 1.78819e+15
5.93000e-07 1.76672e+15
5.95000e-07 1.74103e+15
5.97000e-07 1.72695e+15
5.99000e-07 1.70190e+15
6.01000e-07 1.68673e+15
6.03000e-07 1.66592e+15
6.05000e-07 1.64669e+15
6.07000e-07 1.62768e+15
6.09000e-07 1.60787e+15
6.11000e-07 1.58989e+15
6.13000e-07 1.57181e+15
6.15000e-07 1.54637e+15
6.17000e-07 1.53398e+15
6.19000e-07 1.51769e+15
6.21000e-07 1.50022e+15
6.23000e-07 1.48274e+15
6.25000e-07 1.46265e+15
6.27000e-07 1.44836e+15
6.29000e-07 1.43230e+15
6.31000e-07 1.41482e+15
6.33000e-07 1.40025e+15
6.35000e-07 1.37509e+15
6.37000e-07 1.36332e+15
6.39000e-07 1.35276e+15
6.41000e-07 1.33654e+15
6.43000e-07 1.32414e+15
6.45000e-07 1.30834e+15
6.47000e-07 1.29180e+15
6.49000e-07 1.27759e+15
6.51000e-07 1.26077e+15
6.53000e-07 1.23954e+15
6.55000e-07 1.16279e+15
6.56125e-07 1.01652e+15
6.59000e-07 1.17787e+15
6.61000e-07 1.19205e+15
6.63000e-07 1.18366e+15
6.65000e-07 1.17315e+15
6.67000e-07 1.14758e+15
6.69000e-07 1.13526e+15
6.71000e-07 1.13586e+15
6.73000e-07 1.12330e+15
6.75000e-07 1.11194e+15
6.77000e-07 1.10061e+15
6.79000e-07 1.08319e+15
6.81000e-07 1.07618e+15
6.83000e-07 1.06513e+15
6.85000e-07 1.05450e+15
6.87000e-07 1.04366e+15
6.89000e-07 1.03253e+15
6.91000e-07 1.02183e+15
6.93000e-07 1.01013e+15
6.95000e-07 1.00082e+15
6.97000e-07 9.90741e+14
6.99000e-07 9.80222e+14
7.01000e-07 9.69960e+14
7.03000e-07 9.60028e+14
7.05000e-07 9.49586e+14
7.07000e-07 9.24851e+14
7.09000e-07 9.31332e+14
7.11000e-07 9.18946e+14
7.13000e-07 9.10018e+14
7.15000e-07 9.02723e+14
7.17000e-07 8.93884e+14
7.19000e-07 8.85274e+14
7.21000e-07 8.76384e+14
7.23000e-07 8.57704e+14
7.25000e-07 8.58426e+14
7.27000e-07 8.50430e+14
7.29000e-07 8.34499e+14
7.31000e-07 8.33464e+14
7.33000e-07 8.25416e+14
7.35000e-07 8.17444e+14
7.37000e-07 8.09406e+14
7.39000e-07 8.01444e+14
7.41000e-07 7.93624e+14
7.43000e-07 7.85058e+14
7.45000e-07 7.78066e+14
7.47000e-07 7.69652e+14
7.49000e-07 7.62794e+14
7.51000e-07 7.55330e+14
7.53000e-07 7.48266e+14
7.55000e-07 7.41333e+14
7.57000e-07 7.34266e+14
7.59000e-07 7.27131e+14
7.61000e-07 7.20322e+14
7.63000e-07 7.13509e+14
7.65000e-07 7.06693e+14
7.67000e-07 7.00131e+14
7.69000e-07 6.93372e+14
7.71000e-07 6.86865e+14
7.73000e-07 6.80478e+14
7.75000e-07 6.74022e+14
7.77000e-07 6.62757e+14
7.79000e-07 6.61655e+14
7.81000e-07 6.54997e+14
7.83000e-07 6.49443e+14
7.85000e-07 6.42409e+14
7.87000e-07 6.35742e+14
7.89000e-07 6.28892e+14
7.91000e-07 6.25174e+14
7.93000e-07 6.19448e+14
7.95000e-07 6.12580e+14
7.97000e-07 6.08027e+14
7.99000e-07 6.01151e+14
8.01000e-07 5.96978e+14
8.03000e-07 5.92080e+14
8.05000e-07 5.86758e+14
8.07000e-07 5.82002e+14
8.09000e-07 5.75594e+14
8.11000e-07 5.70496e+14
8.13000e-07 5.66410e+14
8.15000e-07 5.60367e+14
8.17000e-07 5.56487e+14
8.19000e-07 5.50851e+14
8.21000e-07 5.42794e+14
8.23000e-07 5.38574e+14
8.25000e-07 5.35805e+14
8.27000e-07 5.29097e+14
8.29000e-07 5.26333e+14
8.31000e-07 5.21970e+14
8.33000e-07 5.17251e+14
8.35000e-07 5.11685e+14
8.37000e-07 5.06178e+14
8.39000e-07 5.03088e+14
8.41000e-07 4.98530e+14
8.43000e-07 4.90267e+14
8.45000e-07 4.82008e+14
8.47000e-07 4.80627e+14
8.49000e-07 4.75130e+14
8.51000e-07 4.69034e+14
8.53000e-07 4.68883e+14
8.55000e-07 4.53963e+14
8.57000e-07 4.68963e+14
8.59000e-07 4.45716e+14
8.61000e-07 4.43552e+14
8.63000e-07 4.63805e+14
8.65000e-07 4.45581e+14
8.67000e-07 4.15552e+14
8.69000e-07 4.49211e+14
8.71000e-07 4.56288e+14
8.73000e-07 4.37872e+14
8.75000e-07 3.94053e+14
8.77000e-07 4.22004e+14
8.79000e-07 4.42428e+14
8.81000e-07 4.41707e+14
8.83000e-07 4.33384e+14
8.85000e-07 4.01014e+14
8.87000e-07 3.71210e+14
8.89000e-07 4.15203e+14
8.91000e-07 4.23487e+14
8.93000e-07 4.22078e+14
8.95000e-07 4.20194e+14
8.97000e-07 4.14511e+14
8.99000e-07 3.97105e+14
9.01000e-07 3.50895e+14
9.03000e-07 3.67084e+14
9.05000e-07 3.95376e+14
9.07000e-07 3.94976e+14
9.09000e-07 3.95510e+14
9.11000e-07 3.94492e+14
9.13000e-07 3.91641e+14
9.15000e-07 3.88302e+14
9.17000e-07 3.82846e+14
9.19000e-07 3.76913e+14
9.21000e-07 3.55811e+14
9.23000e-07 3.11067e+14
9.25000e-07 3.47809e+14
9.27000e-07 3.61080e+14
9.29000e-07 3.65459e+14
9.31000e-07 3.62443e+14
9.33000e-07 3.61294e+14
9.35000e-07 3.59000e+14
9.37000e-07 3.56546e+14
9.39000e-07 3.53568e+14
9.41000e-07 3.49165e+14
9.43000e-07 3.48088e+14
9.45000e-07 3.44756e+14
9.47000e-07 3.39390e+14
9.49000e-07 3.37400e+14
9.51000e-07 3.28310e+14
9.53000e-07 3.08852e+14
9.55000e-07 2.74308e+14
9.57000e-07 3.11195e+14
9.59000e-07 3.21753e+14
9.61000e-07 3.21431e+14
9.63000e-07 3.18062e+14
9.65000e-07 3.19144e+14
9.67000e-07 3.16657e+14
9.69000e-07 3.14071e+14
9.71000e-07 3.10969e+14
9.73000e-07 3.09648e+14
9.75000e-07 3.07182e+14
9.77000e-07 3.04939e+14
9.79000e-07 3.02582e+14
9.81000e-07 3.00222e+14
9.83000e-07 2.97844e+14
9.85000e-07 2.95684e+14
9.87000e-07 2.93335e+14
9.89000e-07 2.90902e+14
9.91000e-07 2.87569e+14
9.93000e-07 2.86748e+14
9.95000e-07 2.84169e+14
9.97000e-07 2.81439e+14
9.99000e-07 2.78527e+14
1.00250e-06 2.60224e+14
1.00750e-06 2.50848e+14
1.01250e-06 2.64204e+14
1.01750e-06 2.61512e+14
1.02250e-06 2.56788e+14
1.02750e-06 2.52246e+14
1.03250e-06 2.46586e+14
1.03750e-06 2.43214e+14
1.04250e-06 2.38859e+14
1.04750e-06 2.34559e+14
1.05250e-06 2.30336e+14
1.05750e-06 2.26293e+14
1.06250e-06 2.22339e+14
1.06750e-06 2.17733e+14
1.07250e-06 2.14571e+14
1.07750e-06 2.10832e+14
1.08250e-06 2.04548e+14
1.08750e-06 2.02041e+14
1.09250e-06 1.80437e+14
1.09750e-06 1.89478e+14
1.10250e-06 1.91712e+14
1.10750e-06 1.90040e+14
1.11250e-06 1.86902e+14
1.11750e-06 1.83746e+14
1.12250e-06 1.80564e+14
1.12750e-06 1.77179e+14
1.13250e-06 1.74372e+14
1.13750e-06 1.71832e+14
1.14250e-06 1.68943e+14
1.14750e-06 1.66244e+14
1.15250e-06 1.63526e+14
1.15750e-06 1.60820e+14
1.16250e-06 1.58171e+14
1.16750e-06 1.55650e+14
1.17250e-06 1.53196e+14
1.17750e-06 1.50545e+14
1.18250e-06 1.48358e+14
1.18750e-06 1.45979e+14
1.19250e-06 1.43716e+14
1.19750e-06 1.40522e+14
1.20250e-06 1.39236e+14
1.20750e-06 1.37057e+14
1.21250e-06 1.34922e+14
1.21750e-06 1.32835e+14
1.22250e-06 1.30785e+14
1.22750e-06 1.28769e+14
1.23250e-06 1.26796e+14
1.23750e-06 1.24864e+14
1.24250e-06 1.22977e+14
1.24750e-06 1.21006e+14
1.25250e-06 1.19019e+14
1.25750e-06 1.17429e+14
1.26250e-06 1.15713e+14
1.26750e-06 1.13993e+14
1.27250e-06 1.11957e+14
1.27750e-06 1.07841e+14
1.28250e-06 9.85501e+13
1.28750e-06 1.06013e+14
1.29250e-06 1.05616e+14
1.29750e-06 1.03757e+14
1.30250e-06 1.02797e+14
1.30750e-06 1.01310e+14
1.31250e-06 9.98502e+13
1.31750e-06 9.83732e+13
1.32250e-06 9.70083e+13
1.32750e-06 9.56247e+13
1.33250e-06 9.42634e+13
1.33750e-06 9.29303e+13
1.34250e-06 9.15308e+13
1.34750e-06 9.03258e+13
1.35250e-06 8.90537e+13
1.35750e-06 8.78162e+13
1.36250e-06 8.65925e+13
1.36750e-06 8.53883e+13
1.37250e-06 8.42114e+13
1.37750e-06 8.30611e+13
1.38250e-06 8.19233e+13
1.38750e-06 8.08016e+13
1.39250e-06 7.96706e+13
1.39750e-06 7.86020e+13
1.40250e-06 7.75541e+13
1.40750e-06 7.65059e+13
1.41250e-06 7.54761e+13
1.41750e-06 7.44703e+13
1.42250e-06 7.34748e+13
1.42750e-06 7.24988e+13
1.43250e-06 7.15364e+13
1.43750e-06 7.05894e+13
1.44250e-06 6.96337e+13
1.44750e-06 6.87346e+13
1.45250e-06 6.78354e+13
1.45700e-06 6.70496e+13
1.46200e-06 6.61900e+13
1.46750e-06 6.52592e+13
1.47250e-06 6.44188e+13
1.47750e-06 6.35867e+13
1.48250e-06 6.27882e+13
1.48750e-06 6.19888e+13
1.49250e-06 6.12038e+13
1.49750e-06 6.04128e+13
1.50250e-06 5.96442e+13
1.50750e-06 5.87652e+13
1.51250e-06 5.80809e+13
1.51750e-06 5.73028e+13
1.52250e-06 5.65484e+13
1.52750e-06 5.58010e+13
1.53250e-06 5.50124e+13
1.53750e-06 5.43779e+13
1.54250e-06 5.35192e+13
1.54750e-06 5.30245e+13
1.55250e-06 5.22928e+13
1.55750e-06 5.13752e+13
1.56250e-06 5.13756e+13
1.56750e-06 5.01851e+13
1.57250e-06 4.93637e+13
1.57750e-06 4.96765e+13
1.58250e-06 4.89359e+13
1.58750e-06 4.70166e+13
1.59250e-06 4.74423e+13
1.59750e-06 4.76167e+13
1.60500e-06 4.62792e+13
1.61500e-06 4.44714e+13
1.62500e-06 4.46577e+13
1.63500e-06 4.29673e+13
1.64500e-06 4.12534e+13
1.65500e-06 4.16917e+13
1.66500e-06 4.07670e+13
1.67500e-06 3.90746e+13
1.68500e-06 3.74352e+13
1.69500e-06 3.80202e+13
1.70500e-06 3.70584e+13
1.71500e-06 3.64136e+13
1.72500e-06 3.54723e+13
1.73500e-06 3.29746e+13
1.74500e-06 3.37199e+13
1.75500e-06 3.33110e+13
1.76500e-06 3.25996e+13
1.77500e-06 3.18914e+13
1.78500e-06 3.11945e+13
1.79500e-06 3.05498e+13
1.80500e-06 2.97855e+13
1.81500e-06 2.77611e+13
1.82500e-06 2.81952e+13
1.83500e-06 2.80330e+13
1.84500e-06 2.74688e+13
1.85500e-06 2.68713e+13
1.86500e-06 2.60835e+13
1.87500e-06 2.44204e+13
1.88500e-06 2.51809e+13
1.89500e-06 2.47596e+13
1.90500e-06 2.41909e+13
1.91500e-06 2.37848e+13
1.92500e-06 2.33086e+13
1.93500e-06 2.27021e+13
1.94500e-06 2.10691e+13
1.95500e-06 2.17885e+13
1.96500e-06 2.15273e+13
1.97500e-06 2.11090e+13
1.98500e-06 2.06999e+13
1.99500e-06 2.03007e+13
2.00500e-06 1.99113e+13
2.01500e-06 1.95314e+13
2.02500e-06 1.91598e+13
2.03500e-06 1.87973e+13
2.04500e-06 1.84364e+13
2.05500e-06 1.80594e+13
2.06500e-06 1.77604e+13
2.07500e-06 1.74303e+13
2.08500e-06 1.71084e+13
2.09500e-06 1.67936e+13
2.10500e-06 1.64864e+13
2.11500e-06 1.61246e+13
2.12500e-06 1.58906e+13
2.13500e-06 1.56032e+13
2.14500e-06 1.53172e+13
2.15500e-06 1.49653e+13
2.16500e-06 1.39111e+13
2.17500e-06 1.43840e+13
2.18500e-06 1.42471e+13
2.19500e-06 1.40104e+13
2.20500e-06 1.37666e+13
2.21500e-06 1.35267e+13
2.22500e-06 1.32897e+13
2.23500e-06 1.30624e+13
2.24500e-06 1.28372e+13
2.25500e-06 1.26176e+13
2.26500e-06 1.24022e+13
2.27500e-06 1.21915e+13
2.28500e-06 1.20006e+13
2.29500e-06 1.18540e+13
2.30500e-06 1.16521e+13
2.31500e-06 1.14596e+13
2.32500e-06 1.12686e+13
2.33500e-06 1.10624e+13
2.34500e-06 1.08675e+13
2.35500e-06 1.06810e+13
2.36500e-06 1.05006e+13
2.37500e-06 1.03209e+13
2.38500e-06 1.01504e+13
2.39500e-06 9.98174e+12
2.40500e-06 9.81097e+12
2.41500e-06 9.64979e+12
2.42500e-06 9.49414e+12
2.43500e-06 9.34261e+12
2.44500e-06 9.18253e+12
2.45500e-06 9.04724e+12
2.46500e-06 8.89215e+12
2.47500e-06 8.74910e+12
2.48500e-06 8.63490e+12
2.49500e-06 8.46657e+12
2.50500e-06 8.41892e+12
2.51500e-06 8.25383e+12
2.52500e-06 8.05799e+12
2.53500e-06 7.98692e+12
2.54500e-06 7.89054e+12
2.55500e-06 7.73887e+12
2.56500e-06 7.54695e+12
2.57500e-06 7.51856e+12
2.58500e-06 7.43175e+12
2.59500e-06 7.31416e+12
2.60500e-06 7.14597e+12
2.61500e-06 6.93000e+12
2.62500e-06 6.59136e+12
2.63500e-06 6.83606e+12
2.64500e-06 6.79254e+12
2.65500e-06 6.68856e+12
2.66500e-06 6.55836e+12
2.67500e-06 6.33094e+12
2.68500e-06 6.36696e+12
2.69500e-06 6.32291e+12
2.70500e-06 6.23917e+12
2.71500e-06 6.14986e+12
2.72500e-06 6.06219e+12
2.73500e-06 5.97362e+12
2.74500e-06 5.86118e+12
2.75500e-06 5.62662e+12
2.76500e-06 5.63034e+12
2.77500e-06 5.63142e+12
2.78500e-06 5.56676e+12
2.79500e-06 5.48890e+12
2.80500e-06 5.41249e+12
2.81500e-06 5.33797e+12
2.82500e-06 5.26437e+12
2.83500e-06 5.19168e+12
2.84500e-06 5.12080e+12
2.85500e-06 5.03738e+12
2.86500e-06 4.91140e+12
2.87500e-06 4.71322e+12
2.88500e-06 4.81684e+12
2.89500e-06 4.77913e+12
2.90500e-06 4.71860e+12
2.91500e-06 4.65569e+12
2.92500e-06 4.59353e+12
2.93500e-06 4.53254e+12
2.94500e-06 4.47228e+12
2.95500e-06 4.41358e+12
2.96500e-06 4.35515e+12
2.97500e-06 4.29825e+12
2.98500e-06 4.24202e+12
2.99500e-06 4.18669e+12
3.00500e-06 4.13226e+12
3.01500e-06 4.07684e+12
3.02500e-06 4.00678e+12
3.03500e-06 3.82275e+12
3.04500e-06 3.82373e+12
3.05500e-06 3.85888e+12
3.06500e-06 3.82380e+12
3.07500e-06 3.77459e+12
3.08500e-06 3.72664e+12
3.09500e-06 3.68046e+12
3.10500e-06 3.63412e+12
3.11500e-06 3.58839e+12
3.12500e-06 3.54332e+12
3.13500e-06 3.49951e+12
3.14500e-06 3.45600e+12
3.15500e-06 3.41320e+12
3.16500e-06 3.37098e+12
3.17500e-06 3.32952e+12
3.18500e-06 3.28867e+12
3.19500e-06 3.24841e+12
3.21000e-06 3.18916e+12
3.23000e-06 3.11227e+12
3.25000e-06 3.03767e+12
3.27000e-06 2.96236e+12
3.29000e-06 2.79872e+12
3.31000e-06 2.80547e+12
3.33000e-06 2.76739e+12
3.35000e-06 2.70353e+12
3.37000e-06 2.64075e+12
3.39000e-06 2.58008e+12
3.41000e-06 2.52104e+12
3.43000e-06 2.46348e+12
3.45000e-06 2.40648e+12
3.47000e-06 2.34894e+12
3.49000e-06 2.29528e+12
3.51000e-06 2.24400e+12
3.53000e-06 2.19389e+12
3.55000e-06 2.14470e+12
3.57000e-06 2.09723e+12
3.59000e-06 2.05195e+12
3.61000e-06 2.00676e+12
3.63000e-06 1.96400e+12
3.65000e-06 1.92046e+12
3.67000e-06 1.88179e+12
3.69000e-06 1.83754e+12
3.71000e-06 1.79961e+12
3.73000e-06 1.73449e+12
3.75000e-06 1.68416e+12
3.77000e-06 1.69184e+12
3.79000e-06 1.66102e+12
3.81000e-06 1.61833e+12
3.83000e-06 1.58634e+12
3.85000e-06 1.56233e+12
3.87000e-06 1.53098e+12
3.89000e-06 1.49481e+12
3.91000e-06 1.45524e+12
3.93000e-06 1.43834e+12
3.95000e-06 1.41201e+12
3.97000e-06 1.38433e+12
3.99000e-06 1.35712e+12
4.01000e-06 1.31920e+12
4.03000e-06 1.28838e+12
4.05000e-06 1.23813e+12
4.07000e-06 1.25196e+12
4.09000e-06 1.23072e+12
4.11000e-06 1.20722e+12
4.13000e-06 1.18336e+12
4.15000e-06 1.15833e+12
4.17000e-06 1.11958e+12
4.19000e-06 1.11474e+12
4.21000e-06 1.09779e+12
4.23000e-06 1.07744e+12
4.25000e-06 1.05706e+12
4.27000e-06 1.03809e+12
4.29000e-06 1.01744e+12
4.31000e-06 1.00049e+12
4.33000e-06 9.82350e+11
4.35000e-06 9.63164e+11
4.37000e-06 9.28091e+11
4.39000e-06 9.22234e+11
4.41000e-06 9.13540e+11
4.43000e-06 8.97516e+11
4.45000e-06 8.81666e+11
4.47000e-06 8.67365e+11
4.49000e-06 8.52162e+11
4.51000e-06 8.37304e+11
4.53000e-06 8.22749e+11
4.55000e-06 8.08544e+11
4.57000e-06 7.94610e+11
4.59000e-06 7.80995e+11
4.61000e-06 7.67408e+11
4.63000e-06 7.52375e+11
4.65000e-06 7.11890e+11
4.67000e-06 7.05840e+11
4.69000e-06 7.11633e+11
4.71000e-06 7.04974e+11
4.73000e-06 6.93367e+11
4.75000e-06 6.81830e+11
4.77000e-06 6.70627e+11
4.79000e-06 6.59604e+11
4.81000e-06 6.48789e+11
4.83000e-06 6.38211e+11
4.85000e-06 6.27849e+11
4.87000e-06 6.17684e+11
4.89000e-06 6.07726e+11
4.91000e-06 5.97972e+11
4.93000e-06 5.88418e+11
4.95000e-06 5.79045e+11
4.97000e-06 5.69864e+11
4.99000e-06 5.60857e+11
5.01000e-06 5.52020e+11
5.03000e-06 5.43366e+11
5.05000e-06 5.34890e+11
5.07000e-06 5.26560e+11
5.09000e-06 5.18388e+11
5.11000e-06 5.07211e+11
5.13000e-06 4.84840e+11
5.15000e-06 4.92715e+11
5.17000e-06 4.87289e+11
5.19000e-06 4.79890e+11
5.21000e-06 4.72618e+11
5.23000e-06 4.65485e+11
5.25000e-06 4.58487e+11
5.27000e-06 4.51622e+11
5.29000e-06 4.44889e+11
5.31000e-06 4.38270e+11
5.33000e-06 4.31778e+11
5.35000e-06 4.25410e+11
5.37000e-06 4.19151e+11
5.39000e-06 4.13012e+11
5.41000e-06 4.06978e+11
5.43000e-06 4.01059e+11
5.45000e-06 3.95242e+11
5.47000e-06 3.89537e+11
5.49000e-06 3.83929e+11
5.51000e-06 3.78429e+11
5.53000e-06 3.73024e+11
5.55000e-06 3.67710e+11
5.57000e-06 3.62488e+11
5.59000e-06 3.57367e+11
5.61000e-06 3.52334e+11
5.63000e-06 3.47387e+11
5.65000e-06 3.42524e+11
5.67000e-06 3.37745e+11
5.69000e-06 3.33059e+11
5.71000e-06 3.28442e+11
5.73000e-06 3.23904e+11
5.75000e-06 3.19456e+11
5.77000e-06 3.15073e+11
5.79000e-06 3.10765e+11
5.81000e-06 3.06542e+11
5.83000e-06 3.02381e+11
5.85000e-06 2.98533e+11
5.87000e-06 2.94392e+11
5.89000e-06 2.88302e+11
5.91000e-06 2.75051e+11
5.93000e-06 2.81394e+11
5.95000e-06 2.79069e+11
5.97000e-06 2.75374e+11
5.99000e-06 2.71732e+11
6.01000e-06 2.68154e+11
6.03000e-06 2.64637e+11
6.05000e-06 2.61172e+11
6.07000e-06 2.57766e+11
6.09000e-06 2.54420e+11
6.11000e-06 2.51123e+11
6.13000e-06 2.47873e+11
6.15000e-06 2.44679e+11
6.17000e-06 2.41542e+11
6.19000e-06 2.38450e+11
6.21000e-06 2.35412e+11
6.23000e-06 2.32418e+11
6.25000e-06 2.29467e+11
6.27000e-06 2.26568e+11
6.29000e-06 2.23720e+11
6.31000e-06 2.20904e+11
6.33000e-06 2.18137e+11
6.35000e-06 2.15420e+11
6.37000e-06 2.12742e+11
6.39000e-06 2.10102e+11
6.42000e-06 2.06214e+11
6.46000e-06 2.01177e+11
6.50000e-06 1.96292e+11
6.54000e-06 1.91556e+11
6.58000e-06 1.86963e+11
6.62000e-06 1.82501e+11
6.66000e-06 1.78175e+11
6.70000e-06 1.73972e+11
6.74000e-06 1.69898e+11
6.78000e-06 1.65941e+11
6.82000e-06 1.62097e+11
6.86000e-06 1.58363e+11
6.90000e-06 1.54736e+11
6.94000e-06 1.51205e+11
6.98000e-06 1.47784e+11
7.02000e-06 1.44461e+11
7.06000e-06 1.41218e+11
7.10000e-06 1.38077e+11
7.14000e-06 1.35012e+11
7.18000e-06 1.32043e+11
7.22000e-06 1.29146e+11
7.26000e-06 1.26333e+11
7.30000e-06 1.23595e+11
7.34000e-06 1.20930e+11
7.38000e-06 1.18336e+11
7.42000e-06 1.15538e+11
7.46000e-06 1.10274e+11
7.50000e-06 1.07748e+11
7.54000e-06 1.08410e+11
7.58000e-06 1.06371e+11
7.62000e-06 1.04161e+11
7.66000e-06 1.02010e+11
7.70000e-06 9.99108e+10
7.74000e-06 9.78683e+10
7.78000e-06 9.58749e+10
7.82000e-06 9.39356e+10
7.86000e-06 9.20428e+10
7.90000e-06 9.01956e+10
7.94000e-06 8.83927e+10
7.98000e-06 8.66392e+10
8.02000e-06 8.49278e+10
8.06000e-06 8.32577e+10
8.10000e-06 8.16278e+10
8.14000e-06 8.00429e+10
8.18000e-06 7.84907e+10
8.22000e-06 7.69759e+10
8.26000e-06 7.54978e+10
8.30000e-06 7.40555e+10
8.34000e-06 7.26482e+10
8.38000e-06 7.12750e+10
8.42000e-06 6.99298e+10
8.46000e-06 6.86174e+10
8.50000e-06 6.73370e+10
8.54000e-06 6.60878e+10
8.58000e-06 6.48641e+10
8.62000e-06 6.36703e+10
8.66000e-06 6.25058e+10
8.70000e-06 6.13649e+10
8.74000e-06 6.02521e+10
8.78000e-06 5.91619e+10
8.82000e-06 5.80987e+10
8.86000e-06 5.70570e+10
8.90000e-06 5.60363e+10
8.94000e-06 5.50411e+10
8.98000e-06 5.40706e+10
9.02000e-06 5.31152e+10
9.06000e-06 5.21883e+10
9.10000e-06 5.12756e+10
9.14000e-06 5.03858e+10
9.18000e-06 4.95140e+10
9.22000e-06 4.86599e+10
9.26000e-06 4.78230e+10
9.30000e-06 4.70075e+10
9.34000e-06 4.62084e+10
9.38000e-06 4.54255e+10
9.42000e-06 4.46584e+10
9.46000e-06 4.39069e+10
9.50000e-06 4.31748e+10
9.54000e-06 4.24534e+10
9.58000e-06 4.17507e+10
9.62000e-06 4.10582e+10
9.66000e-06 4.03838e+10
9.70000e-06 3.97219e+10
9.74000e-06 3.90734e+10
9.78000e-06 3.84382e+10
9.82000e-06 3.78159e+10
9.86000e-06 3.72059e+10
9.90000e-06 3.66079e+10
9.94000e-06 3.60222e+10
9.98000e-06 3.54481e+10
1.00200e-05 3.48853e+10
2.00000e-05 2.17873e+09
4.00000e-05 1.34116e+08
6.00000e-05 2.62372e+07
8.00000e-05 8.24216e+06
1.00000e-04 3.35588e+06
1.20000e-04 1.60982e+06
1.40000e-04 8.64692e+05
1.60000e-04 5.04583e+05
