9.09000e-09 0.00000e+00
9.35000e-09 0.00000e+00
9.61000e-09 0.00000e+00
9.77000e-09 0.00000e+00
9.96000e-09 0.00000e+00
1.02000e-08 0.00000e+00
1.03800e-08 0.00000e+00
1.05600e-08 0.00000e+00
1.07700e-08 0.00000e+00
1.10400e-08 0.00000e+00
1.14000e-08 0.00000e+00
1.17800e-08 0.00000e+00
1.21300e-08 0.00000e+00
1.24800e-08 0.00000e+00
1.27100e-08 0.00000e+00
1.28400e-08 0.00000e+00
1.30500e-08 0.00000e+00
1.32400e-08 0.00000e+00
1.33900e-08 0.00000e+00
1.36600e-08 0.00000e+00
1.39800e-08 0.00000e+00
1.43300e-08 0.00000e+00
1.47200e-08 0.00000e+00
1.51000e-08 0.00000e+00
1.55200e-08 0.00000e+00
1.58800e-08 0.00000e+00
1.62000e-08 0.00000e+00
1.66000e-08 0.00000e+00
1.70300e-08 0.00000e+00
1.73400e-08 0.00000e+00
1.76800e-08 0.00000e+00
1.80200e-08 0.00000e+00
1.81700e-08 0.00000e+00
1.86100e-08 0.00000e+00
1.91000e-08 0.00000e+00
1.93900e-08 0.00000e+00
1.98400e-08 0.00000e+00
2.01800e-08 0.00000e+00
2.05000e-08 0.00000e+00
2.10500e-08 0.00000e+00
2.16200e-08 0.00000e+00
2.19800e-08 0.00000e+00
2.23000e-08 0.00000e+00
2.26800e-08 0.00000e+00
2.30000e-08 0.00000e+00
2.34000e-08 0.00000e+00
2.40000e-08 0.00000e+00
2.46500e-08 0.00000e+00
2.52400e-08 0.00000e+00
2.56800e-08 0.00000e+00
2.60000e-08 0.00000e+00
2.64000e-08 0.00000e+00
2.68500e-08 0.00000e+00
2.73500e-08 0.00000e+00
2.78500e-08 0.00000e+00
2.84000e-08 0.00000e+00
2.90000e-08 0.00000e+00
2.96000e-08 0.00000e+00
3.01000e-08 0.00000e+00
3.08000e-08 0.00000e+00
3.18000e-08 0.00000e+00
3.28000e-08 0.00000e+00
3.38000e-08 0.00000e+00
3.48000e-08 0.00000e+00
3.57000e-08 0.00000e+00
3.66000e-08 0.00000e+00
3.75000e-08 0.00000e+00
3.85000e-08 0.00000e+00
3.95000e-08 0.00000e+00
4.05000e-08 0.00000e+00
4.14000e-08 0.00000e+00
4.22000e-08 0.00000e+00
4.30000e-08 0.00000e+00
4.41000e-08 0.00000e+00
4.51000e-08 0.00000e+00
4.60000e-08 0.00000e+00
4.70000e-08 0.00000e+00
4.80000e-08 0.00000e+00
4.90000e-08 0.00000e+00
5.00000e-08 0.00000e+00
5.06000e-08 7.63949e-07
5.12000e-08 1.51529e-06
5.20000e-08 3.21544e-06
5.30000e-08 7.94782e-06
5.40000e-08 1.87396e-05
5.50000e-08 4.29684e-05
5.60000e-08 9.51353e-05
5.70000e-08 2.04239e-04
5.80000e-08 4.23228e-04
5.90000e-08 8.64132e-04
6.00000e-08 1.70763e-03
6.10000e-08 3.29551e-03
6.20000e-08 6.20723e-03
6.30000e-08 1.14339e-02
6.40000e-08 2.06245e-02
6.50000e-08 3.64746e-02
6.58000e-08 5.67474e-02
6.65000e-08 8.26324e-02
6.75000e-08 1.39480e-01
6.85000e-08 2.31590e-01
6.95000e-08 3.77974e-01
7.05000e-08 6.04914e-01
7.16000e-08 1.00529e+00
7.26000e-08 1.56624e+00
7.35000e-08 2.30742e+00
7.45000e-08 3.50310e+00
7.55000e-08 5.25483e+00
7.65000e-08 7.79178e+00
7.75000e-08 1.14137e+01
7.85000e-08 1.65493e+01
7.95000e-08 2.34744e+01
8.05000e-08 3.35056e+01
8.15000e-08 4.72404e+01
8.25000e-08 6.57621e+01
8.35000e-08 9.07049e+01
8.45000e-08 1.24000e+02
8.55000e-08 1.68111e+02
8.65000e-08 2.25985e+02
8.75000e-08 3.00504e+02
8.85000e-08 3.98902e+02
8.95000e-08 5.24255e+02
9.05000e-08 6.82372e+02
9.15000e-08 5.76193e+05
9.25000e-08 1.35145e+06
9.35000e-08 1.78854e+06
9.45000e-08 2.39650e+06
9.55000e-08 3.27098e+06
9.65000e-08 4.22394e+06
9.75000e-08 5.36428e+06
9.85000e-08 6.92557e+06
9.95000e-08 8.69160e+06
1.00500e-07 1.15064e+07
1.01500e-07 1.45569e+07
1.02500e-07 1.70296e+07
1.03500e-07 2.27964e+07
1.04500e-07 2.85053e+07
1.05500e-07 3.53164e+07
1.06500e-07 4.30497e+07
1.07500e-07 5.32549e+07
1.08500e-07 6.52512e+07
1.09500e-07 7.85525e+07
1.10500e-07 3.44666e+08
1.11500e-07 6.38992e+08
1.12500e-07 8.80102e+08
1.13500e-07 1.14263e+09
1.14500e-07 1.41836e+09
1.15500e-07 1.51977e+09
1.16500e-07 2.00100e+09
1.17500e-07 2.35399e+09
1.18500e-07 2.38198e+09
1.19500e-07 1.59129e+09
1.20500e-07 1.66568e+09
1.21500e-07 5.97394e+08
1.22500e-07 2.05142e+09
1.23500e-07 4.23012e+09
1.24500e-07 1.01093e+10
1.25500e-07 1.57083e+10
1.26500e-07 1.59704e+10
1.27500e-07 2.32023e+10
1.28500e-07 3.16150e+10
1.29500e-07 3.79308e+10
1.30500e-07 3.53807e+10
1.31500e-07 5.06243e+10
1.32500e-07 5.88434e+10
1.33500e-07 6.61182e+10
1.34500e-07 8.06742e+10
1.35500e-07 8.44410e+10
1.36500e-07 9.55563e+10
1.37500e-07 1.03047e+11
1.38500e-07 1.08112e+11
1.39500e-07 1.24440e+11
1.40500e-07 1.38927e+11
1.41500e-07 1.48604e+11
1.42500e-07 1.64774e+11
1.43500e-07 1.71578e+11
1.44200e-07 2.03786e+11
1.44700e-07 2.13338e+11
1.45500e-07 2.36499e+11
1.46500e-07 2.40935e+11
1.47500e-07 2.64969e+11
1.48500e-07 2.95391e+11
1.49500e-07 3.37941e+11
1.50500e-07 3.77874e+11
1.51200e-07 3.81552e+11
1.51700e-07 3.94003e+11
1.52500e-07 6.06900e+11
1.53500e-07 7.79387e+11
1.54500e-07 9.62902e+11
1.55500e-07 1.01905e+12
1.56500e-07 9.81470e+11
1.57500e-07 1.76229e+12
1.58500e-07 2.25343e+12
1.59500e-07 2.80442e+12
1.60500e-07 2.60184e+12
1.61500e-07 2.65350e+12
1.62500e-07 2.08694e+12
1.63500e-07 2.71496e+12
1.64500e-07 4.34197e+12
1.65500e-07 2.24496e+12
1.66500e-07 4.54024e+12
1.67200e-07 2.55139e+12
1.67700e-07 2.84859e+13
1.68500e-07 2.94859e+13
1.69500e-07 1.98513e+13
1.70500e-07 2.43441e+13
1.71500e-07 3.69746e+13
1.72500e-07 4.02732e+13
1.73500e-07 4.95620e+13
1.74500e-07 4.59459e+13
1.75500e-07 5.74913e+13
1.76500e-07 3.96718e+13
1.77500e-07 5.36992e+13
1.78500e-07 5.43288e+13
1.79500e-07 7.47808e+13
1.80500e-07 6.34702e+13
1.81500e-07 6.88212e+13
1.82500e-07 6.30798e+13
1.83500e-07 5.71726e+13
1.84500e-07 4.52350e+13
1.85500e-07 5.94685e+13
1.86500e-07 7.52611e+13
1.87500e-07 6.86010e+13
1.88500e-07 7.17662e+13
1.89500e-07 8.13327e+13
1.90500e-07 7.55615e+13
1.91500e-07 8.30903e+13
1.92500e-07 7.46339e+13
1.93500e-07 4.38094e+13
1.94500e-07 8.98431e+13
1.95500e-07 9.31687e+13
1.96700e-07 1.08284e+14
1.97600e-07 1.02109e+14
1.98400e-07 1.03690e+14
1.99500e-07 1.02143e+14
2.00500e-07 9.18392e+13
2.01500e-07 9.34073e+13
2.02500e-07 8.21285e+13
2.03500e-07 1.01651e+14
2.04500e-07 1.13109e+14
2.05500e-07 1.09200e+14
2.06500e-07 1.02253e+14
2.07400e-07 1.23972e+14
2.07800e-07 1.42192e+14
2.08500e-07 1.38985e+14
2.09500e-07 1.30237e+14
2.10500e-07 1.16606e+14
2.11500e-07 1.23044e+14
2.12500e-07 1.22731e+14
2.13500e-07 1.00930e+14
2.14500e-07 1.24023e+14
2.15500e-07 1.23499e+14
2.16500e-07 1.12001e+14
2.17500e-07 1.12773e+14
2.18500e-07 1.24448e+14
2.19500e-07 1.34873e+14
2.20500e-07 1.26416e+14
2.21500e-07 1.07877e+14
2.22500e-07 1.08355e+14
2.23500e-07 1.34795e+14
2.24500e-07 1.22908e+14
2.25500e-07 1.06069e+14
2.26500e-07 1.06390e+14
2.27500e-07 1.16354e+14
2.28500e-07 1.31356e+14
2.29500e-07 1.14771e+14
2.30500e-07 1.26229e+14
2.31500e-07 1.18708e+14
2.32500e-07 8.39513e+13
2.33500e-07 9.18778e+13
2.34500e-07 6.78762e+13
2.35500e-07 1.12081e+14
2.36500e-07 7.34975e+13
2.37500e-07 9.40854e+13
2.38500e-07 5.82233e+13
2.39500e-07 7.37104e+13
2.40500e-07 7.35285e+13
2.41500e-07 7.82887e+13
2.42500e-07 1.11463e+14
2.43500e-07 1.07023e+14
2.44500e-07 1.22062e+14
2.45500e-07 1.22757e+14
2.46500e-07 1.22402e+14
2.47500e-07 1.08081e+14
2.48500e-07 1.02400e+14
2.49500e-07 9.73928e+13
2.50500e-07 1.34452e+14
2.51300e-07 8.36301e+13
2.51800e-07 6.53065e+13
2.52500e-07 6.84075e+13
2.53500e-07 7.90895e+13
2.54500e-07 8.42391e+13
2.55500e-07 1.08702e+14
2.56500e-07 9.78355e+13
2.57500e-07 1.14957e+14
2.58500e-07 1.13805e+14
2.59500e-07 1.09086e+14
2.60500e-07 9.99337e+13
2.61500e-07 8.89458e+13
2.62500e-07 1.19663e+14
2.63500e-07 1.34724e+14
2.64500e-07 1.70126e+14
2.65500e-07 1.85345e+14
2.66500e-07 1.45372e+14
2.67500e-07 1.64641e+14
2.68500e-07 1.67660e+14
2.69500e-07 1.45313e+14
2.70500e-07 1.60103e+14
2.71500e-07 1.38616e+14
2.72500e-07 1.41350e+14
2.73500e-07 1.57381e+14
2.74500e-07 1.02339e+14
2.75500e-07 1.18374e+14
2.76500e-07 1.32997e+14
2.77500e-07 1.47030e+14
2.78500e-07 1.06687e+14
2.79500e-07 4.28821e+13
2.80500e-07 5.48718e+13
2.81500e-07 1.42164e+14
2.82500e-07 1.78617e+14
2.83500e-07 1.74312e+14
2.84500e-07 1.65707e+14
2.85500e-07 1.39803e+14
2.86500e-07 1.83738e+14
2.87500e-07 1.84636e+14
2.88500e-07 1.80887e+14
2.89500e-07 1.75545e+14
2.91000e-07 2.10042e+14
2.93000e-07 1.95907e+14
2.95000e-07 1.93038e+14
2.97000e-07 2.03879e+14
2.99000e-07 2.07465e+14
3.01000e-07 2.15133e+14
3.03000e-07 2.12192e+14
3.05000e-07 2.15327e+14
3.07000e-07 2.20345e+14
3.09000e-07 2.24903e+14
3.11000e-07 2.18966e+14
3.13000e-07 2.18119e+14
3.15000e-07 2.21611e+14
3.17000e-07 2.20451e+14
3.19000e-07 2.03087e+14
3.21000e-07 2.16439e+14
3.23000e-07 2.00323e+14
3.25000e-07 2.14960e+14
3.27000e-07 2.26815e+14
3.29000e-07 2.25229e+14
3.31000e-07 2.32628e+14
3.33000e-07 2.28300e+14
3.35000e-07 2.26243e+14
3.37000e-07 2.20836e+14
3.39000e-07 2.22634e+14
3.41000e-07 2.20833e+14
3.43000e-07 2.21801e+14
3.45000e-07 2.23446e+14
3.47000e-07 2.21347e+14
3.49000e-07 2.23831e+14
3.51000e-07 2.27859e+14
3.53000e-07 2.23056e+14
3.55000e-07 2.35281e+14
3.57000e-07 2.18878e+14
3.59000e-07 2.14411e+14
3.61000e-07 2.18049e+14
3.63000e-07 2.19473e+14
3.64000e-07 2.18718e+14
3.65000e-07 2.34434e+14
3.67000e-07 2.25103e+14
3.69000e-07 2.07399e+14
3.71000e-07 2.18441e+14
3.73000e-07 2.13820e+14
3.75000e-07 2.45702e+14
3.77000e-07 2.59173e+14
3.79000e-07 2.92066e+14
3.81000e-07 3.26094e+14
3.83000e-07 2.67301e+14
3.85000e-07 3.50285e+14
3.87000e-07 3.76381e+14
3.89000e-07 2.67558e+14
3.91000e-07 3.66575e+14
3.93000e-07 2.45968e+14
3.95000e-07 3.34898e+14
3.97000e-07 2.21976e+14
3.99000e-07 3.70978e+14
4.01000e-07 4.05568e+14
4.03000e-07 4.09161e+14
4.05000e-07 4.02742e+14
4.07000e-07 3.89901e+14
4.09000e-07 3.46753e+14
4.11000e-07 2.87809e+14
4.13000e-07 3.84088e+14
4.15000e-07 4.02575e+14
4.17000e-07 4.02232e+14
4.19000e-07 3.98380e+14
4.21000e-07 3.98451e+14
4.23000e-07 3.86923e+14
4.25000e-07 3.91487e+14
4.27000e-07 3.79935e+14
4.29000e-07 3.80372e+14
4.31000e-07 3.52311e+14
4.33000e-07 3.14302e+14
4.35000e-07 2.77792e+14
4.37000e-07 3.70755e+14
4.39000e-07 3.74070e+14
4.41000e-07 3.70995e+14
4.43000e-07 3.66865e+14
4.45000e-07 3.69511e+14
4.47000e-07 3.70529e+14
4.49000e-07 3.66731e+14
4.51000e-07 3.79599e+14
4.53000e-07 3.62798e+14
4.55000e-07 3.61163e+14
4.57000e-07 3.72511e+14
4.59000e-07 3.58579e+14
4.61000e-07 3.63097e+14
4.63000e-07 3.54361e+14
4.65000e-07 3.56424e+14
4.67000e-07 3.57921e+14
4.69000e-07 3.46242e+14
4.71000e-07 3.33866e+14
4.73000e-07 3.48342e+14
4.75000e-07 3.47619e+14
4.77000e-07 3.43832e+14
4.79000e-07 3.40097e+14
4.81000e-07 3.34148e+14
4.83000e-07 3.24297e+14
4.85000e-07 2.75551e+14
4.87000e-07 2.29356e+14
4.89000e-07 3.07045e+14
4.91000e-07 3.16988e+14
4.93000e-07 3.13677e+14
4.95000e-07 3.19619e+14
4.97000e-07 3.21323e+14
4.99000e-07 3.08222e+14
5.01000e-07 2.99837e+14
5.03000e-07 3.08789e+14
5.05000e-07 3.04235e+14
5.07000e-07 3.08860e+14
5.09000e-07 3.03849e+14
5.11000e-07 3.04505e+14
5.13000e-07 2.98628e+14
5.15000e-07 2.91811e+14
5.17000e-07 2.85597e+14
5.19000e-07 2.83526e+14
5.21000e-07 2.85850e+14
5.23000e-07 2.85128e+14
5.25000e-07 2.89315e+14
5.27000e-07 2.72175e+14
5.29000e-07 2.83314e+14
5.31000e-07 2.82280e+14
5.33000e-07 2.71187e+14
5.35000e-07 2.77614e+14
5.37000e-07 2.74152e+14
5.39000e-07 2.72173e+14
5.41000e-07 2.66264e+14
5.43000e-07 2.68663e+14
5.45000e-07 2.69346e+14
5.47000e-07 2.65743e+14
5.49000e-07 2.65985e+14
5.51000e-07 2.64132e+14
5.53000e-07 2.61314e+14
5.55000e-07 2.61342e+14
5.57000e-07 2.56335e+14
5.59000e-07 2.54529e+14
5.61000e-07 2.54261e+14
5.63000e-07 2.54181e+14
5.65000e-07 2.52444e+14
5.67000e-07 2.48240e+14
5.69000e-07 2.48558e+14
5.71000e-07 2.45919e+14
5.73000e-07 2.48588e+14
5.75000e-07 2.44218e+14
5.77000e-07 2.43592e+14
5.79000e-07 2.41215e+14
5.81000e-07 2.40216e+14
5.83000e-07 2.39280e+14
5.85000e-07 2.36370e+14
5.87000e-07 2.34751e+14
5.89000e-07 2.29586e+14
5.91000e-07 2.31357e+14
5.93000e-07 2.29778e+14
5.95000e-07 2.28576e+14
5.97000e-07 2.26973e+14
5.99000e-07 2.24673e+14
6.01000e-07 2.21824e+14
6.03000e-07 2.20800e+14
6.05000e-07 2.20702e+14
6.07000e-07 2.19638e+14
6.09000e-07 2.16928e+14
6.11000e-07 2.14824e+14
6.13000e-07 2.10537e+14
6.15000e-07 2.08503e+14
6.17000e-07 2.07510e+14
6.19000e-07 2.09779e+14
6.21000e-07 2.08245e+14
6.23000e-07 2.05328e+14
6.25000e-07 2.00293e+14
6.27000e-07 2.04134e+14
6.29000e-07 2.02810e+14
6.31000e-07 1.99227e+14
6.33000e-07 1.98440e+14
6.35000e-07 1.96547e+14
6.37000e-07 1.95371e+14
6.39000e-07 1.95008e+14
6.41000e-07 1.91400e+14
6.43000e-07 1.91031e+14
6.45000e-07 1.88526e+14
6.47000e-07 1.87884e+14
6.49000e-07 1.84617e+14
6.51000e-07 1.83671e+14
6.53000e-07 1.78802e+14
6.55000e-07 1.59377e+14
6.56125e-07 1.28899e+14
6.59000e-07 1.70113e+14
6.61000e-07 1.77156e+14
6.63000e-07 1.77923e+14
6.65000e-07 1.77416e+14
6.67000e-07 1.76091e+14
6.69000e-07 1.75907e+14
6.71000e-07 1.74509e+14
6.73000e-07 1.73639e+14
6.75000e-07 1.71760e+14
6.77000e-07 1.71495e+14
6.79000e-07 1.70143e+14
6.81000e-07 1.68836e+14
6.83000e-07 1.67607e+14
6.85000e-07 1.65939e+14
6.87000e-07 1.65541e+14
6.89000e-07 1.64573e+14
6.91000e-07 1.63283e+14
6.93000e-07 1.62200e+14
6.95000e-07 1.61151e+14
6.97000e-07 1.59879e+14
6.99000e-07 1.59112e+14
7.01000e-07 1.56465e+14
7.03000e-07 1.56247e+14
7.05000e-07 1.55611e+14
7.07000e-07 1.54551e+14
7.09000e-07 1.53516e+14
7.11000e-07 1.50216e+14
7.13000e-07 1.50427e+14
7.15000e-07 1.49712e+14
7.17000e-07 1.48453e+14
7.19000e-07 1.46987e+14
7.21000e-07 1.46658e+14
7.23000e-07 1.45646e+14
7.25000e-07 1.44808e+14
7.27000e-07 1.44283e+14
7.29000e-07 1.42160e+14
7.31000e-07 1.41869e+14
7.33000e-07 1.40963e+14
7.35000e-07 1.40587e+14
7.37000e-07 1.39721e+14
7.39000e-07 1.37704e+14
7.41000e-07 1.35356e+14
7.43000e-07 1.35550e+14
7.45000e-07 1.35115e+14
7.47000e-07 1.34041e+14
7.49000e-07 1.33172e+14
7.51000e-07 1.32717e+14
7.53000e-07 1.32159e+14
7.55000e-07 1.31751e+14
7.57000e-07 1.30562e+14
7.59000e-07 1.29679e+14
7.61000e-07 1.28777e+14
7.63000e-07 1.28122e+14
7.65000e-07 1.27099e+14
7.67000e-07 1.25157e+14
7.69000e-07 1.25213e+14
7.71000e-07 1.24064e+14
7.73000e-07 1.23946e+14
7.75000e-07 1.22586e+14
7.77000e-07 1.20065e+14
7.79000e-07 1.21839e+14
7.81000e-07 1.20765e+14
7.83000e-07 1.19356e+14
7.85000e-07 1.18376e+14
7.87000e-07 1.18098e+14
7.89000e-07 1.17252e+14
7.91000e-07 1.16364e+14
7.93000e-07 1.14993e+14
7.95000e-07 1.14427e+14
7.97000e-07 1.14832e+14
7.99000e-07 1.13532e+14
8.01000e-07 1.12790e+14
8.03000e-07 1.12135e+14
8.05000e-07 1.11370e+14
8.07000e-07 1.10980e+14
8.09000e-07 1.09908e+14
8.11000e-07 1.09779e+14
8.13000e-07 1.09234e+14
8.15000e-07 1.08466e+14
8.17000e-07 1.07778e+14
8.19000e-07 1.05370e+14
8.21000e-07 1.05282e+14
8.23000e-07 1.04516e+14
8.25000e-07 1.04175e+14
8.27000e-07 1.04592e+14
8.29000e-07 1.03836e+14
8.31000e-07 1.02698e+14
8.33000e-07 1.01082e+14
8.35000e-07 1.01290e+14
8.37000e-07 1.00817e+14
8.39000e-07 9.93203e+13
8.41000e-07 9.90349e+13
8.43000e-07 9.79824e+13
8.45000e-07 9.61579e+13
8.47000e-07 9.55993e+13
8.49000e-07 9.56354e+13
8.51000e-07 9.14306e+13
8.53000e-07 9.53102e+13
8.55000e-07 8.75057e+13
8.57000e-07 9.54330e+13
8.59000e-07 9.11702e+13
8.61000e-07 8.99239e+13
8.63000e-07 9.44445e+13
8.65000e-07 9.19691e+13
8.67000e-07 8.09804e+13
8.69000e-07 9.07303e+13
8.71000e-07 9.31049e+13
8.73000e-07 9.06620e+13
8.75000e-07 8.01805e+13
8.77000e-07 8.84066e+13
8.79000e-07 9.13837e+13
8.81000e-07 9.09013e+13
8.83000e-07 8.90743e+13
8.85000e-07 8.42374e+13
8.87000e-07 7.58710e+13
8.89000e-07 8.69655e+13
8.91000e-07 8.84880e+13
8.93000e-07 8.81110e+13
8.95000e-07 8.84466e+13
8.97000e-07 8.73035e+13
8.99000e-07 8.49484e+13
9.01000e-07 7.27240e+13
9.03000e-07 7.84038e+13
9.05000e-07 8.44559e+13
9.07000e-07 8.34748e+13
9.09000e-07 8.22096e+13
9.11000e-07 8.38282e+13
9.13000e-07 8.43381e+13
9.15000e-07 8.39474e+13
9.17000e-07 8.29723e+13
9.19000e-07 8.15856e+13
9.21000e-07 7.75320e+13
9.23000e-07 6.49737e+13
9.25000e-07 7.52822e+13
9.27000e-07 7.81274e+13
9.29000e-07 8.01485e+13
9.31000e-07 8.01653e+13
9.33000e-07 7.96792e+13
9.35000e-07 7.93559e+13
9.37000e-07 7.90819e+13
9.39000e-07 7.83095e+13
9.41000e-07 7.54328e+13
9.43000e-07 7.70535e+13
9.45000e-07 7.65167e+13
9.47000e-07 7.64123e+13
9.49000e-07 7.57099e+13
9.51000e-07 7.41005e+13
9.53000e-07 7.02764e+13
9.55000e-07 5.91145e+13
9.57000e-07 7.02126e+13
9.59000e-07 7.27137e+13
9.61000e-07 7.25215e+13
9.63000e-07 7.18468e+13
9.65000e-07 7.23301e+13
9.67000e-07 7.14068e+13
9.69000e-07 7.14494e+13
9.71000e-07 7.17507e+13
9.73000e-07 7.13128e+13
9.75000e-07 7.04023e+13
9.77000e-07 7.04498e+13
9.79000e-07 7.00758e+13
9.81000e-07 6.96690e+13
9.83000e-07 6.92454e+13
9.85000e-07 6.85685e+13
9.87000e-07 6.81052e+13
9.89000e-07 6.74950e+13
9.91000e-07 6.71844e+13
9.93000e-07 6.69981e+13
9.95000e-07 6.66263e+13
9.97000e-07 6.62418e+13
9.99000e-07 6.55540e+13
1.00250e-06 6.12924e+13
1.00750e-06 5.85588e+13
1.01250e-06 6.28364e+13
1.01750e-06 6.25006e+13
1.02250e-06 6.20205e+13
1.02750e-06 6.12899e+13
1.03250e-06 6.02277e+13
1.03750e-06 5.95191e+13
1.04250e-06 5.87000e+13
1.04750e-06 5.73410e+13
1.05250e-06 5.68655e+13
1.05750e-06 5.62078e+13
1.06250e-06 5.53496e+13
1.06750e-06 5.36124e+13
1.07250e-06 5.35526e+13
1.07750e-06 5.28977e+13
1.08250e-06 5.20083e+13
1.08750e-06 5.08814e+13
1.09250e-06 4.46942e+13
1.09750e-06 4.78128e+13
1.10250e-06 4.95155e+13
1.10750e-06 4.92322e+13
1.11250e-06 4.85594e+13
1.11750e-06 4.79297e+13
1.12250e-06 4.74349e+13
1.12750e-06 4.60253e+13
1.13250e-06 4.55200e+13
1.13750e-06 4.53711e+13
1.14250e-06 4.45072e+13
1.14750e-06 4.44893e+13
1.15250e-06 4.39566e+13
1.15750e-06 4.33050e+13
1.16250e-06 4.22586e+13
1.16750e-06 4.15354e+13
1.17250e-06 4.17738e+13
1.17750e-06 4.03900e+13
1.18250e-06 4.02593e+13
1.18750e-06 3.95149e+13
1.19250e-06 3.97962e+13
1.19750e-06 3.87369e+13
1.20250e-06 3.85926e+13
1.20750e-06 3.79765e+13
1.21250e-06 3.76178e+13
1.21750e-06 3.73374e+13
1.22250e-06 3.68310e+13
1.22750e-06 3.63215e+13
1.23250e-06 3.58935e+13
1.23750e-06 3.55007e+13
1.24250e-06 3.51399e+13
1.24750e-06 3.46796e+13
1.25250e-06 3.42040e+13
1.25750e-06 3.36085e+13
1.26250e-06 3.32885e+13
1.26750e-06 3.29232e+13
1.27250e-06 3.24439e+13
1.27750e-06 3.12279e+13
1.28250e-06 2.70110e+13
1.28750e-06 3.06856e+13
1.29250e-06 3.09244e+13
1.29750e-06 3.07246e+13
1.30250e-06 3.04004e+13
1.30750e-06 3.01308e+13
1.31250e-06 2.96786e+13
1.31750e-06 2.92433e+13
1.32250e-06 2.90850e+13
1.32750e-06 2.87146e+13
1.33250e-06 2.84125e+13
1.33750e-06 2.80594e+13
1.34250e-06 2.77713e+13
1.34750e-06 2.74453e+13
1.35250e-06 2.70677e+13
1.35750e-06 2.66846e+13
1.36250e-06 2.65054e+13
1.36750e-06 2.61608e+13
1.37250e-06 2.56406e+13
1.37750e-06 2.55243e+13
1.38250e-06 2.52592e+13
1.38750e-06 2.50853e+13
1.39250e-06 2.46781e+13
1.39750e-06 2.44671e+13
1.40250e-06 2.41762e+13
1.40750e-06 2.39629e+13
1.41250e-06 2.36009e+13
1.41750e-06 2.34235e+13
1.42250e-06 2.30599e+13
1.42750e-06 2.27692e+13
1.43250e-06 2.26362e+13
1.43750e-06 2.24408e+13
1.44250e-06 2.16500e+13
1.44750e-06 2.19016e+13
1.45250e-06 2.14011e+13
1.45700e-06 2.14022e+13
1.46200e-06 2.11345e+13
1.46750e-06 2.09571e+13
1.47250e-06 2.06378e+13
1.47750e-06 2.03465e+13
1.48250e-06 2.02095e+13
1.48750e-06 1.98593e+13
1.49250e-06 1.99074e+13
1.49750e-06 1.95882e+13
1.50250e-06 1.92745e+13
1.50750e-06 1.90176e+13
1.51250e-06 1.89727e+13
1.51750e-06 1.87694e+13
1.52250e-06 1.84854e+13
1.52750e-06 1.83162e+13
1.53250e-06 1.80669e+13
1.53750e-06 1.78890e+13
1.54250e-06 1.75547e+13
1.54750e-06 1.74714e+13
1.55250e-06 1.72621e+13
1.55750e-06 1.69170e+13
1.56250e-06 1.70681e+13
1.56750e-06 1.65837e+13
1.57250e-06 1.63078e+13
1.57750e-06 1.63984e+13
1.58250e-06 1.62799e+13
1.58750e-06 1.53673e+13
1.59250e-06 1.58398e+13
1.59750e-06 1.60435e+13
1.60500e-06 1.55020e+13
1.61500e-06 1.48094e+13
1.62500e-06 1.51969e+13
1.63500e-06 1.44789e+13
1.64500e-06 1.37454e+13
1.65500e-06 1.42920e+13
1.66500e-06 1.40257e+13
1.67500e-06 1.32586e+13
1.68500e-06 1.24963e+13
1.69500e-06 1.31612e+13
1.70500e-06 1.28753e+13
1.71500e-06 1.26595e+13
1.72500e-06 1.22029e+13
1.73500e-06 1.09282e+13
1.74500e-06 1.15593e+13
1.75500e-06 1.15763e+13
1.76500e-06 1.13610e+13
1.77500e-06 1.11740e+13
1.78500e-06 1.09446e+13
1.79500e-06 1.07489e+13
1.80500e-06 1.04160e+13
1.81500e-06 9.34637e+12
1.82500e-06 9.78682e+12
1.83500e-06 9.87646e+12
1.84500e-06 9.68967e+12
1.85500e-06 9.48892e+12
1.86500e-06 9.21847e+12
1.87500e-06 8.16186e+12
1.88500e-06 8.82308e+12
1.89500e-06 8.70534e+12
1.90500e-06 8.66381e+12
1.91500e-06 8.48973e+12
1.92500e-06 8.30995e+12
1.93500e-06 8.04760e+12
1.94500e-06 7.15992e+12
1.95500e-06 7.76028e+12
1.96500e-06 7.70999e+12
1.97500e-06 7.56885e+12
1.98500e-06 7.45769e+12
1.99500e-06 7.32244e+12
2.00500e-06 7.19776e+12
2.01500e-06 7.07592e+12
2.02500e-06 6.93152e+12
2.03500e-06 6.79106e+12
2.04500e-06 6.70174e+12
2.05500e-06 6.57887e+12
2.06500e-06 6.44066e+12
2.07500e-06 6.33822e+12
2.08500e-06 6.23033e+12
2.09500e-06 6.11126e+12
2.10500e-06 6.01133e+12
2.11500e-06 5.89238e+12
2.12500e-06 5.78950e+12
2.13500e-06 5.69275e+12
2.14500e-06 5.59730e+12
2.15500e-06 5.44626e+12
2.16500e-06 4.84373e+12
2.17500e-06 5.21651e+12
2.18500e-06 5.20982e+12
2.19500e-06 5.15621e+12
2.20500e-06 5.05190e+12
2.21500e-06 4.96968e+12
2.22500e-06 4.90357e+12
2.23500e-06 4.82216e+12
2.24500e-06 4.74185e+12
2.25500e-06 4.64647e+12
2.26500e-06 4.58284e+12
2.27500e-06 4.51119e+12
2.28500e-06 4.44257e+12
2.29500e-06 4.40208e+12
2.30500e-06 4.34092e+12
2.31500e-06 4.26407e+12
2.32500e-06 4.19290e+12
2.33500e-06 4.11705e+12
2.34500e-06 4.05256e+12
2.35500e-06 3.98364e+12
2.36500e-06 3.91951e+12
2.37500e-06 3.84937e+12
2.38500e-06 3.78424e+12
2.39500e-06 3.72716e+12
2.40500e-06 3.66477e+12
2.41500e-06 3.60522e+12
2.42500e-06 3.55018e+12
2.43500e-06 3.49033e+12
2.44500e-06 3.43650e+12
2.45500e-06 3.38050e+12
2.46500e-06 3.33068e+12
2.47500e-06 3.28033e+12
2.48500e-06 3.22768e+12
2.49500e-06 3.16815e+12
2.50500e-06 3.16788e+12
2.51500e-06 3.10403e+12
2.52500e-06 3.02306e+12
2.53500e-06 3.00500e+12
2.54500e-06 2.97114e+12
2.55500e-06 2.90886e+12
2.56500e-06 2.82449e+12
2.57500e-06 2.83430e+12
2.58500e-06 2.79629e+12
2.59500e-06 2.76281e+12
2.60500e-06 2.69179e+12
2.61500e-06 2.58832e+12
2.62500e-06 2.37674e+12
2.63500e-06 2.56356e+12
2.64500e-06 2.56721e+12
2.65500e-06 2.53433e+12
2.66500e-06 2.47371e+12
2.67500e-06 2.37127e+12
2.68500e-06 2.41546e+12
2.69500e-06 2.40478e+12
2.70500e-06 2.37663e+12
2.71500e-06 2.34612e+12
2.72500e-06 2.31306e+12
2.73500e-06 2.27653e+12
2.74500e-06 2.23293e+12
2.75500e-06 2.10983e+12
2.76500e-06 2.13166e+12
2.77500e-06 2.14876e+12
2.78500e-06 2.12903e+12
2.79500e-06 2.10408e+12
2.80500e-06 2.07560e+12
2.81500e-06 2.04814e+12
2.82500e-06 2.02035e+12
2.83500e-06 1.99436e+12
2.84500e-06 1.96114e+12
2.85500e-06 1.93125e+12
2.86500e-06 1.87102e+12
2.87500e-06 1.76250e+12
2.88500e-06 1.84354e+12
2.89500e-06 1.83461e+12
2.90500e-06 1.81709e+12
2.91500e-06 1.79010e+12
2.92500e-06 1.76934e+12
2.93500e-06 1.74803e+12
2.94500e-06 1.72480e+12
2.95500e-06 1.70357e+12
2.96500e-06 1.68198e+12
2.97500e-06 1.66031e+12
2.98500e-06 1.63948e+12
2.99500e-06 1.61733e+12
3.00500e-06 1.59641e+12
3.01500e-06 1.57274e+12
3.02500e-06 1.54383e+12
3.03500e-06 1.43977e+12
3.04500e-06 1.45483e+12
3.05500e-06 1.48944e+12
3.06500e-06 1.47805e+12
3.07500e-06 1.46336e+12
3.08500e-06 1.44221e+12
3.09500e-06 1.42570e+12
3.10500e-06 1.40880e+12
3.11500e-06 1.38637e+12
3.12500e-06 1.37342e+12
3.13500e-06 1.35774e+12
3.14500e-06 1.34070e+12
3.15500e-06 1.32457e+12
3.16500e-06 1.31065e+12
3.17500e-06 1.29306e+12
3.18500e-06 1.27942e+12
3.19500e-06 1.26427e+12
3.21000e-06 1.24114e+12
3.23000e-06 1.21268e+12
3.25000e-06 1.18378e+12
3.27000e-06 1.15307e+12
3.29000e-06 1.06666e+12
3.31000e-06 1.08648e+12
3.33000e-06 1.07873e+12
3.35000e-06 1.05656e+12
3.37000e-06 1.02979e+12
3.39000e-06 1.00656e+12
3.41000e-06 9.82802e+11
3.43000e-06 9.62120e+11
3.45000e-06 9.41976e+11
3.47000e-06 9.20261e+11
3.49000e-06 9.00156e+11
3.51000e-06 8.80264e+11
3.53000e-06 8.60764e+11
3.55000e-06 8.42244e+11
3.57000e-06 8.23256e+11
3.59000e-06 8.05983e+11
3.61000e-06 7.88694e+11
3.63000e-06 7.72565e+11
3.65000e-06 7.54705e+11
3.67000e-06 7.40041e+11
3.69000e-06 7.20143e+11
3.71000e-06 7.06871e+11
3.73000e-06 6.74941e+11
3.75000e-06 6.52035e+11
3.77000e-06 6.65360e+11
3.79000e-06 6.53582e+11
3.81000e-06 6.37188e+11
3.83000e-06 6.25800e+11
3.85000e-06 6.17078e+11
3.87000e-06 6.04000e+11
3.89000e-06 5.89988e+11
3.91000e-06 5.74012e+11
3.93000e-06 5.68965e+11
3.95000e-06 5.58920e+11
3.97000e-06 5.48499e+11
3.99000e-06 5.36175e+11
4.01000e-06 5.20766e+11
4.03000e-06 5.09463e+11
4.05000e-06 4.82050e+11
4.07000e-06 4.94858e+11
4.09000e-06 4.87823e+11
4.11000e-06 4.79630e+11
4.13000e-06 4.70623e+11
4.15000e-06 4.59492e+11
4.17000e-06 4.42551e+11
4.19000e-06 4.42349e+11
4.21000e-06 4.35435e+11
4.23000e-06 4.29138e+11
4.25000e-06 4.21062e+11
4.27000e-06 4.13656e+11
4.29000e-06 4.06246e+11
4.31000e-06 3.98915e+11
4.33000e-06 3.91521e+11
4.35000e-06 3.83609e+11
4.37000e-06 3.67559e+11
4.39000e-06 3.67013e+11
4.41000e-06 3.63905e+11
4.43000e-06 3.58188e+11
4.45000e-06 3.52046e+11
4.47000e-06 3.46622e+11
4.49000e-06 3.40625e+11
4.51000e-06 3.34870e+11
4.53000e-06 3.29111e+11
4.55000e-06 3.23494e+11
4.57000e-06 3.17873e+11
4.59000e-06 3.12427e+11
4.61000e-06 3.07204e+11
4.63000e-06 3.00637e+11
4.65000e-06 2.81121e+11
4.67000e-06 2.79720e+11
4.69000e-06 2.84773e+11
4.71000e-06 2.82292e+11
4.73000e-06 2.78024e+11
4.75000e-06 2.73350e+11
4.77000e-06 2.68960e+11
4.79000e-06 2.64715e+11
4.81000e-06 2.60401e+11
4.83000e-06 2.56231e+11
4.85000e-06 2.52088e+11
4.87000e-06 2.48084e+11
4.89000e-06 2.44168e+11
4.91000e-06 2.40167e+11
4.93000e-06 2.36471e+11
4.95000e-06 2.32719e+11
4.97000e-06 2.29126e+11
4.99000e-06 2.25538e+11
5.01000e-06 2.22030e+11
5.03000e-06 2.18585e+11
5.05000e-06 2.15232e+11
5.07000e-06 2.11969e+11
5.09000e-06 2.08547e+11
5.11000e-06 2.03860e+11
5.13000e-06 1.93612e+11
5.15000e-06 1.98219e+11
5.17000e-06 1.96280e+11
5.19000e-06 1.93414e+11
5.21000e-06 1.90460e+11
5.23000e-06 1.87643e+11
5.25000e-06 1.84904e+11
5.27000e-06 1.82160e+11
5.29000e-06 1.79493e+11
5.31000e-06 1.76847e+11
5.33000e-06 1.74263e+11
5.35000e-06 1.71712e+11
5.37000e-06 1.69142e+11
5.39000e-06 1.66761e+11
5.41000e-06 1.64385e+11
5.43000e-06 1.61949e+11
5.45000e-06 1.59685e+11
5.47000e-06 1.57260e+11
5.49000e-06 1.55166e+11
5.51000e-06 1.52987e+11
5.53000e-06 1.50786e+11
5.55000e-06 1.48699e+11
5.57000e-06 1.46588e+11
5.59000e-06 1.44396e+11
5.61000e-06 1.42542e+11
5.63000e-06 1.40557e+11
5.65000e-06 1.38655e+11
5.67000e-06 1.36741e+11
5.69000e-06 1.34850e+11
5.71000e-06 1.33029e+11
5.73000e-06 1.31207e+11
5.75000e-06 1.29430e+11
5.77000e-06 1.27663e+11
5.79000e-06 1.25906e+11
5.81000e-06 1.24248e+11
5.83000e-06 1.22599e+11
5.85000e-06 1.21047e+11
5.87000e-06 1.19294e+11
5.89000e-06 1.16726e+11
5.91000e-06 1.11105e+11
5.93000e-06 1.14096e+11
5.95000e-06 1.12990e+11
5.97000e-06 1.11748e+11
5.99000e-06 1.10289e+11
6.01000e-06 1.08816e+11
6.03000e-06 1.07463e+11
6.05000e-06 1.06085e+11
6.07000e-06 1.04691e+11
6.09000e-06 1.03314e+11
6.11000e-06 1.01912e+11
6.13000e-06 1.00727e+11
6.15000e-06 9.94554e+10
6.17000e-06 9.81952e+10
6.19000e-06 9.69423e+10
6.21000e-06 9.57346e+10
6.23000e-06 9.44328e+10
6.25000e-06 9.33154e+10
6.27000e-06 9.21374e+10
6.29000e-06 9.10344e+10
6.31000e-06 8.98404e+10
6.33000e-06 8.87818e+10
6.35000e-06 8.76872e+10
6.37000e-06 8.66128e+10
6.39000e-06 8.55465e+10
6.42000e-06 8.40021e+10
6.46000e-06 8.19549e+10
6.50000e-06 7.99748e+10
6.54000e-06 7.80984e+10
6.58000e-06 7.62451e+10
6.62000e-06 7.44393e+10
6.66000e-06 7.27053e+10
6.70000e-06 7.10081e+10
6.74000e-06 6.93534e+10
6.78000e-06 6.77720e+10
6.82000e-06 6.62197e+10
6.86000e-06 6.47068e+10
6.90000e-06 6.32307e+10
6.94000e-06 6.18062e+10
6.98000e-06 6.04302e+10
7.02000e-06 5.90746e+10
7.06000e-06 5.77738e+10
7.10000e-06 5.65215e+10
7.14000e-06 5.52774e+10
7.18000e-06 5.40713e+10
7.22000e-06 5.28718e+10
7.26000e-06 5.17554e+10
7.30000e-06 5.06638e+10
7.34000e-06 4.95726e+10
7.38000e-06 4.85318e+10
7.42000e-06 4.74392e+10
7.46000e-06 4.53120e+10
7.50000e-06 4.43651e+10
7.54000e-06 4.45212e+10
7.58000e-06 4.36762e+10
7.62000e-06 4.27848e+10
7.66000e-06 4.19128e+10
7.70000e-06 4.10566e+10
7.74000e-06 4.02334e+10
7.78000e-06 3.94255e+10
7.82000e-06 3.86369e+10
7.86000e-06 3.78678e+10
7.90000e-06 3.71177e+10
7.94000e-06 3.63849e+10
7.98000e-06 3.56720e+10
8.02000e-06 3.49698e+10
8.06000e-06 3.42907e+10
8.10000e-06 3.36336e+10
8.14000e-06 3.29775e+10
8.18000e-06 3.23495e+10
8.22000e-06 3.17382e+10
8.26000e-06 3.11345e+10
8.30000e-06 3.05475e+10
8.34000e-06 2.99622e+10
8.38000e-06 2.94000e+10
8.42000e-06 2.88599e+10
8.46000e-06 2.83307e+10
8.50000e-06 2.78098e+10
8.54000e-06 2.72972e+10
8.58000e-06 2.67982e+10
8.62000e-06 2.63092e+10
8.66000e-06 2.58367e+10
8.70000e-06 2.53712e+10
8.74000e-06 2.49151e+10
8.78000e-06 2.44711e+10
8.82000e-06 2.40298e+10
8.86000e-06 2.36070e+10
8.90000e-06 2.31898e+10
8.94000e-06 2.27852e+10
8.98000e-06 2.23823e+10
9.02000e-06 2.19967e+10
9.06000e-06 2.16184e+10
9.10000e-06 2.12404e+10
9.14000e-06 2.08772e+10
9.18000e-06 2.05227e+10
9.22000e-06 2.01744e+10
9.26000e-06 1.98317e+10
9.30000e-06 1.94973e+10
9.34000e-06 1.91687e+10
9.38000e-06 1.88484e+10
9.42000e-06 1.85337e+10
9.46000e-06 1.82266e+10
9.50000e-06 1.79244e+10
9.54000e-06 1.76258e+10
9.58000e-06 1.73410e+10
9.62000e-06 1.70563e+10
9.66000e-06 1.67805e+10
9.70000e-06 1.65086e+10
9.74000e-06 1.62379e+10
9.78000e-06 1.59793e+10
9.82000e-06 1.57232e+10
9.86000e-06 1.54738e+10
9.90000e-06 1.52291e+10
9.94000e-06 1.49871e+10
9.98000e-06 1.47503e+10
1.00200e-05 1.45191e+10
2.00000e-05 9.31909e+08
4.00000e-05 5.81295e+07
6.00000e-05 1.13971e+07
8.00000e-05 3.58053e+06
1.00000e-04 1.45742e+06
1.20000e-04 6.98992e+05
1.40000e-04 3.75462e+05
1.60000e-04 2.19136e+05
