9.09000e-09 0.00000e+00
9.35000e-09 0.00000e+00
9.61000e-09 0.00000e+00
9.77000e-09 0.00000e+00
9.96000e-09 0.00000e+00
1.02000e-08 0.00000e+00
1.03800e-08 0.00000e+00
1.05600e-08 0.00000e+00
1.07700e-08 0.00000e+00
1.10400e-08 0.00000e+00
1.14000e-08 0.00000e+00
1.17800e-08 0.00000e+00
1.21300e-08 0.00000e+00
1.24800e-08 0.00000e+00
1.27100e-08 0.00000e+00
1.28400e-08 0.00000e+00
1.30500e-08 0.00000e+00
1.32400e-08 0.00000e+00
1.33900e-08 0.00000e+00
1.36600e-08 0.00000e+00
1.39800e-08 0.00000e+00
1.43300e-08 0.00000e+00
1.47200e-08 0.00000e+00
1.51000e-08 0.00000e+00
1.55200e-08 0.00000e+00
1.58800e-08 0.00000e+00
1.62000e-08 0.00000e+00
1.66000e-08 0.00000e+00
1.70300e-08 0.00000e+00
1.73400e-08 0.00000e+00
1.76800e-08 0.00000e+00
1.80200e-08 0.00000e+00
1.81700e-08 0.00000e+00
1.86100e-08 0.00000e+00
1.91000e-08 0.00000e+00
1.93900e-08 0.00000e+00
1.98400e-08 0.00000e+00
2.01800e-08 0.00000e+00
2.05000e-08 0.00000e+00
2.10500e-08 0.00000e+00
2.16200e-08 0.00000e+00
2.19800e-08 0.00000e+00
2.23000e-08 0.00000e+00
2.26800e-08 0.00000e+00
2.30000e-08 0.00000e+00
2.34000e-08 0.00000e+00
2.40000e-08 0.00000e+00
2.46500e-08 0.00000e+00
2.52400e-08 0.00000e+00
2.56800e-08 0.00000e+00
2.60000e-08 0.00000e+00
2.64000e-08 0.00000e+00
2.68500e-08 0.00000e+00
2.73500e-08 0.00000e+00
2.78500e-08 0.00000e+00
2.84000e-08 0.00000e+00
2.90000e-08 0.00000e+00
2.96000e-08 0.00000e+00
3.01000e-08 0.00000e+00
3.08000e-08 0.00000e+00
3.18000e-08 0.00000e+00
3.28000e-08 0.00000e+00
3.38000e-08 0.00000e+00
3.48000e-08 0.00000e+00
3.57000e-08 0.00000e+00
3.66000e-08 0.00000e+00
3.75000e-08 0.00000e+00
3.85000e-08 0.00000e+00
3.95000e-08 0.00000e+00
4.05000e-08 0.00000e+00
4.14000e-08 0.00000e+00
4.22000e-08 0.00000e+00
4.30000e-08 0.00000e+00
4.41000e-08 0.00000e+00
4.51000e-08 0.00000e+00
4.60000e-08 0.00000e+00
4.70000e-08 0.00000e+00
4.80000e-08 0.00000e+00
4.90000e-08 0.00000e+00
5.00000e-08 0.00000e+00
5.06000e-08 0.00000e+00
5.12000e-08 0.00000e+00
5.20000e-08 0.00000e+00
5.30000e-08 0.00000e+00
5.40000e-08 0.00000e+00
5.50000e-08 0.00000e+00
5.60000e-08 0.00000e+00
5.70000e-08 0.00000e+00
5.80000e-08 0.00000e+00
5.90000e-08 0.00000e+00
6.00000e-08 0.00000e+00
6.10000e-08 0.00000e+00
6.20000e-08 0.00000e+00
6.30000e-08 0.00000e+00
6.40000e-08 0.00000e+00
6.50000e-08 0.00000e+00
6.58000e-08 0.00000e+00
6.65000e-08 0.00000e+00
6.75000e-08 0.00000e+00
6.85000e-08 0.00000e+00
6.95000e-08 0.00000e+00
7.05000e-08 0.00000e+00
7.16000e-08 0.00000e+00
7.26000e-08 0.00000e+00
7.35000e-08 0.00000e+00
7.45000e-08 0.00000e+00
7.55000e-08 0.00000e+00
7.65000e-08 0.00000e+00
7.75000e-08 0.00000e+00
7.85000e-08 0.00000e+00
7.95000e-08 0.00000e+00
8.05000e-08 0.00000e+00
8.15000e-08 0.00000e+00
8.25000e-08 0.00000e+00
8.35000e-08 0.00000e+00
8.45000e-08 0.00000e+00
8.55000e-08 0.00000e+00
8.65000e-08 0.00000e+00
8.75000e-08 0.00000e+00
8.85000e-08 0.00000e+00
8.95000e-08 0.00000e+00
9.05000e-08 0.00000e+00
9.15000e-08 0.00000e+00
9.25000e-08 1.43436e-05
9.35000e-08 1.94466e-05
9.45000e-08 3.56357e-05
9.55000e-08 3.43976e-05
9.65000e-08 7.84834e-05
9.75000e-08 8.95514e-05
9.85000e-08 1.44895e-04
9.95000e-08 2.75965e-04
1.00500e-07 3.92685e-04
1.01500e-07 5.80952e-04
1.02500e-07 8.42621e-04
1.03500e-07 1.96713e-03
1.04500e-07 3.10126e-03
1.05500e-07 3.46090e-03
1.06500e-07 8.29473e-03
1.07500e-07 1.23745e-02
1.08500e-07 2.34360e-02
1.09500e-07 3.54069e-02
1.10500e-07 4.52653e-02
1.11500e-07 7.07961e-02
1.12500e-07 1.59443e-01
1.13500e-07 3.02648e-01
1.14500e-07 5.05027e-01
1.15500e-07 7.57654e-01
1.16500e-07 1.01093e+00
1.17500e-07 1.67558e+00
1.18500e-07 2.00687e+00
1.19500e-07 2.24998e+00
1.20500e-07 1.78563e+00
1.21500e-07 9.70928e-01
1.22500e-07 3.03418e+00
1.23500e-07 8.95745e+00
1.24500e-07 1.40829e+01
1.25500e-07 2.09894e+01
1.26500e-07 2.64357e+01
1.27500e-07 3.79367e+01
1.28500e-07 3.93950e+01
1.29500e-07 5.08455e+01
1.30500e-07 6.48728e+01
1.31500e-07 8.17458e+01
1.32500e-07 9.57670e+01
1.33500e-07 1.09538e+02
1.34500e-07 1.50265e+02
1.35500e-07 1.94576e+02
1.36500e-07 2.23120e+02
1.37500e-07 2.36086e+02
1.38500e-07 2.93748e+02
1.39500e-07 3.34813e+02
1.40500e-07 4.60888e+02
1.41500e-07 5.80179e+02
1.42500e-07 6.43862e+02
1.43500e-07 9.12616e+02
1.44200e-07 1.25981e+03
1.44700e-07 1.08637e+03
1.45500e-07 1.27893e+03
1.46500e-07 1.90610e+03
1.47500e-07 2.30043e+03
1.48500e-07 2.47267e+03
1.49500e-07 3.63376e+03
1.50500e-07 4.99258e+03
1.51200e-07 3.16856e+03
1.51700e-07 4.62349e+03
1.52500e-07 6.92560e+03
1.53500e-07 9.24005e+03
1.54500e-07 7.46414e+03
1.55500e-07 1.10069e+04
1.56500e-07 1.11648e+04
1.57500e-07 1.96397e+04
1.58500e-07 2.12567e+04
1.59500e-07 2.14885e+04
1.60500e-07 2.31710e+04
1.61500e-07 2.56813e+04
1.62500e-07 2.69741e+04
1.63500e-07 3.42721e+04
1.64500e-07 4.39529e+04
1.65500e-07 4.37796e+04
1.66500e-07 6.05397e+04
1.67200e-07 5.73077e+04
1.67700e-07 7.41437e+04
1.68500e-07 9.49779e+04
1.69500e-07 1.26828e+05
1.70500e-07 1.37408e+05
1.71500e-07 1.53601e+05
1.72500e-07 1.98859e+05
1.73500e-07 2.29701e+05
1.74500e-07 3.02532e+05
1.75500e-07 3.18738e+05
1.76500e-07 3.98181e+05
1.77500e-07 3.85564e+05
1.78500e-07 6.33610e+05
1.79500e-07 5.78128e+05
1.80500e-07 8.97440e+05
1.81500e-07 7.24819e+05
1.82500e-07 1.06734e+06
1.83500e-07 9.97917e+05
1.84500e-07 1.35927e+06
1.85500e-07 1.19073e+06
1.86500e-07 1.79591e+06
1.87500e-07 1.75944e+06
1.88500e-07 2.15040e+06
1.89500e-07 2.62062e+06
1.90500e-07 2.82489e+06
1.91500e-07 3.83159e+06
1.92500e-07 3.43087e+06
1.93500e-07 2.76021e+06
1.94500e-07 4.67609e+06
1.95500e-07 6.28195e+06
1.96700e-07 6.86395e+06
1.97600e-07 7.88895e+06
1.98400e-07 9.70764e+06
1.99500e-07 9.07886e+06
2.00500e-07 1.04575e+07
2.01500e-07 1.18766e+07
2.02500e-07 1.15923e+07
2.03500e-07 1.41723e+07
2.04500e-07 1.50079e+07
2.05500e-07 1.75054e+07
2.06500e-07 1.73036e+07
2.07400e-07 1.69602e+07
2.07800e-07 2.75449e+07
2.08500e-07 3.52334e+07
2.09500e-07 3.82454e+07
2.10500e-07 3.56833e+07
2.11500e-07 3.70109e+07
2.12500e-07 4.20244e+07
2.13500e-07 5.23231e+07
2.14500e-07 4.35944e+07
2.15500e-07 5.16720e+07
2.16500e-07 5.17793e+07
2.17500e-07 5.66534e+07
2.18500e-07 5.38319e+07
2.19500e-07 8.25706e+07
2.20500e-07 7.24122e+07
2.21500e-07 8.59161e+07
2.22500e-07 7.90882e+07
2.23500e-07 1.20669e+08
2.24500e-07 1.35002e+08
2.25500e-07 1.62219e+08
2.26500e-07 1.00538e+08
2.27500e-07 1.73268e+08
2.28500e-07 1.72592e+08
2.29500e-07 2.64118e+08
2.30500e-07 1.23789e+08
2.31500e-07 3.26334e+08
2.32500e-07 2.71974e+08
2.33500e-07 3.98895e+08
2.34500e-07 2.66944e+08
2.35500e-07 2.45988e+08
2.36500e-07 3.16992e+08
2.37500e-07 3.12137e+08
2.38500e-07 4.90982e+08
2.39500e-07 4.62478e+08
2.40500e-07 7.62511e+08
2.41500e-07 5.18650e+08
2.42500e-07 6.36876e+08
2.43500e-07 8.89785e+08
2.44500e-07 1.16724e+09
2.45500e-07 1.33396e+09
2.46500e-07 9.26539e+08
2.47500e-07 1.52559e+09
2.48500e-07 6.93098e+08
2.49500e-07 7.91100e+08
2.50500e-07 1.39933e+09
2.51300e-07 1.06096e+09
2.51800e-07 1.15937e+09
2.52500e-07 1.36130e+09
2.53500e-07 2.54656e+09
2.54500e-07 3.06932e+09
2.55500e-07 3.33481e+09
2.56500e-07 2.06533e+09
2.57500e-07 3.00265e+09
2.58500e-07 2.43840e+09
2.59500e-07 2.79196e+09
2.60500e-07 3.66642e+09
2.61500e-07 3.46164e+09
2.62500e-07 4.89743e+09
2.63500e-07 6.89031e+09
2.64500e-07 5.89218e+09
2.65500e-07 7.39990e+09
2.66500e-07 7.05167e+09
2.67500e-07 6.16878e+09
2.68500e-07 8.04806e+09
2.69500e-07 6.25911e+09
2.70500e-07 9.03491e+09
2.71500e-07 9.14582e+09
2.72500e-07 8.37514e+09
2.73500e-07 8.72044e+09
2.74500e-07 1.16029e+10
2.75500e-07 1.11500e+10
2.76500e-07 1.40635e+10
2.77500e-07 1.78854e+10
2.78500e-07 1.31862e+10
2.79500e-07 1.67083e+10
2.80500e-07 1.70993e+10
2.81500e-07 1.74725e+10
2.82500e-07 1.86774e+10
2.83500e-07 1.74115e+10
2.84500e-07 1.47415e+10
2.85500e-07 8.75985e+09
2.86500e-07 2.07325e+10
2.87500e-07 2.16254e+10
2.88500e-07 2.93070e+10
2.89500e-07 3.32395e+10
2.91000e-07 3.97391e+10
2.93000e-07 4.18643e+10
2.95000e-07 4.11116e+10
2.97000e-07 4.10317e+10
2.99000e-07 4.69939e+10
3.01000e-07 5.01761e+10
3.03000e-07 5.74930e+10
3.05000e-07 6.77690e+10
3.07000e-07 7.07381e+10
3.09000e-07 7.13918e+10
3.11000e-07 9.62694e+10
3.13000e-07 9.71042e+10
3.15000e-07 1.29757e+11
3.17000e-07 1.85173e+11
3.19000e-07 1.51616e+11
3.21000e-07 1.83446e+11
3.23000e-07 1.87995e+11
3.25000e-07 2.95867e+11
3.27000e-07 3.92976e+11
3.29000e-07 4.98474e+11
3.31000e-07 4.16133e+11
3.33000e-07 4.76922e+11
3.35000e-07 4.56978e+11
3.37000e-07 3.06864e+11
3.39000e-07 3.98199e+11
3.41000e-07 4.35822e+11
3.43000e-07 4.83173e+11
3.45000e-07 4.39004e+11
3.47000e-07 4.38276e+11
3.49000e-07 5.86340e+11
3.51000e-07 8.11554e+11
3.53000e-07 7.65076e+11
3.55000e-07 1.10205e+12
3.57000e-07 4.95059e+11
3.59000e-07 4.48840e+11
3.61000e-07 6.97923e+11
3.63000e-07 8.94474e+11
3.64000e-07 1.02951e+12
3.65000e-07 1.22406e+12
3.67000e-07 1.64961e+12
3.69000e-07 1.16054e+12
3.71000e-07 9.07907e+11
3.73000e-07 4.59591e+11
3.75000e-07 5.68022e+11
3.77000e-07 1.28921e+12
3.79000e-07 1.43072e+12
3.81000e-07 1.26537e+12
3.83000e-07 5.64522e+11
3.85000e-07 9.85637e+11
3.87000e-07 9.03812e+11
3.89000e-07 1.00160e+12
3.91000e-07 1.45442e+12
3.93000e-07 6.37385e+11
3.95000e-07 1.27109e+12
3.97000e-07 9.00181e+11
3.99000e-07 2.56989e+12
4.01000e-07 3.27271e+12
4.03000e-07 2.65854e+12
4.05000e-07 2.80576e+12
4.07000e-07 2.41937e+12
4.09000e-07 3.90826e+12
4.11000e-07 2.72689e+12
4.13000e-07 2.99871e+12
4.15000e-07 2.87166e+12
4.17000e-07 3.01078e+12
4.19000e-07 3.06280e+12
4.21000e-07 2.36422e+12
4.23000e-07 1.26455e+12
4.25000e-07 2.39189e+12
4.27000e-07 2.54371e+12
4.29000e-07 2.60418e+12
4.31000e-07 2.75955e+12
4.33000e-07 4.13805e+12
4.35000e-07 4.73300e+12
4.37000e-07 4.98292e+12
4.39000e-07 4.00655e+12
4.41000e-07 4.06056e+12
4.43000e-07 4.35244e+12
4.45000e-07 4.69256e+12
4.47000e-07 5.45876e+12
4.49000e-07 5.71110e+12
4.51000e-07 6.96281e+12
4.53000e-07 5.31622e+12
4.55000e-07 6.15252e+12
4.57000e-07 6.93920e+12
4.59000e-07 6.44773e+12
4.61000e-07 6.73563e+12
4.63000e-07 6.71254e+12
4.65000e-07 6.38120e+12
4.67000e-07 7.11644e+12
4.69000e-07 6.75580e+12
4.71000e-07 6.31442e+12
4.73000e-07 6.12272e+12
4.75000e-07 5.86840e+12
4.77000e-07 4.90780e+12
4.79000e-07 5.39003e+12
4.81000e-07 6.53267e+12
4.83000e-07 6.58978e+12
4.85000e-07 7.11227e+12
4.87000e-07 6.81142e+12
4.89000e-07 7.07785e+12
4.91000e-07 7.04765e+12
4.93000e-07 6.52775e+12
4.95000e-07 6.24386e+12
4.97000e-07 5.69971e+12
4.99000e-07 5.17435e+12
5.01000e-07 4.56833e+12
5.03000e-07 4.96194e+12
5.05000e-07 4.67218e+12
5.07000e-07 4.43578e+12
5.09000e-07 4.34399e+12
5.11000e-07 4.48231e+12
5.13000e-07 4.27078e+12
5.15000e-07 3.98754e+12
5.17000e-07 3.88867e+12
5.19000e-07 4.40799e+12
5.21000e-07 5.14755e+12
5.23000e-07 7.49690e+12
5.25000e-07 8.32668e+12
5.27000e-07 6.53058e+12
5.29000e-07 8.62839e+12
5.31000e-07 9.46379e+12
5.33000e-07 7.86576e+12
5.35000e-07 8.76697e+12
5.37000e-07 8.56239e+12
5.39000e-07 8.47083e+12
5.41000e-07 8.33894e+12
5.43000e-07 8.24057e+12
5.45000e-07 7.91017e+12
5.47000e-07 8.50451e+12
5.49000e-07 8.80851e+12
5.51000e-07 8.48236e+12
5.53000e-07 9.40776e+12
5.55000e-07 9.56879e+12
5.57000e-07 9.44434e+12
5.59000e-07 8.87173e+12
5.61000e-07 9.22168e+12
5.63000e-07 9.77230e+12
5.65000e-07 1.03563e+13
5.67000e-07 1.00559e+13
5.69000e-07 1.03669e+13
5.71000e-07 9.95056e+12
5.73000e-07 1.08989e+13
5.75000e-07 1.08462e+13
5.77000e-07 1.07794e+13
5.79000e-07 1.04196e+13
5.81000e-07 1.07773e+13
5.83000e-07 1.11770e+13
5.85000e-07 1.08150e+13
5.87000e-07 1.07669e+13
5.89000e-07 9.42649e+12
5.91000e-07 1.07547e+13
5.93000e-07 1.07775e+13
5.95000e-07 1.07925e+13
5.97000e-07 1.10543e+13
5.99000e-07 1.10037e+13
6.01000e-07 1.09546e+13
6.03000e-07 1.13120e+13
6.05000e-07 1.14833e+13
6.07000e-07 1.14538e+13
6.09000e-07 1.12050e+13
6.11000e-07 1.12246e+13
6.13000e-07 1.05048e+13
6.15000e-07 1.11079e+13
6.17000e-07 9.63041e+12
6.19000e-07 1.08488e+13
6.21000e-07 1.05241e+13
6.23000e-07 1.01975e+13
6.25000e-07 9.99053e+12
6.27000e-07 1.04070e+13
6.29000e-07 1.08370e+13
6.31000e-07 1.07079e+13
6.33000e-07 1.08820e+13
6.35000e-07 1.09892e+13
6.37000e-07 1.10140e+13
6.39000e-07 1.12349e+13
6.41000e-07 1.09274e+13
6.43000e-07 1.09990e+13
6.45000e-07 1.06981e+13
6.47000e-07 1.06429e+13
6.49000e-07 1.05479e+13
6.51000e-07 1.10574e+13
6.53000e-07 1.13105e+13
6.55000e-07 1.10958e+13
6.56125e-07 1.11104e+13
6.59000e-07 1.11966e+13
6.61000e-07 1.12393e+13
6.63000e-07 1.12539e+13
6.65000e-07 1.13115e+13
6.67000e-07 1.08856e+13
6.69000e-07 1.05655e+13
6.71000e-07 9.91944e+12
6.73000e-07 1.00876e+13
6.75000e-07 9.85432e+12
6.77000e-07 9.86934e+12
6.79000e-07 9.70097e+12
6.81000e-07 9.91702e+12
6.83000e-07 1.01837e+13
6.85000e-07 1.01074e+13
6.87000e-07 1.02586e+13
6.89000e-07 1.05070e+13
6.91000e-07 1.07169e+13
6.93000e-07 1.07132e+13
6.95000e-07 1.09051e+13
6.97000e-07 1.12180e+13
6.99000e-07 1.11176e+13
7.01000e-07 1.13165e+13
7.03000e-07 1.14786e+13
7.05000e-07 1.16424e+13
7.07000e-07 1.11870e+13
7.09000e-07 1.00515e+13
7.11000e-07 8.99868e+12
7.13000e-07 8.55254e+12
7.15000e-07 8.39717e+12
7.17000e-07 8.89926e+12
7.19000e-07 8.91250e+12
7.21000e-07 8.97472e+12
7.23000e-07 9.66674e+12
7.25000e-07 9.91666e+12
7.27000e-07 1.03476e+13
7.29000e-07 1.05751e+13
7.31000e-07 1.08783e+13
7.33000e-07 1.09151e+13
7.35000e-07 1.10657e+13
7.37000e-07 1.14017e+13
7.39000e-07 1.14250e+13
7.41000e-07 1.14217e+13
7.43000e-07 1.16155e+13
7.45000e-07 1.15709e+13
7.47000e-07 1.17493e+13
7.49000e-07 1.17485e+13
7.51000e-07 1.18603e+13
7.53000e-07 1.19529e+13
7.55000e-07 1.19868e+13
7.57000e-07 1.19603e+13
7.59000e-07 1.18752e+13
7.61000e-07 1.17679e+13
7.63000e-07 1.14856e+13
7.65000e-07 1.11431e+13
7.67000e-07 1.04895e+13
7.69000e-07 1.06637e+13
7.71000e-07 1.03847e+13
7.73000e-07 1.05032e+13
7.75000e-07 1.04359e+13
7.77000e-07 1.04933e+13
7.79000e-07 1.06654e+13
7.81000e-07 1.06492e+13
7.83000e-07 1.05027e+13
7.85000e-07 1.03777e+13
7.87000e-07 1.07715e+13
7.89000e-07 1.06655e+13
7.91000e-07 1.05839e+13
7.93000e-07 1.06828e+13
7.95000e-07 1.06380e+13
7.97000e-07 1.09340e+13
7.99000e-07 1.10122e+13
8.01000e-07 1.10929e+13
8.03000e-07 1.10762e+13
8.05000e-07 1.11428e+13
8.07000e-07 1.12045e+13
8.09000e-07 1.12153e+13
8.11000e-07 1.13571e+13
8.13000e-07 1.15025e+13
8.15000e-07 1.15374e+13
8.17000e-07 1.15284e+13
8.19000e-07 1.08673e+13
8.21000e-07 1.13688e+13
8.23000e-07 1.14839e+13
8.25000e-07 1.14266e+13
8.27000e-07 1.15835e+13
8.29000e-07 1.15244e+13
8.31000e-07 1.13058e+13
8.33000e-07 1.10697e+13
8.35000e-07 1.12096e+13
8.37000e-07 1.11776e+13
8.39000e-07 1.06155e+13
8.41000e-07 1.10721e+13
8.43000e-07 1.03506e+13
8.45000e-07 1.01381e+13
8.47000e-07 1.02074e+13
8.49000e-07 1.02801e+13
8.51000e-07 9.90516e+12
8.53000e-07 1.03475e+13
8.55000e-07 9.98740e+12
8.57000e-07 1.05507e+13
8.59000e-07 1.05491e+13
8.61000e-07 1.05983e+13
8.63000e-07 1.07262e+13
8.65000e-07 1.08781e+13
8.67000e-07 1.01514e+13
8.69000e-07 1.04549e+13
8.71000e-07 1.08827e+13
8.73000e-07 1.09036e+13
8.75000e-07 1.08867e+13
8.77000e-07 1.08660e+13
8.79000e-07 1.09736e+13
8.81000e-07 1.06589e+13
8.83000e-07 1.07701e+13
8.85000e-07 1.09206e+13
8.87000e-07 1.08666e+13
8.89000e-07 1.10166e+13
8.91000e-07 1.10184e+13
8.93000e-07 1.08817e+13
8.95000e-07 1.08167e+13
8.97000e-07 1.08612e+13
8.99000e-07 1.09150e+13
9.01000e-07 1.05162e+13
9.03000e-07 1.07751e+13
9.05000e-07 1.09529e+13
9.07000e-07 1.09459e+13
9.09000e-07 1.06069e+13
9.11000e-07 1.06770e+13
9.13000e-07 1.08097e+13
9.15000e-07 1.07998e+13
9.17000e-07 1.07931e+13
9.19000e-07 1.08492e+13
9.21000e-07 1.06165e+13
9.23000e-07 1.05984e+13
9.25000e-07 1.04822e+13
9.27000e-07 1.04392e+13
9.29000e-07 1.03175e+13
9.31000e-07 1.04470e+13
9.33000e-07 1.04283e+13
9.35000e-07 1.03342e+13
9.37000e-07 1.01983e+13
9.39000e-07 1.03702e+13
9.41000e-07 1.02296e+13
9.43000e-07 1.03358e+13
9.45000e-07 1.01638e+13
9.47000e-07 1.03428e+13
9.49000e-07 1.03569e+13
9.51000e-07 1.03180e+13
9.53000e-07 1.02901e+13
9.55000e-07 1.01132e+13
9.57000e-07 1.01750e+13
9.59000e-07 1.03330e+13
9.61000e-07 1.01521e+13
9.63000e-07 1.02741e+13
9.65000e-07 9.88729e+12
9.67000e-07 9.93587e+12
9.69000e-07 1.01581e+13
9.71000e-07 1.00440e+13
9.73000e-07 9.92871e+12
9.75000e-07 9.98432e+12
9.77000e-07 1.00516e+13
9.79000e-07 9.80306e+12
9.81000e-07 1.01585e+13
9.83000e-07 1.00353e+13
9.85000e-07 1.01558e+13
9.87000e-07 1.00992e+13
9.89000e-07 1.00834e+13
9.91000e-07 1.00642e+13
9.93000e-07 1.00379e+13
9.95000e-07 1.00330e+13
9.97000e-07 1.00212e+13
9.99000e-07 1.00215e+13
1.00250e-06 9.91976e+12
1.00750e-06 9.85457e+12
1.01250e-06 9.85377e+12
1.01750e-06 9.76480e+12
1.02250e-06 9.70521e+12
1.02750e-06 9.68806e+12
1.03250e-06 9.52555e+12
1.03750e-06 9.48680e+12
1.04250e-06 9.51319e+12
1.04750e-06 9.41125e+12
1.05250e-06 9.42578e+12
1.05750e-06 9.31934e+12
1.06250e-06 9.31392e+12
1.06750e-06 9.18952e+12
1.07250e-06 9.15873e+12
1.07750e-06 9.11936e+12
1.08250e-06 8.98098e+12
1.08750e-06 9.02568e+12
1.09250e-06 9.03763e+12
1.09750e-06 8.96830e+12
1.10250e-06 8.94385e+12
1.10750e-06 8.92256e+12
1.11250e-06 8.86293e+12
1.11750e-06 8.77957e+12
1.12250e-06 8.77508e+12
1.12750e-06 8.61831e+12
1.13250e-06 8.62491e+12
1.13750e-06 8.49568e+12
1.14250e-06 8.38108e+12
1.14750e-06 8.51734e+12
1.15250e-06 8.51678e+12
1.15750e-06 8.41805e+12
1.16250e-06 8.26328e+12
1.16750e-06 8.27778e+12
1.17250e-06 8.33612e+12
1.17750e-06 8.15027e+12
1.18250e-06 8.13053e+12
1.18750e-06 8.03015e+12
1.19250e-06 8.16376e+12
1.19750e-06 7.90027e+12
1.20250e-06 8.04756e+12
1.20750e-06 7.95780e+12
1.21250e-06 7.97969e+12
1.21750e-06 7.95926e+12
1.22250e-06 7.91647e+12
1.22750e-06 7.86161e+12
1.23250e-06 7.81606e+12
1.23750e-06 7.79485e+12
1.24250e-06 7.72370e+12
1.24750e-06 7.72170e+12
1.25250e-06 7.63184e+12
1.25750e-06 7.63845e+12
1.26250e-06 7.59107e+12
1.26750e-06 7.52215e+12
1.27250e-06 7.52388e+12
1.27750e-06 7.51796e+12
1.28250e-06 7.30554e+12
1.28750e-06 7.38095e+12
1.29250e-06 7.28539e+12
1.29750e-06 7.36585e+12
1.30250e-06 7.29697e+12
1.30750e-06 7.30826e+12
1.31250e-06 7.09086e+12
1.31750e-06 7.13176e+12
1.32250e-06 7.20050e+12
1.32750e-06 7.10425e+12
1.33250e-06 7.09920e+12
1.33750e-06 7.10245e+12
1.34250e-06 7.10106e+12
1.34750e-06 7.07336e+12
1.35250e-06 7.04154e+12
1.35750e-06 6.97975e+12
1.36250e-06 6.90711e+12
1.36750e-06 6.95460e+12
1.37250e-06 6.95942e+12
1.37750e-06 6.91454e+12
1.38250e-06 6.91015e+12
1.38750e-06 6.82482e+12
1.39250e-06 6.87090e+12
1.39750e-06 6.85308e+12
1.40250e-06 6.76983e+12
1.40750e-06 6.81366e+12
1.41250e-06 6.75777e+12
1.41750e-06 6.78049e+12
1.42250e-06 6.71224e+12
1.42750e-06 6.54384e+12
1.43250e-06 6.69780e+12
1.43750e-06 6.69540e+12
1.44250e-06 6.58769e+12
1.44750e-06 6.66417e+12
1.45250e-06 6.59979e+12
1.45700e-06 6.59174e+12
1.46200e-06 6.62005e+12
1.46750e-06 6.60674e+12
1.47250e-06 6.52980e+12
1.47750e-06 6.52969e+12
1.48250e-06 6.54623e+12
1.48750e-06 6.40660e+12
1.49250e-06 6.56805e+12
1.49750e-06 6.50864e+12
1.50250e-06 6.18637e+12
1.50750e-06 6.33422e+12
1.51250e-06 6.49035e+12
1.51750e-06 6.45371e+12
1.52250e-06 6.46648e+12
1.52750e-06 6.48622e+12
1.53250e-06 6.45744e+12
1.53750e-06 6.49201e+12
1.54250e-06 6.50255e+12
1.54750e-06 6.49285e+12
1.55250e-06 6.42218e+12
1.55750e-06 6.40835e+12
1.56250e-06 6.44208e+12
1.56750e-06 6.36671e+12
1.57250e-06 6.37580e+12
1.57750e-06 6.14742e+12
1.58250e-06 6.31142e+12
1.58750e-06 6.22329e+12
1.59250e-06 6.30727e+12
1.59750e-06 6.30963e+12
1.60500e-06 6.34556e+12
1.61500e-06 6.25567e+12
1.62500e-06 6.23512e+12
1.63500e-06 6.20362e+12
1.64500e-06 6.10601e+12
1.65500e-06 6.03011e+12
1.66500e-06 5.90951e+12
1.67500e-06 5.72248e+12
1.68500e-06 5.67997e+12
1.69500e-06 5.60764e+12
1.70500e-06 5.44835e+12
1.71500e-06 5.33992e+12
1.72500e-06 5.23906e+12
1.73500e-06 5.16220e+12
1.74500e-06 5.05866e+12
1.75500e-06 4.97097e+12
1.76500e-06 4.89436e+12
1.77500e-06 4.78389e+12
1.78500e-06 4.72890e+12
1.79500e-06 4.62888e+12
1.80500e-06 4.52536e+12
1.81500e-06 4.46019e+12
1.82500e-06 4.36676e+12
1.83500e-06 4.27869e+12
1.84500e-06 4.15939e+12
1.85500e-06 4.14116e+12
1.86500e-06 4.03351e+12
1.87500e-06 3.96466e+12
1.88500e-06 3.91031e+12
1.89500e-06 3.76340e+12
1.90500e-06 3.77828e+12
1.91500e-06 3.70112e+12
1.92500e-06 3.64620e+12
1.93500e-06 3.51966e+12
1.94500e-06 3.45040e+12
1.95500e-06 3.42318e+12
1.96500e-06 3.39516e+12
1.97500e-06 3.27017e+12
1.98500e-06 3.22124e+12
1.99500e-06 3.19301e+12
2.00500e-06 3.19254e+12
2.01500e-06 3.14033e+12
2.02500e-06 3.05923e+12
2.03500e-06 3.01786e+12
2.04500e-06 2.98482e+12
2.05500e-06 2.93042e+12
2.06500e-06 2.87127e+12
2.07500e-06 2.83132e+12
2.08500e-06 2.78265e+12
2.09500e-06 2.71358e+12
2.10500e-06 2.69262e+12
2.11500e-06 2.64018e+12
2.12500e-06 2.60538e+12
2.13500e-06 2.57210e+12
2.14500e-06 2.52976e+12
2.15500e-06 2.48767e+12
2.16500e-06 2.45076e+12
2.17500e-06 2.39714e+12
2.18500e-06 2.36870e+12
2.19500e-06 2.32918e+12
2.20500e-06 2.24108e+12
2.21500e-06 2.26527e+12
2.22500e-06 2.19610e+12
2.23500e-06 2.17687e+12
2.24500e-06 2.14743e+12
2.25500e-06 2.12576e+12
2.26500e-06 2.06642e+12
2.27500e-06 2.06241e+12
2.28500e-06 2.01720e+12
2.29500e-06 1.80840e+12
2.30500e-06 1.87953e+12
2.31500e-06 1.86762e+12
2.32500e-06 1.67415e+12
2.33500e-06 1.73861e+12
2.34500e-06 1.76115e+12
2.35500e-06 1.58232e+12
2.36500e-06 1.66582e+12
2.37500e-06 1.66885e+12
2.38500e-06 1.51567e+12
2.39500e-06 1.57818e+12
2.40500e-06 1.58898e+12
2.41500e-06 1.46946e+12
2.42500e-06 1.50779e+12
2.43500e-06 1.51900e+12
2.44500e-06 1.44333e+12
2.45500e-06 1.42747e+12
2.46500e-06 1.46092e+12
2.47500e-06 1.41384e+12
2.48500e-06 1.36606e+12
2.49500e-06 1.38721e+12
2.50500e-06 1.39861e+12
2.51500e-06 1.32652e+12
2.52500e-06 1.34369e+12
2.53500e-06 1.33762e+12
2.54500e-06 1.30590e+12
2.55500e-06 1.29252e+12
2.56500e-06 1.28355e+12
2.57500e-06 1.27906e+12
2.58500e-06 1.23738e+12
2.59500e-06 1.23642e+12
2.60500e-06 1.23045e+12
2.61500e-06 1.21488e+12
2.62500e-06 1.19428e+12
2.63500e-06 1.18447e+12
2.64500e-06 1.17009e+12
2.65500e-06 1.15862e+12
2.66500e-06 1.13265e+12
2.67500e-06 1.14052e+12
2.68500e-06 1.12446e+12
2.69500e-06 1.10726e+12
2.70500e-06 1.09672e+12
2.71500e-06 1.08467e+12
2.72500e-06 1.07180e+12
2.73500e-06 1.05774e+12
2.74500e-06 1.04754e+12
2.75500e-06 1.03712e+12
2.76500e-06 1.02091e+12
2.77500e-06 1.00755e+12
2.78500e-06 9.97316e+11
2.79500e-06 9.87733e+11
2.80500e-06 9.74430e+11
2.81500e-06 9.60483e+11
2.82500e-06 9.50532e+11
2.83500e-06 9.40933e+11
2.84500e-06 9.28046e+11
2.85500e-06 9.16703e+11
2.86500e-06 9.05955e+11
2.87500e-06 8.95881e+11
2.88500e-06 8.84521e+11
2.89500e-06 8.73791e+11
2.90500e-06 8.61714e+11
2.91500e-06 8.51778e+11
2.92500e-06 8.32665e+11
2.93500e-06 8.30412e+11
2.94500e-06 8.21351e+11
2.95500e-06 8.11789e+11
2.96500e-06 8.02851e+11
2.97500e-06 7.93589e+11
2.98500e-06 7.82954e+11
2.99500e-06 7.72988e+11
3.00500e-06 7.64431e+11
3.01500e-06 7.56053e+11
3.02500e-06 7.45628e+11
3.03500e-06 7.37574e+11
3.04500e-06 7.29771e+11
3.05500e-06 7.20359e+11
3.06500e-06 7.11255e+11
3.07500e-06 7.04007e+11
3.08500e-06 6.92800e+11
3.09500e-06 6.87190e+11
3.10500e-06 6.79567e+11
3.11500e-06 6.67911e+11
3.12500e-06 6.63875e+11
3.13500e-06 6.55890e+11
3.14500e-06 6.48374e+11
3.15500e-06 6.40448e+11
3.16500e-06 6.32044e+11
3.17500e-06 6.26649e+11
3.18500e-06 6.19452e+11
3.19500e-06 6.12591e+11
3.21000e-06 6.01944e+11
3.23000e-06 5.87977e+11
3.25000e-06 5.75056e+11
3.27000e-06 5.61948e+11
3.29000e-06 5.49707e+11
3.31000e-06 5.37238e+11
3.33000e-06 5.24825e+11
3.35000e-06 5.14683e+11
3.37000e-06 5.03152e+11
3.39000e-06 4.91692e+11
3.41000e-06 4.79948e+11
3.43000e-06 4.71614e+11
3.45000e-06 4.61888e+11
3.47000e-06 4.52074e+11
3.49000e-06 4.42608e+11
3.51000e-06 4.33634e+11
3.53000e-06 4.24230e+11
3.55000e-06 4.15786e+11
3.57000e-06 4.06973e+11
3.59000e-06 3.98680e+11
3.61000e-06 3.90835e+11
3.63000e-06 3.82909e+11
3.65000e-06 3.74850e+11
3.67000e-06 3.66888e+11
3.69000e-06 3.58937e+11
3.71000e-06 3.51656e+11
3.73000e-06 3.45621e+11
3.75000e-06 3.38408e+11
3.77000e-06 3.32388e+11
3.79000e-06 3.25795e+11
3.81000e-06 3.19684e+11
3.83000e-06 3.13734e+11
3.85000e-06 3.07764e+11
3.87000e-06 3.00516e+11
3.89000e-06 2.95816e+11
3.91000e-06 2.90555e+11
3.93000e-06 2.85068e+11
3.95000e-06 2.78736e+11
3.97000e-06 2.74142e+11
3.99000e-06 2.67827e+11
4.01000e-06 2.63733e+11
4.03000e-06 2.59498e+11
4.05000e-06 2.54002e+11
4.07000e-06 2.49942e+11
4.09000e-06 2.45522e+11
4.11000e-06 2.41020e+11
4.13000e-06 2.36880e+11
4.15000e-06 2.32524e+11
4.17000e-06 2.28371e+11
4.19000e-06 2.23428e+11
4.21000e-06 2.19461e+11
4.23000e-06 2.16611e+11
4.25000e-06 2.12492e+11
4.27000e-06 2.09080e+11
4.29000e-06 1.96788e+11
4.31000e-06 1.84872e+11
4.33000e-06 1.84538e+11
4.35000e-06 1.74079e+11
4.37000e-06 1.67664e+11
4.39000e-06 1.63620e+11
4.41000e-06 1.55685e+11
4.43000e-06 1.52263e+11
4.45000e-06 1.49653e+11
4.47000e-06 1.42966e+11
4.49000e-06 1.43161e+11
4.51000e-06 1.38425e+11
4.53000e-06 1.34813e+11
4.55000e-06 1.34500e+11
4.57000e-06 1.33493e+11
4.59000e-06 1.28592e+11
4.61000e-06 1.29536e+11
4.63000e-06 1.27146e+11
4.65000e-06 1.26814e+11
4.67000e-06 1.26585e+11
4.69000e-06 1.23995e+11
4.71000e-06 1.21729e+11
4.73000e-06 1.22857e+11
4.75000e-06 1.19373e+11
4.77000e-06 1.18018e+11
4.79000e-06 1.17399e+11
4.81000e-06 1.13673e+11
4.83000e-06 1.15012e+11
4.85000e-06 1.13001e+11
4.87000e-06 1.10073e+11
4.89000e-06 1.08409e+11
4.91000e-06 1.07752e+11
4.93000e-06 1.05586e+11
4.95000e-06 1.03655e+11
4.97000e-06 1.03300e+11
4.99000e-06 1.01806e+11
5.01000e-06 1.00386e+11
5.03000e-06 9.93416e+10
5.05000e-06 9.68826e+10
5.07000e-06 9.64774e+10
5.09000e-06 9.54313e+10
5.11000e-06 9.33527e+10
5.13000e-06 9.36010e+10
5.15000e-06 9.14309e+10
5.17000e-06 9.13493e+10
5.19000e-06 8.93990e+10
5.21000e-06 8.88625e+10
5.23000e-06 8.70782e+10
5.25000e-06 8.66743e+10
5.27000e-06 8.62619e+10
5.29000e-06 8.39550e+10
5.31000e-06 8.32061e+10
5.33000e-06 8.25617e+10
5.35000e-06 8.16546e+10
5.37000e-06 8.09221e+10
5.39000e-06 8.00141e+10
5.41000e-06 7.90748e+10
5.43000e-06 7.73153e+10
5.45000e-06 7.72702e+10
5.47000e-06 7.62403e+10
5.49000e-06 7.52371e+10
5.51000e-06 7.44140e+10
5.53000e-06 7.46762e+10
5.55000e-06 7.24364e+10
5.57000e-06 7.25960e+10
5.59000e-06 7.13324e+10
5.61000e-06 7.06284e+10
5.63000e-06 6.94369e+10
5.65000e-06 6.91551e+10
5.67000e-06 6.83692e+10
5.69000e-06 6.71250e+10
5.71000e-06 6.69248e+10
5.73000e-06 6.59960e+10
5.75000e-06 6.52756e+10
5.77000e-06 6.43622e+10
5.79000e-06 6.39779e+10
5.81000e-06 6.28853e+10
5.83000e-06 6.22584e+10
5.85000e-06 6.16166e+10
5.87000e-06 6.06278e+10
5.89000e-06 5.99681e+10
5.91000e-06 5.94313e+10
5.93000e-06 5.87172e+10
5.95000e-06 5.79720e+10
5.97000e-06 5.74732e+10
5.99000e-06 5.67562e+10
6.01000e-06 5.61246e+10
6.03000e-06 5.54265e+10
6.05000e-06 5.46129e+10
6.07000e-06 5.39960e+10
6.09000e-06 5.34184e+10
6.11000e-06 5.26959e+10
6.13000e-06 5.21792e+10
6.15000e-06 5.15913e+10
6.17000e-06 5.10011e+10
6.19000e-06 5.04410e+10
6.21000e-06 4.98861e+10
6.23000e-06 4.92605e+10
6.25000e-06 4.86024e+10
6.27000e-06 4.79853e+10
6.29000e-06 4.75330e+10
6.31000e-06 4.69370e+10
6.33000e-06 4.65167e+10
6.35000e-06 4.58897e+10
6.37000e-06 4.54627e+10
6.39000e-06 4.48520e+10
6.42000e-06 4.41020e+10
6.46000e-06 4.30754e+10
6.50000e-06 4.20948e+10
6.54000e-06 4.11437e+10
6.58000e-06 4.02213e+10
6.62000e-06 3.93008e+10
6.66000e-06 3.84140e+10
6.70000e-06 3.75530e+10
6.74000e-06 3.67006e+10
6.78000e-06 3.58796e+10
6.82000e-06 3.50695e+10
6.86000e-06 3.43079e+10
6.90000e-06 3.35497e+10
6.94000e-06 3.28120e+10
6.98000e-06 3.20999e+10
7.02000e-06 3.13889e+10
7.06000e-06 3.07160e+10
7.10000e-06 3.00570e+10
7.14000e-06 2.94130e+10
7.18000e-06 2.87814e+10
7.22000e-06 2.81751e+10
7.26000e-06 2.75788e+10
7.30000e-06 2.69989e+10
7.34000e-06 2.64215e+10
7.38000e-06 2.58800e+10
7.42000e-06 2.53157e+10
7.46000e-06 2.48039e+10
7.50000e-06 2.42916e+10
7.54000e-06 2.37834e+10
7.58000e-06 2.33370e+10
7.62000e-06 2.28642e+10
7.66000e-06 2.24052e+10
7.70000e-06 2.19532e+10
7.74000e-06 2.15193e+10
7.78000e-06 2.10939e+10
7.82000e-06 2.06778e+10
7.86000e-06 2.02715e+10
7.90000e-06 1.98748e+10
7.94000e-06 1.94898e+10
7.98000e-06 1.91133e+10
8.02000e-06 1.87310e+10
8.06000e-06 1.83814e+10
8.10000e-06 1.80321e+10
8.14000e-06 1.76904e+10
8.18000e-06 1.73596e+10
8.22000e-06 1.70333e+10
8.26000e-06 1.67136e+10
8.30000e-06 1.64019e+10
8.34000e-06 1.60895e+10
8.38000e-06 1.57888e+10
8.42000e-06 1.55073e+10
8.46000e-06 1.52205e+10
8.50000e-06 1.49462e+10
8.54000e-06 1.46779e+10
8.58000e-06 1.44144e+10
8.62000e-06 1.41557e+10
8.66000e-06 1.39027e+10
8.70000e-06 1.36532e+10
8.74000e-06 1.34131e+10
8.78000e-06 1.31758e+10
8.82000e-06 1.29428e+10
8.86000e-06 1.27172e+10
8.90000e-06 1.24943e+10
8.94000e-06 1.22795e+10
8.98000e-06 1.20587e+10
9.02000e-06 1.18594e+10
9.06000e-06 1.16566e+10
9.10000e-06 1.14443e+10
9.14000e-06 1.12596e+10
9.18000e-06 1.10656e+10
9.22000e-06 1.08864e+10
9.26000e-06 1.07034e+10
9.30000e-06 1.05248e+10
9.34000e-06 1.03494e+10
9.38000e-06 1.01778e+10
9.42000e-06 1.00100e+10
9.46000e-06 9.84474e+09
9.50000e-06 9.68354e+09
9.54000e-06 9.52551e+09
9.58000e-06 9.37142e+09
9.62000e-06 9.21997e+09
9.66000e-06 9.07110e+09
9.70000e-06 8.92558e+09
9.74000e-06 8.77696e+09
9.78000e-06 8.64230e+09
9.82000e-06 8.50601e+09
9.86000e-06 8.37165e+09
9.90000e-06 8.23995e+09
9.94000e-06 8.11085e+09
9.98000e-06 7.98431e+09
1.00200e-05 7.85990e+09
2.00000e-05 5.11704e+08
4.00000e-05 3.22246e+07
6.00000e-05 6.36497e+06
8.00000e-05 2.01021e+06
1.00000e-04 8.21310e+05
1.20000e-04 3.95044e+05
1.40000e-04 2.12661e+05
1.60000e-04 1.24342e+05
