9.09000e-09 0.00000e+00
9.35000e-09 0.00000e+00
9.61000e-09 0.00000e+00
9.77000e-09 0.00000e+00
9.96000e-09 0.00000e+00
1.02000e-08 0.00000e+00
1.03800e-08 0.00000e+00
1.05600e-08 0.00000e+00
1.07700e-08 0.00000e+00
1.10400e-08 0.00000e+00
1.14000e-08 0.00000e+00
1.17800e-08 0.00000e+00
1.21300e-08 0.00000e+00
1.24800e-08 0.00000e+00
1.27100e-08 0.00000e+00
1.28400e-08 0.00000e+00
1.30500e-08 0.00000e+00
1.32400e-08 0.00000e+00
1.33900e-08 0.00000e+00
1.36600e-08 0.00000e+00
1.39800e-08 0.00000e+00
1.43300e-08 0.00000e+00
1.47200e-08 0.00000e+00
1.51000e-08 0.00000e+00
1.55200e-08 0.00000e+00
1.58800e-08 0.00000e+00
1.62000e-08 0.00000e+00
1.66000e-08 0.00000e+00
1.70300e-08 0.00000e+00
1.73400e-08 0.00000e+00
1.76800e-08 0.00000e+00
1.80200e-08 0.00000e+00
1.81700e-08 0.00000e+00
1.86100e-08 0.00000e+00
1.91000e-08 0.00000e+00
1.93900e-08 0.00000e+00
1.98400e-08 0.00000e+00
2.01800e-08 0.00000e+00
2.05000e-08 0.00000e+00
2.10500e-08 0.00000e+00
2.16200e-08 0.00000e+00
2.19800e-08 0.00000e+00
2.23000e-08 0.00000e+00
2.26800e-08 0.00000e+00
2.30000e-08 0.00000e+00
2.34000e-08 0.00000e+00
2.40000e-08 0.00000e+00
2.46500e-08 0.00000e+00
2.52400e-08 0.00000e+00
2.56800e-08 0.00000e+00
2.60000e-08 0.00000e+00
2.64000e-08 0.00000e+00
2.68500e-08 0.00000e+00
2.73500e-08 0.00000e+00
2.78500e-08 0.00000e+00
2.84000e-08 0.00000e+00
2.90000e-08 0.00000e+00
2.96000e-08 0.00000e+00
3.01000e-08 0.00000e+00
3.08000e-08 0.00000e+00
3.18000e-08 0.00000e+00
3.28000e-08 0.00000e+00
3.38000e-08 0.00000e+00
3.48000e-08 0.00000e+00
3.57000e-08 0.00000e+00
3.66000e-08 0.00000e+00
3.75000e-08 0.00000e+00
3.85000e-08 0.00000e+00
3.95000e-08 0.00000e+00
4.05000e-08 0.00000e+00
4.14000e-08 0.00000e+00
4.22000e-08 0.00000e+00
4.30000e-08 0.00000e+00
4.41000e-08 0.00000e+00
4.51000e-08 0.00000e+00
4.60000e-08 0.00000e+00
4.70000e-08 0.00000e+00
4.80000e-08 0.00000e+00
4.90000e-08 0.00000e+00
5.00000e-08 0.00000e+00
5.06000e-08 1.02653e+00
5.12000e-08 1.78417e+00
5.20000e-08 3.23746e+00
5.30000e-08 6.68230e+00
5.40000e-08 1.32773e+01
5.50000e-08 2.59701e+01
5.60000e-08 4.94927e+01
5.70000e-08 9.22787e+01
5.80000e-08 1.67793e+02
5.90000e-08 3.02153e+02
6.00000e-08 5.31734e+02
6.10000e-08 9.20322e+02
6.20000e-08 1.56602e+03
6.30000e-08 2.62335e+03
6.40000e-08 4.32817e+03
6.50000e-08 7.04428e+03
6.58000e-08 1.02944e+04
6.65000e-08 1.42386e+04
6.75000e-08 2.24008e+04
6.85000e-08 3.48120e+04
6.95000e-08 5.34368e+04
7.05000e-08 8.09740e+04
7.16000e-08 1.26572e+05
7.26000e-08 1.87638e+05
7.35000e-08 2.65059e+05
7.45000e-08 3.85307e+05
7.55000e-08 5.54767e+05
7.65000e-08 7.91280e+05
7.75000e-08 1.11835e+06
7.85000e-08 1.56696e+06
7.95000e-08 2.17243e+06
8.05000e-08 2.99588e+06
8.15000e-08 4.09675e+06
8.25000e-08 5.55610e+06
8.35000e-08 7.47652e+06
8.45000e-08 9.99250e+06
8.55000e-08 1.32593e+07
8.65000e-08 1.74744e+07
8.75000e-08 2.28693e+07
8.85000e-08 2.97613e+07
8.95000e-08 3.84780e+07
9.05000e-08 4.94196e+07
9.15000e-08 1.47875e+09
9.25000e-08 9.39465e+09
9.35000e-08 1.54140e+10
9.45000e-08 2.43839e+10
9.55000e-08 3.48127e+10
9.65000e-08 4.52250e+10
9.75000e-08 4.15478e+10
9.85000e-08 6.27907e+10
9.95000e-08 6.91797e+10
1.00500e-07 8.78320e+10
1.01500e-07 1.02467e+11
1.02500e-07 7.86217e+10
1.03500e-07 1.31691e+11
1.04500e-07 1.56998e+11
1.05500e-07 1.79689e+11
1.06500e-07 1.96293e+11
1.07500e-07 2.30910e+11
1.08500e-07 2.59274e+11
1.09500e-07 2.79246e+11
1.10500e-07 1.14874e+12
1.11500e-07 3.90177e+12
1.12500e-07 5.23203e+12
1.13500e-07 5.45169e+12
1.14500e-07 4.52872e+12
1.15500e-07 4.31622e+12
1.16500e-07 4.00789e+12
1.17500e-07 2.90606e+12
1.18500e-07 2.23789e+12
1.19500e-07 1.29561e+12
1.20500e-07 1.29417e+12
1.21500e-07 3.42043e+11
1.22500e-07 1.40818e+12
1.23500e-07 2.78665e+12
1.24500e-07 7.17040e+12
1.25500e-07 2.43567e+13
1.26500e-07 3.37974e+13
1.27500e-07 1.52616e+14
1.28500e-07 3.22835e+14
1.29500e-07 4.05097e+14
1.30500e-07 2.59991e+14
1.31500e-07 5.36678e+14
1.32500e-07 6.28133e+14
1.33500e-07 5.92208e+14
1.34500e-07 8.04805e+14
1.35500e-07 7.52404e+14
1.36500e-07 7.01224e+14
1.37500e-07 8.23870e+14
1.38500e-07 7.77961e+14
1.39500e-07 8.75413e+14
1.40500e-07 8.86088e+14
1.41500e-07 8.04686e+14
1.42500e-07 9.15322e+14
1.43500e-07 8.10111e+14
1.44200e-07 9.50811e+14
1.44700e-07 1.08393e+15
1.45500e-07 1.06836e+15
1.46500e-07 9.20628e+14
1.47500e-07 9.06976e+14
1.48500e-07 9.93766e+14
1.49500e-07 1.09542e+15
1.50500e-07 1.12797e+15
1.51200e-07 9.82486e+14
1.51700e-07 1.07958e+15
1.52500e-07 8.93559e+14
1.53500e-07 7.75565e+14
1.54500e-07 1.11048e+15
1.55500e-07 9.77370e+14
1.56500e-07 8.81259e+14
1.57500e-07 1.05470e+15
1.58500e-07 1.13478e+15
1.59500e-07 1.24132e+15
1.60500e-07 1.15781e+15
1.61500e-07 1.11464e+15
1.62500e-07 9.56769e+14
1.63500e-07 1.07609e+15
1.64500e-07 1.16201e+15
1.65500e-07 8.55084e+14
1.66500e-07 1.13609e+15
1.67200e-07 7.56147e+14
1.67700e-07 1.09475e+15
1.68500e-07 1.22353e+15
1.69500e-07 1.06544e+15
1.70500e-07 1.03646e+15
1.71500e-07 1.05093e+15
1.72500e-07 1.03052e+15
1.73500e-07 1.11152e+15
1.74500e-07 1.08681e+15
1.75500e-07 1.20647e+15
1.76500e-07 9.92114e+14
1.77500e-07 1.14397e+15
1.78500e-07 1.12809e+15
1.79500e-07 1.26266e+15
1.80500e-07 1.19100e+15
1.81500e-07 1.15676e+15
1.82500e-07 1.12057e+15
1.83500e-07 1.06413e+15
1.84500e-07 9.57944e+14
1.85500e-07 1.03796e+15
1.86500e-07 1.05478e+15
1.87500e-07 1.08895e+15
1.88500e-07 1.07573e+15
1.89500e-07 1.08990e+15
1.90500e-07 1.02213e+15
1.91500e-07 1.08379e+15
1.92500e-07 1.09066e+15
1.93500e-07 1.02055e+15
1.94500e-07 1.11216e+15
1.95500e-07 1.09450e+15
1.96700e-07 1.14312e+15
1.97600e-07 1.11970e+15
1.98400e-07 1.08456e+15
1.99500e-07 1.04263e+15
2.00500e-07 1.01286e+15
2.01500e-07 9.87517e+14
2.02500e-07 9.64283e+14
2.03500e-07 1.00705e+15
2.04500e-07 1.05947e+15
2.05500e-07 1.01198e+15
2.06500e-07 9.87982e+14
2.07400e-07 1.04783e+15
2.07800e-07 1.06919e+15
2.08500e-07 1.04997e+15
2.09500e-07 1.00813e+15
2.10500e-07 9.59548e+14
2.11500e-07 9.62286e+14
2.12500e-07 9.88874e+14
2.13500e-07 8.37890e+14
2.14500e-07 9.38669e+14
2.15500e-07 9.43525e+14
2.16500e-07 8.86765e+14
2.17500e-07 8.72816e+14
2.18500e-07 8.83626e+14
2.19500e-07 9.38928e+14
2.20500e-07 8.94168e+14
2.21500e-07 8.20307e+14
2.22500e-07 8.04503e+14
2.23500e-07 9.00945e+14
2.24500e-07 8.04734e+14
2.25500e-07 7.82869e+14
2.26500e-07 7.84270e+14
2.27500e-07 8.27397e+14
2.28500e-07 8.58628e+14
2.29500e-07 8.03240e+14
2.30500e-07 7.93874e+14
2.31500e-07 7.62568e+14
2.32500e-07 6.01159e+14
2.33500e-07 7.12801e+14
2.34500e-07 6.50571e+14
2.35500e-07 7.56990e+14
2.36500e-07 6.56877e+14
2.37500e-07 6.99612e+14
2.38500e-07 6.08162e+14
2.39500e-07 6.74381e+14
2.40500e-07 6.39254e+14
2.41500e-07 6.55119e+14
2.42500e-07 7.09562e+14
2.43500e-07 6.73502e+14
2.44500e-07 7.23146e+14
2.45500e-07 6.94201e+14
2.46500e-07 6.96268e+14
2.47500e-07 6.60333e+14
2.48500e-07 6.92000e+14
2.49500e-07 6.63648e+14
2.50500e-07 7.46914e+14
2.51300e-07 6.55487e+14
2.51800e-07 6.59185e+14
2.52500e-07 6.13050e+14
2.53500e-07 6.03826e+14
2.54500e-07 6.03278e+14
2.55500e-07 6.62565e+14
2.56500e-07 6.56607e+14
2.57500e-07 7.05096e+14
2.58500e-07 7.06416e+14
2.59500e-07 6.87891e+14
2.60500e-07 6.59914e+14
2.61500e-07 6.47825e+14
2.62500e-07 7.00305e+14
2.63500e-07 6.97767e+14
2.64500e-07 7.78606e+14
2.65500e-07 7.68048e+14
2.66500e-07 7.03417e+14
2.67500e-07 7.33757e+14
2.68500e-07 7.30758e+14
2.69500e-07 6.94171e+14
2.70500e-07 7.11599e+14
2.71500e-07 6.73402e+14
2.72500e-07 6.78717e+14
2.73500e-07 7.29516e+14
2.74500e-07 6.16416e+14
2.75500e-07 6.25698e+14
2.76500e-07 6.49367e+14
2.77500e-07 6.84224e+14
2.78500e-07 6.36188e+14
2.79500e-07 3.86919e+14
2.80500e-07 4.49260e+14
2.81500e-07 6.83553e+14
2.82500e-07 7.12569e+14
2.83500e-07 6.89270e+14
2.84500e-07 6.64559e+14
2.85500e-07 6.47340e+14
2.86500e-07 6.91250e+14
2.87500e-07 6.71728e+14
2.88500e-07 6.83781e+14
2.89500e-07 6.61220e+14
2.91000e-07 7.23022e+14
2.93000e-07 6.93306e+14
2.95000e-07 6.89089e+14
2.97000e-07 6.92524e+14
2.99000e-07 6.96986e+14
3.01000e-07 7.05260e+14
3.03000e-07 6.95283e+14
3.05000e-07 6.90163e+14
3.07000e-07 6.82799e+14
3.09000e-07 6.88745e+14
3.11000e-07 6.71424e+14
3.13000e-07 6.69293e+14
3.15000e-07 6.71869e+14
3.17000e-07 6.64880e+14
3.19000e-07 6.38725e+14
3.21000e-07 6.52581e+14
3.23000e-07 6.38061e+14
3.25000e-07 6.42965e+14
3.27000e-07 6.45588e+14
3.29000e-07 6.46429e+14
3.31000e-07 6.46928e+14
3.33000e-07 6.34730e+14
3.35000e-07 6.25227e+14
3.37000e-07 6.23367e+14
3.39000e-07 6.15575e+14
3.41000e-07 6.21626e+14
3.43000e-07 6.17440e+14
3.45000e-07 6.12391e+14
3.47000e-07 6.04225e+14
3.49000e-07 6.01032e+14
3.51000e-07 6.04904e+14
3.53000e-07 6.02786e+14
3.55000e-07 6.01184e+14
3.57000e-07 5.90033e+14
3.59000e-07 5.85524e+14
3.61000e-07 5.82002e+14
3.63000e-07 5.80038e+14
3.64000e-07 5.76998e+14
3.65000e-07 5.86792e+14
3.67000e-07 5.75015e+14
3.69000e-07 5.24198e+14
3.71000e-07 5.38268e+14
3.73000e-07 5.42937e+14
3.75000e-07 6.56241e+14
3.77000e-07 6.83596e+14
3.79000e-07 8.41081e+14
3.81000e-07 9.99434e+14
3.83000e-07 7.87161e+14
3.85000e-07 1.12306e+15
3.87000e-07 1.30278e+15
3.89000e-07 6.81979e+14
3.91000e-07 1.30465e+15
3.93000e-07 1.24128e+15
3.95000e-07 1.28845e+15
3.97000e-07 6.45568e+14
3.99000e-07 1.23703e+15
4.01000e-07 1.45813e+15
4.03000e-07 1.46889e+15
4.05000e-07 1.44771e+15
4.07000e-07 1.34644e+15
4.09000e-07 9.65873e+14
4.11000e-07 7.25936e+14
4.13000e-07 1.24874e+15
4.15000e-07 1.35080e+15
4.17000e-07 1.35185e+15
4.19000e-07 1.33462e+15
4.21000e-07 1.32161e+15
4.23000e-07 1.29148e+15
4.25000e-07 1.27820e+15
4.27000e-07 1.24070e+15
4.29000e-07 1.22842e+15
4.31000e-07 1.12274e+15
4.33000e-07 7.83786e+14
4.35000e-07 6.64925e+14
4.37000e-07 1.08153e+15
4.39000e-07 1.13763e+15
4.41000e-07 1.14034e+15
4.43000e-07 1.13004e+15
4.45000e-07 1.13494e+15
4.47000e-07 1.11917e+15
4.49000e-07 1.09117e+15
4.51000e-07 1.09336e+15
4.53000e-07 1.07479e+15
4.55000e-07 1.05035e+15
4.57000e-07 1.05485e+15
4.59000e-07 1.03373e+15
4.61000e-07 1.03489e+15
4.63000e-07 1.00887e+15
4.65000e-07 1.00738e+15
4.67000e-07 9.93610e+14
4.69000e-07 9.66553e+14
4.71000e-07 9.34604e+14
4.73000e-07 9.53828e+14
4.75000e-07 9.42089e+14
4.77000e-07 9.27434e+14
4.79000e-07 9.10806e+14
4.81000e-07 8.82307e+14
4.83000e-07 8.20513e+14
4.85000e-07 6.01199e+14
4.87000e-07 4.86208e+14
4.89000e-07 7.61761e+14
4.91000e-07 8.24700e+14
4.93000e-07 8.24656e+14
4.95000e-07 8.26770e+14
4.97000e-07 8.24430e+14
4.99000e-07 8.11041e+14
5.01000e-07 7.92061e+14
5.03000e-07 7.92222e+14
5.05000e-07 7.77156e+14
5.07000e-07 7.77206e+14
5.09000e-07 7.68319e+14
5.11000e-07 7.59402e+14
5.13000e-07 7.49799e+14
5.15000e-07 7.37978e+14
5.17000e-07 7.20990e+14
5.19000e-07 7.14535e+14
5.21000e-07 7.13459e+14
5.23000e-07 6.99529e+14
5.25000e-07 7.00182e+14
5.27000e-07 6.80865e+14
5.29000e-07 6.84047e+14
5.31000e-07 6.71421e+14
5.33000e-07 6.62546e+14
5.35000e-07 6.61866e+14
5.37000e-07 6.51863e+14
5.39000e-07 6.45531e+14
5.41000e-07 6.35206e+14
5.43000e-07 6.30676e+14
5.45000e-07 6.25599e+14
5.47000e-07 6.18653e+14
5.49000e-07 6.12654e+14
5.51000e-07 6.06254e+14
5.53000e-07 5.98107e+14
5.55000e-07 5.93266e+14
5.57000e-07 5.85941e+14
5.59000e-07 5.80285e+14
5.61000e-07 5.74802e+14
5.63000e-07 5.68907e+14
5.65000e-07 5.62396e+14
5.67000e-07 5.55858e+14
5.69000e-07 5.50723e+14
5.71000e-07 5.44954e+14
5.73000e-07 5.39894e+14
5.75000e-07 5.33388e+14
5.77000e-07 5.28067e+14
5.79000e-07 5.22245e+14
5.81000e-07 5.17026e+14
5.83000e-07 5.11811e+14
5.85000e-07 5.06512e+14
5.87000e-07 5.00552e+14
5.89000e-07 4.92022e+14
5.91000e-07 4.90682e+14
5.93000e-07 4.85846e+14
5.95000e-07 4.79989e+14
5.97000e-07 4.75584e+14
5.99000e-07 4.69830e+14
6.01000e-07 4.65227e+14
6.03000e-07 4.61235e+14
6.05000e-07 4.56451e+14
6.07000e-07 4.52241e+14
6.09000e-07 4.47549e+14
6.11000e-07 4.42888e+14
6.13000e-07 4.38008e+14
6.15000e-07 4.29237e+14
6.17000e-07 4.29151e+14
6.19000e-07 4.25704e+14
6.21000e-07 4.21471e+14
6.23000e-07 4.16916e+14
6.25000e-07 4.10172e+14
6.27000e-07 4.09256e+14
6.29000e-07 4.05286e+14
6.31000e-07 4.00526e+14
6.33000e-07 3.97059e+14
6.35000e-07 3.89236e+14
6.37000e-07 3.86749e+14
6.39000e-07 3.85264e+14
6.41000e-07 3.80278e+14
6.43000e-07 3.77014e+14
6.45000e-07 3.70713e+14
6.47000e-07 3.68587e+14
6.49000e-07 3.62329e+14
6.51000e-07 3.55040e+14
6.53000e-07 3.38264e+14
6.55000e-07 2.84314e+14
6.56125e-07 2.30333e+14
6.59000e-07 3.14679e+14
6.61000e-07 3.35420e+14
6.63000e-07 3.38807e+14
6.65000e-07 3.37973e+14
6.67000e-07 3.35840e+14
6.69000e-07 3.33414e+14
6.71000e-07 3.30735e+14
6.73000e-07 3.27674e+14
6.75000e-07 3.25016e+14
6.77000e-07 3.22391e+14
6.79000e-07 3.19351e+14
6.81000e-07 3.16479e+14
6.83000e-07 3.13352e+14
6.85000e-07 3.10585e+14
6.87000e-07 3.07910e+14
6.89000e-07 3.05164e+14
6.91000e-07 3.02343e+14
6.93000e-07 2.99526e+14
6.95000e-07 2.96876e+14
6.97000e-07 2.94159e+14
6.99000e-07 2.91707e+14
7.01000e-07 2.88266e+14
7.03000e-07 2.86209e+14
7.05000e-07 2.83724e+14
7.07000e-07 2.81390e+14
7.09000e-07 2.78965e+14
7.11000e-07 2.73985e+14
7.13000e-07 2.73509e+14
7.15000e-07 2.71156e+14
7.17000e-07 2.69023e+14
7.19000e-07 2.66668e+14
7.21000e-07 2.64430e+14
7.23000e-07 2.61967e+14
7.25000e-07 2.59427e+14
7.27000e-07 2.57645e+14
7.29000e-07 2.55170e+14
7.31000e-07 2.53000e+14
7.33000e-07 2.50983e+14
7.35000e-07 2.48943e+14
7.37000e-07 2.46838e+14
7.39000e-07 2.44545e+14
7.41000e-07 2.41394e+14
7.43000e-07 2.39482e+14
7.45000e-07 2.37852e+14
7.47000e-07 2.35075e+14
7.49000e-07 2.33720e+14
7.51000e-07 2.32116e+14
7.53000e-07 2.30393e+14
7.55000e-07 2.28639e+14
7.57000e-07 2.26650e+14
7.59000e-07 2.24790e+14
7.61000e-07 2.22947e+14
7.63000e-07 2.21048e+14
7.65000e-07 2.19089e+14
7.67000e-07 2.17109e+14
7.69000e-07 2.15465e+14
7.71000e-07 2.13519e+14
7.73000e-07 2.12062e+14
7.75000e-07 2.10273e+14
7.77000e-07 2.04349e+14
7.79000e-07 2.06927e+14
7.81000e-07 2.05226e+14
7.83000e-07 2.03368e+14
7.85000e-07 2.01385e+14
7.87000e-07 1.99281e+14
7.89000e-07 1.97394e+14
7.91000e-07 1.96499e+14
7.93000e-07 1.95198e+14
7.95000e-07 1.92709e+14
7.97000e-07 1.92342e+14
7.99000e-07 1.88695e+14
8.01000e-07 1.89181e+14
8.03000e-07 1.87580e+14
8.05000e-07 1.86184e+14
8.07000e-07 1.84626e+14
8.09000e-07 1.83207e+14
8.11000e-07 1.81801e+14
8.13000e-07 1.80457e+14
8.15000e-07 1.79045e+14
8.17000e-07 1.77656e+14
8.19000e-07 1.75060e+14
8.21000e-07 1.74487e+14
8.23000e-07 1.72973e+14
8.25000e-07 1.72141e+14
8.27000e-07 1.72025e+14
8.29000e-07 1.70571e+14
8.31000e-07 1.69353e+14
8.33000e-07 1.66982e+14
8.35000e-07 1.65989e+14
8.37000e-07 1.64374e+14
8.39000e-07 1.61696e+14
8.41000e-07 1.59250e+14
8.43000e-07 1.56725e+14
8.45000e-07 1.53473e+14
8.47000e-07 1.51583e+14
8.49000e-07 1.51779e+14
8.51000e-07 1.45875e+14
8.53000e-07 1.51482e+14
8.55000e-07 1.37448e+14
8.57000e-07 1.53626e+14
8.59000e-07 1.41348e+14
8.61000e-07 1.39025e+14
8.63000e-07 1.55099e+14
8.65000e-07 1.45516e+14
8.67000e-07 1.23766e+14
8.69000e-07 1.48694e+14
8.71000e-07 1.56494e+14
8.73000e-07 1.46589e+14
8.75000e-07 1.18212e+14
8.77000e-07 1.38774e+14
8.79000e-07 1.54117e+14
8.81000e-07 1.56121e+14
8.83000e-07 1.49496e+14
8.85000e-07 1.30293e+14
8.87000e-07 1.12320e+14
8.89000e-07 1.40516e+14
8.91000e-07 1.50136e+14
8.93000e-07 1.52488e+14
8.95000e-07 1.52635e+14
8.97000e-07 1.48181e+14
8.99000e-07 1.37090e+14
9.01000e-07 1.08606e+14
9.03000e-07 1.17809e+14
9.05000e-07 1.37965e+14
9.07000e-07 1.42284e+14
9.09000e-07 1.42849e+14
9.11000e-07 1.45223e+14
9.13000e-07 1.44895e+14
9.15000e-07 1.43668e+14
9.17000e-07 1.40587e+14
9.19000e-07 1.34458e+14
9.21000e-07 1.20959e+14
9.23000e-07 9.50749e+13
9.25000e-07 1.15939e+14
9.27000e-07 1.27206e+14
9.29000e-07 1.34429e+14
9.31000e-07 1.35660e+14
9.33000e-07 1.35417e+14
9.35000e-07 1.34963e+14
9.37000e-07 1.34199e+14
9.39000e-07 1.32384e+14
9.41000e-07 1.29899e+14
9.43000e-07 1.30713e+14
9.45000e-07 1.29494e+14
9.47000e-07 1.27670e+14
9.49000e-07 1.24778e+14
9.51000e-07 1.19017e+14
9.53000e-07 1.05535e+14
9.55000e-07 8.56873e+13
9.57000e-07 1.06757e+14
9.59000e-07 1.16864e+14
9.61000e-07 1.19564e+14
9.63000e-07 1.19238e+14
9.65000e-07 1.20662e+14
9.67000e-07 1.19374e+14
9.69000e-07 1.19351e+14
9.71000e-07 1.19032e+14
9.73000e-07 1.18181e+14
9.75000e-07 1.17312e+14
9.77000e-07 1.16647e+14
9.79000e-07 1.15809e+14
9.81000e-07 1.14934e+14
9.83000e-07 1.13894e+14
9.85000e-07 1.12935e+14
9.87000e-07 1.12110e+14
9.89000e-07 1.10717e+14
9.91000e-07 1.10432e+14
9.93000e-07 1.09346e+14
9.95000e-07 1.08397e+14
9.97000e-07 1.07106e+14
9.99000e-07 1.04873e+14
1.00250e-06 9.22365e+13
1.00750e-06 8.74820e+13
1.01250e-06 1.00202e+14
1.01750e-06 1.00723e+14
1.02250e-06 9.95312e+13
1.02750e-06 9.80510e+13
1.03250e-06 9.63616e+13
1.03750e-06 9.47806e+13
1.04250e-06 9.32115e+13
1.04750e-06 9.12663e+13
1.05250e-06 8.98367e+13
1.05750e-06 8.85142e+13
1.06250e-06 8.71357e+13
1.06750e-06 8.46354e+13
1.07250e-06 8.37695e+13
1.07750e-06 8.24746e+13
1.08250e-06 8.07404e+13
1.08750e-06 7.75596e+13
1.09250e-06 6.37965e+13
1.09750e-06 6.98723e+13
1.10250e-06 7.51845e+13
1.10750e-06 7.50140e+13
1.11250e-06 7.40551e+13
1.11750e-06 7.30771e+13
1.12250e-06 7.19821e+13
1.12750e-06 6.99374e+13
1.13250e-06 6.89834e+13
1.13750e-06 6.85676e+13
1.14250e-06 6.74377e+13
1.14750e-06 6.66052e+13
1.15250e-06 6.56286e+13
1.15750e-06 6.46046e+13
1.16250e-06 6.32890e+13
1.16750e-06 6.20820e+13
1.17250e-06 6.17509e+13
1.17750e-06 6.00619e+13
1.18250e-06 5.96063e+13
1.18750e-06 5.85444e+13
1.19250e-06 5.81816e+13
1.19750e-06 5.70426e+13
1.20250e-06 5.64208e+13
1.20750e-06 5.54713e+13
1.21250e-06 5.47124e+13
1.21750e-06 5.40021e+13
1.22250e-06 5.31907e+13
1.22750e-06 5.23557e+13
1.23250e-06 5.16317e+13
1.23750e-06 5.09398e+13
1.24250e-06 5.02793e+13
1.24750e-06 4.94075e+13
1.25250e-06 4.88217e+13
1.25750e-06 4.78624e+13
1.26250e-06 4.72217e+13
1.26750e-06 4.65356e+13
1.27250e-06 4.54518e+13
1.27750e-06 4.27352e+13
1.28250e-06 3.63880e+13
1.28750e-06 4.21330e+13
1.29250e-06 4.31134e+13
1.29750e-06 4.28578e+13
1.30250e-06 4.23917e+13
1.30750e-06 4.19139e+13
1.31250e-06 4.13436e+13
1.31750e-06 4.06658e+13
1.32250e-06 4.02469e+13
1.32750e-06 3.97070e+13
1.33250e-06 3.91804e+13
1.33750e-06 3.86564e+13
1.34250e-06 3.81349e+13
1.34750e-06 3.76117e+13
1.35250e-06 3.70705e+13
1.35750e-06 3.65935e+13
1.36250e-06 3.61448e+13
1.36750e-06 3.56433e+13
1.37250e-06 3.50721e+13
1.37750e-06 3.47484e+13
1.38250e-06 3.43004e+13
1.38750e-06 3.38873e+13
1.39250e-06 3.33957e+13
1.39750e-06 3.30067e+13
1.40250e-06 3.25918e+13
1.40750e-06 3.21838e+13
1.41250e-06 3.17618e+13
1.41750e-06 3.13657e+13
1.42250e-06 3.09668e+13
1.42750e-06 3.05746e+13
1.43250e-06 3.01927e+13
1.43750e-06 2.98262e+13
1.44250e-06 2.91708e+13
1.44750e-06 2.90793e+13
1.45250e-06 2.85777e+13
1.45700e-06 2.83979e+13
1.46200e-06 2.80489e+13
1.46750e-06 2.77236e+13
1.47250e-06 2.73810e+13
1.47750e-06 2.69837e+13
1.48250e-06 2.67146e+13
1.48750e-06 2.63207e+13
1.49250e-06 2.61227e+13
1.49750e-06 2.57604e+13
1.50250e-06 2.54057e+13
1.50750e-06 2.50634e+13
1.51250e-06 2.47711e+13
1.51750e-06 2.43938e+13
1.52250e-06 2.40421e+13
1.52750e-06 2.37396e+13
1.53250e-06 2.33588e+13
1.53750e-06 2.31163e+13
1.54250e-06 2.26342e+13
1.54750e-06 2.25416e+13
1.55250e-06 2.21919e+13
1.55750e-06 2.16552e+13
1.56250e-06 2.20538e+13
1.56750e-06 2.12065e+13
1.57250e-06 2.07519e+13
1.57750e-06 2.14335e+13
1.58250e-06 2.10561e+13
1.58750e-06 1.94722e+13
1.59250e-06 2.02607e+13
1.59750e-06 2.09046e+13
1.60500e-06 1.99522e+13
1.61500e-06 1.88002e+13
1.62500e-06 1.97237e+13
1.63500e-06 1.85094e+13
1.64500e-06 1.74344e+13
1.65500e-06 1.85214e+13
1.66500e-06 1.81582e+13
1.67500e-06 1.68759e+13
1.68500e-06 1.58336e+13
1.69500e-06 1.69717e+13
1.70500e-06 1.67136e+13
1.71500e-06 1.63604e+13
1.72500e-06 1.57586e+13
1.73500e-06 1.38291e+13
1.74500e-06 1.48229e+13
1.75500e-06 1.49566e+13
1.76500e-06 1.47005e+13
1.77500e-06 1.44385e+13
1.78500e-06 1.41234e+13
1.79500e-06 1.38157e+13
1.80500e-06 1.33462e+13
1.81500e-06 1.18169e+13
1.82500e-06 1.23992e+13
1.83500e-06 1.26717e+13
1.84500e-06 1.24661e+13
1.85500e-06 1.21821e+13
1.86500e-06 1.17788e+13
1.87500e-06 1.03830e+13
1.88500e-06 1.12503e+13
1.89500e-06 1.12431e+13
1.90500e-06 1.10755e+13
1.91500e-06 1.08585e+13
1.92500e-06 1.06168e+13
1.93500e-06 1.02116e+13
1.94500e-06 9.03281e+12
1.95500e-06 9.82716e+12
1.96500e-06 9.83579e+12
1.97500e-06 9.68235e+12
1.98500e-06 9.51496e+12
1.99500e-06 9.33737e+12
2.00500e-06 9.16480e+12
2.01500e-06 8.99538e+12
2.02500e-06 8.82839e+12
2.03500e-06 8.66478e+12
2.04500e-06 8.50936e+12
2.05500e-06 8.35412e+12
2.06500e-06 8.19884e+12
2.07500e-06 8.05281e+12
2.08500e-06 7.90954e+12
2.09500e-06 7.76838e+12
2.10500e-06 7.62852e+12
2.11500e-06 7.48227e+12
2.12500e-06 7.35161e+12
2.13500e-06 7.21563e+12
2.14500e-06 7.07031e+12
2.15500e-06 6.83846e+12
2.16500e-06 6.09459e+12
2.17500e-06 6.53473e+12
2.18500e-06 6.58695e+12
2.19500e-06 6.50736e+12
2.20500e-06 6.40206e+12
2.21500e-06 6.28941e+12
2.22500e-06 6.19145e+12
2.23500e-06 6.08707e+12
2.24500e-06 5.98557e+12
2.25500e-06 5.88289e+12
2.26500e-06 5.78781e+12
2.27500e-06 5.69220e+12
2.28500e-06 5.62308e+12
2.29500e-06 5.61545e+12
2.30500e-06 5.52401e+12
2.31500e-06 5.42036e+12
2.32500e-06 5.32031e+12
2.33500e-06 5.22053e+12
2.34500e-06 5.12417e+12
2.35500e-06 5.03122e+12
2.36500e-06 4.94101e+12
2.37500e-06 4.85354e+12
2.38500e-06 4.76968e+12
2.39500e-06 4.68612e+12
2.40500e-06 4.60490e+12
2.41500e-06 4.52518e+12
2.42500e-06 4.44732e+12
2.43500e-06 4.38176e+12
2.44500e-06 4.29986e+12
2.45500e-06 4.24390e+12
2.46500e-06 4.16223e+12
2.47500e-06 4.11003e+12
2.48500e-06 4.05433e+12
2.49500e-06 3.96010e+12
2.50500e-06 3.99645e+12
2.51500e-06 3.89534e+12
2.52500e-06 3.75778e+12
2.53500e-06 3.75850e+12
2.54500e-06 3.73448e+12
2.55500e-06 3.63750e+12
2.56500e-06 3.50326e+12
2.57500e-06 3.54633e+12
2.58500e-06 3.52751e+12
2.59500e-06 3.46810e+12
2.60500e-06 3.34221e+12
2.61500e-06 3.19098e+12
2.62500e-06 2.98350e+12
2.63500e-06 3.19058e+12
2.64500e-06 3.22691e+12
2.65500e-06 3.18544e+12
2.66500e-06 3.09225e+12
2.67500e-06 2.91518e+12
2.68500e-06 3.00706e+12
2.69500e-06 3.01866e+12
2.70500e-06 2.98845e+12
2.71500e-06 2.95017e+12
2.72500e-06 2.90735e+12
2.73500e-06 2.85848e+12
2.74500e-06 2.78625e+12
2.75500e-06 2.59839e+12
2.76500e-06 2.63570e+12
2.77500e-06 2.69071e+12
2.78500e-06 2.67278e+12
2.79500e-06 2.64362e+12
2.80500e-06 2.61096e+12
2.81500e-06 2.57528e+12
2.82500e-06 2.54042e+12
2.83500e-06 2.50345e+12
2.84500e-06 2.46219e+12
2.85500e-06 2.41493e+12
2.86500e-06 2.31379e+12
2.87500e-06 2.17475e+12
2.88500e-06 2.29418e+12
2.89500e-06 2.29696e+12
2.90500e-06 2.27747e+12
2.91500e-06 2.24995e+12
2.92500e-06 2.22323e+12
2.93500e-06 2.19442e+12
2.94500e-06 2.16603e+12
2.95500e-06 2.13815e+12
2.96500e-06 2.11047e+12
2.97500e-06 2.08336e+12
2.98500e-06 2.05679e+12
2.99500e-06 2.03006e+12
3.00500e-06 1.99984e+12
3.01500e-06 1.96798e+12
3.02500e-06 1.92161e+12
3.03500e-06 1.78414e+12
3.04500e-06 1.79714e+12
3.05500e-06 1.85652e+12
3.06500e-06 1.84968e+12
3.07500e-06 1.83221e+12
3.08500e-06 1.81010e+12
3.09500e-06 1.78926e+12
3.10500e-06 1.76704e+12
3.11500e-06 1.74485e+12
3.12500e-06 1.72336e+12
3.13500e-06 1.70292e+12
3.14500e-06 1.68159e+12
3.15500e-06 1.66209e+12
3.16500e-06 1.64213e+12
3.17500e-06 1.62178e+12
3.18500e-06 1.60285e+12
3.19500e-06 1.58350e+12
3.21000e-06 1.55517e+12
3.23000e-06 1.51856e+12
3.25000e-06 1.48260e+12
3.27000e-06 1.43971e+12
3.29000e-06 1.32603e+12
3.31000e-06 1.35276e+12
3.33000e-06 1.35562e+12
3.35000e-06 1.32793e+12
3.37000e-06 1.29523e+12
3.39000e-06 1.26534e+12
3.41000e-06 1.23603e+12
3.43000e-06 1.20776e+12
3.45000e-06 1.18034e+12
3.47000e-06 1.15310e+12
3.49000e-06 1.12706e+12
3.51000e-06 1.10193e+12
3.53000e-06 1.07690e+12
3.55000e-06 1.05314e+12
3.57000e-06 1.02952e+12
3.59000e-06 1.00730e+12
3.61000e-06 9.85470e+11
3.63000e-06 9.64548e+11
3.65000e-06 9.43120e+11
3.67000e-06 9.25233e+11
3.69000e-06 9.01037e+11
3.71000e-06 8.84560e+11
3.73000e-06 8.39899e+11
3.75000e-06 8.12130e+11
3.77000e-06 8.32110e+11
3.79000e-06 8.18945e+11
3.81000e-06 7.94668e+11
3.83000e-06 7.80124e+11
3.85000e-06 7.72421e+11
3.87000e-06 7.57264e+11
3.89000e-06 7.37000e+11
3.91000e-06 7.12747e+11
3.93000e-06 7.11536e+11
3.95000e-06 7.01500e+11
3.97000e-06 6.89071e+11
3.99000e-06 6.75294e+11
4.01000e-06 6.48146e+11
4.03000e-06 6.32079e+11
4.05000e-06 6.00219e+11
4.07000e-06 6.18579e+11
4.09000e-06 6.11958e+11
4.11000e-06 6.02181e+11
4.13000e-06 5.89295e+11
4.15000e-06 5.73916e+11
4.17000e-06 5.46890e+11
4.19000e-06 5.52282e+11
4.21000e-06 5.47068e+11
4.23000e-06 5.38517e+11
4.25000e-06 5.28726e+11
4.27000e-06 5.19177e+11
4.29000e-06 5.09824e+11
4.31000e-06 5.00642e+11
4.33000e-06 4.91124e+11
4.35000e-06 4.79591e+11
4.37000e-06 4.54931e+11
4.39000e-06 4.56015e+11
4.41000e-06 4.56034e+11
4.43000e-06 4.49814e+11
4.45000e-06 4.42051e+11
4.47000e-06 4.36181e+11
4.49000e-06 4.28604e+11
4.51000e-06 4.21310e+11
4.53000e-06 4.14036e+11
4.55000e-06 4.07038e+11
4.57000e-06 4.00038e+11
4.59000e-06 3.93072e+11
4.61000e-06 3.85362e+11
4.63000e-06 3.75836e+11
4.65000e-06 3.49716e+11
4.67000e-06 3.45863e+11
4.69000e-06 3.54789e+11
4.71000e-06 3.53990e+11
4.73000e-06 3.49521e+11
4.75000e-06 3.44012e+11
4.77000e-06 3.38484e+11
4.79000e-06 3.33037e+11
4.81000e-06 3.27667e+11
4.83000e-06 3.22392e+11
4.85000e-06 3.17224e+11
4.87000e-06 3.12178e+11
4.89000e-06 3.07219e+11
4.91000e-06 3.02330e+11
4.93000e-06 2.97588e+11
4.95000e-06 2.92913e+11
4.97000e-06 2.88333e+11
4.99000e-06 2.83833e+11
5.01000e-06 2.79440e+11
5.03000e-06 2.75093e+11
5.05000e-06 2.70880e+11
5.07000e-06 2.66680e+11
5.09000e-06 2.61637e+11
5.11000e-06 2.54356e+11
5.13000e-06 2.39693e+11
5.15000e-06 2.47650e+11
5.17000e-06 2.46344e+11
5.19000e-06 2.43400e+11
5.21000e-06 2.39758e+11
5.23000e-06 2.36192e+11
5.25000e-06 2.32702e+11
5.27000e-06 2.29257e+11
5.29000e-06 2.25884e+11
5.31000e-06 2.22569e+11
5.33000e-06 2.19324e+11
5.35000e-06 2.16134e+11
5.37000e-06 2.12985e+11
5.39000e-06 2.09916e+11
5.41000e-06 2.06887e+11
5.43000e-06 2.03922e+11
5.45000e-06 2.00995e+11
5.47000e-06 1.98130e+11
5.49000e-06 1.95327e+11
5.51000e-06 1.92571e+11
5.53000e-06 1.89850e+11
5.55000e-06 1.87188e+11
5.57000e-06 1.84547e+11
5.59000e-06 1.81951e+11
5.61000e-06 1.79447e+11
5.63000e-06 1.76974e+11
5.65000e-06 1.74531e+11
5.67000e-06 1.72130e+11
5.69000e-06 1.69770e+11
5.71000e-06 1.67451e+11
5.73000e-06 1.65159e+11
5.75000e-06 1.62930e+11
5.77000e-06 1.60716e+11
5.79000e-06 1.58540e+11
5.81000e-06 1.56424e+11
5.83000e-06 1.54333e+11
5.85000e-06 1.52464e+11
5.87000e-06 1.49875e+11
5.89000e-06 1.45796e+11
5.91000e-06 1.37552e+11
5.93000e-06 1.42700e+11
5.95000e-06 1.42243e+11
5.97000e-06 1.40890e+11
5.99000e-06 1.39058e+11
6.01000e-06 1.37248e+11
6.03000e-06 1.35479e+11
6.05000e-06 1.33730e+11
6.07000e-06 1.32002e+11
6.09000e-06 1.30303e+11
6.11000e-06 1.28624e+11
6.13000e-06 1.26994e+11
6.15000e-06 1.25383e+11
6.17000e-06 1.23789e+11
6.19000e-06 1.22224e+11
6.21000e-06 1.20686e+11
6.23000e-06 1.19164e+11
6.25000e-06 1.17680e+11
6.27000e-06 1.16212e+11
6.29000e-06 1.14769e+11
6.31000e-06 1.13342e+11
6.33000e-06 1.11932e+11
6.35000e-06 1.10555e+11
6.37000e-06 1.09203e+11
6.39000e-06 1.07865e+11
6.42000e-06 1.05900e+11
6.46000e-06 1.03337e+11
6.50000e-06 1.00857e+11
6.54000e-06 9.84554e+10
6.58000e-06 9.61221e+10
6.62000e-06 9.38465e+10
6.66000e-06 9.16524e+10
6.70000e-06 8.95207e+10
6.74000e-06 8.74495e+10
6.78000e-06 8.54291e+10
6.82000e-06 8.34742e+10
6.86000e-06 8.15669e+10
6.90000e-06 7.97219e+10
6.94000e-06 7.79279e+10
6.98000e-06 7.61844e+10
7.02000e-06 7.44908e+10
7.06000e-06 7.28396e+10
7.10000e-06 7.12425e+10
7.14000e-06 6.96757e+10
7.18000e-06 6.81606e+10
7.22000e-06 6.66739e+10
7.26000e-06 6.52436e+10
7.30000e-06 6.38526e+10
7.34000e-06 6.24887e+10
7.38000e-06 6.11428e+10
7.42000e-06 5.95404e+10
7.46000e-06 5.62128e+10
7.50000e-06 5.49538e+10
7.54000e-06 5.58327e+10
7.58000e-06 5.50286e+10
7.62000e-06 5.39224e+10
7.66000e-06 5.28213e+10
7.70000e-06 5.17485e+10
7.74000e-06 5.07025e+10
7.78000e-06 4.96833e+10
7.82000e-06 4.86890e+10
7.86000e-06 4.77197e+10
7.90000e-06 4.67741e+10
7.94000e-06 4.58516e+10
7.98000e-06 4.49518e+10
8.02000e-06 4.40740e+10
8.06000e-06 4.32172e+10
8.10000e-06 4.23820e+10
8.14000e-06 4.15657e+10
8.18000e-06 4.07694e+10
8.22000e-06 3.99928e+10
8.26000e-06 3.92337e+10
8.30000e-06 3.84928e+10
8.34000e-06 3.77664e+10
8.38000e-06 3.70575e+10
8.42000e-06 3.63694e+10
8.46000e-06 3.56978e+10
8.50000e-06 3.50393e+10
8.54000e-06 3.43952e+10
8.58000e-06 3.37667e+10
8.62000e-06 3.31518e+10
8.66000e-06 3.25514e+10
8.70000e-06 3.19641e+10
8.74000e-06 3.13901e+10
8.78000e-06 3.08291e+10
8.82000e-06 3.02799e+10
8.86000e-06 2.97431e+10
8.90000e-06 2.92181e+10
8.94000e-06 2.87056e+10
8.98000e-06 2.82032e+10
9.02000e-06 2.77120e+10
9.06000e-06 2.72314e+10
9.10000e-06 2.67610e+10
9.14000e-06 2.63014e+10
9.18000e-06 2.58514e+10
9.22000e-06 2.54104e+10
9.26000e-06 2.49791e+10
9.30000e-06 2.45570e+10
9.34000e-06 2.41437e+10
9.38000e-06 2.37391e+10
9.42000e-06 2.33426e+10
9.46000e-06 2.29545e+10
9.50000e-06 2.25746e+10
9.54000e-06 2.22015e+10
9.58000e-06 2.18379e+10
9.62000e-06 2.14808e+10
9.66000e-06 2.11309e+10
9.70000e-06 2.07880e+10
9.74000e-06 2.04520e+10
9.78000e-06 2.01232e+10
9.82000e-06 1.98002e+10
9.86000e-06 1.94845e+10
9.90000e-06 1.91748e+10
9.94000e-06 1.88709e+10
9.98000e-06 1.85728e+10
1.00200e-05 1.82811e+10
2.00000e-05 1.16805e+09
4.00000e-05 7.25512e+07
6.00000e-05 1.42017e+07
8.00000e-05 4.45649e+06
1.00000e-04 1.81238e+06
1.20000e-04 8.68599e+05
1.40000e-04 4.66281e+05
1.60000e-04 2.71982e+05
