9.09000e-09 0.00000e+00
9.35000e-09 0.00000e+00
9.61000e-09 0.00000e+00
9.77000e-09 0.00000e+00
9.96000e-09 0.00000e+00
1.02000e-08 0.00000e+00
1.03800e-08 0.00000e+00
1.05600e-08 0.00000e+00
1.07700e-08 0.00000e+00
1.10400e-08 0.00000e+00
1.14000e-08 0.00000e+00
1.17800e-08 0.00000e+00
1.21300e-08 0.00000e+00
1.24800e-08 0.00000e+00
1.27100e-08 0.00000e+00
1.28400e-08 0.00000e+00
1.30500e-08 0.00000e+00
1.32400e-08 0.00000e+00
1.33900e-08 0.00000e+00
1.36600e-08 0.00000e+00
1.39800e-08 0.00000e+00
1.43300e-08 0.00000e+00
1.47200e-08 0.00000e+00
1.51000e-08 0.00000e+00
1.55200e-08 0.00000e+00
1.58800e-08 0.00000e+00
1.62000e-08 0.00000e+00
1.66000e-08 0.00000e+00
1.70300e-08 0.00000e+00
1.73400e-08 0.00000e+00
1.76800e-08 0.00000e+00
1.80200e-08 0.00000e+00
1.81700e-08 0.00000e+00
1.86100e-08 0.00000e+00
1.91000e-08 0.00000e+00
1.93900e-08 0.00000e+00
1.98400e-08 0.00000e+00
2.01800e-08 0.00000e+00
2.05000e-08 0.00000e+00
2.10500e-08 0.00000e+00
2.16200e-08 0.00000e+00
2.19800e-08 0.00000e+00
2.23000e-08 0.00000e+00
2.26800e-08 0.00000e+00
2.30000e-08 0.00000e+00
2.34000e-08 0.00000e+00
2.40000e-08 0.00000e+00
2.46500e-08 0.00000e+00
2.52400e-08 0.00000e+00
2.56800e-08 0.00000e+00
2.60000e-08 0.00000e+00
2.64000e-08 0.00000e+00
2.68500e-08 0.00000e+00
2.73500e-08 0.00000e+00
2.78500e-08 0.00000e+00
2.84000e-08 0.00000e+00
2.90000e-08 0.00000e+00
2.96000e-08 0.00000e+00
3.01000e-08 0.00000e+00
3.08000e-08 0.00000e+00
3.18000e-08 0.00000e+00
3.28000e-08 0.00000e+00
3.38000e-08 0.00000e+00
3.48000e-08 0.00000e+00
3.57000e-08 0.00000e+00
3.66000e-08 0.00000e+00
3.75000e-08 0.00000e+00
3.85000e-08 0.00000e+00
3.95000e-08 0.00000e+00
4.05000e-08 0.00000e+00
4.14000e-08 0.00000e+00
4.22000e-08 0.00000e+00
4.30000e-08 0.00000e+00
4.41000e-08 0.00000e+00
4.51000e-08 0.00000e+00
4.60000e-08 0.00000e+00
4.70000e-08 0.00000e+00
4.80000e-08 0.00000e+00
4.90000e-08 0.00000e+00
5.00000e-08 0.00000e+00
5.06000e-08 9.42724e+04
5.12000e-08 1.75385e+05
5.20000e-08 2.68532e+05
5.30000e-08 4.50199e+05
5.40000e-08 7.26821e+05
5.50000e-08 1.20095e+06
5.60000e-08 1.90275e+06
5.70000e-08 2.98451e+06
5.80000e-08 4.44069e+06
5.90000e-08 6.90106e+06
6.00000e-08 1.02826e+07
6.10000e-08 1.52322e+07
6.20000e-08 2.20648e+07
6.30000e-08 3.17549e+07
6.40000e-08 4.46917e+07
6.50000e-08 6.32479e+07
6.58000e-08 8.23994e+07
6.65000e-08 1.02901e+08
6.75000e-08 1.40365e+08
6.85000e-08 1.91149e+08
6.95000e-08 2.57669e+08
7.05000e-08 3.42224e+08
7.16000e-08 4.65798e+08
7.26000e-08 6.11230e+08
7.35000e-08 7.73928e+08
7.45000e-08 9.99682e+08
7.55000e-08 1.28228e+09
7.65000e-08 1.63432e+09
7.75000e-08 2.07174e+09
7.85000e-08 2.61066e+09
7.95000e-08 3.24071e+09
8.05000e-08 4.04528e+09
8.15000e-08 5.01330e+09
8.25000e-08 6.16385e+09
8.35000e-08 7.48139e+09
8.45000e-08 9.19422e+09
8.55000e-08 1.11273e+10
8.65000e-08 1.34434e+10
8.75000e-08 1.60947e+10
8.85000e-08 1.92982e+10
8.95000e-08 2.29681e+10
9.05000e-08 2.70065e+10
9.15000e-08 3.47012e+11
9.25000e-08 1.79818e+12
9.35000e-08 2.87866e+12
9.45000e-08 5.63139e+12
9.55000e-08 1.85146e+13
9.65000e-08 2.88948e+13
9.75000e-08 1.09600e+13
9.85000e-08 1.60182e+14
9.95000e-08 2.92796e+14
1.00500e-07 4.30581e+14
1.01500e-07 1.42673e+14
1.02500e-07 1.18140e+13
1.03500e-07 8.68795e+13
1.04500e-07 5.87990e+14
1.05500e-07 1.05330e+15
1.06500e-07 9.99167e+14
1.07500e-07 1.24899e+15
1.08500e-07 1.10565e+15
1.09500e-07 1.28805e+15
1.10500e-07 2.74208e+15
1.11500e-07 3.06784e+15
1.12500e-07 3.47135e+15
1.13500e-07 3.73009e+15
1.14500e-07 3.28620e+15
1.15500e-07 3.73363e+15
1.16500e-07 4.09838e+15
1.17500e-07 3.62698e+15
1.18500e-07 2.89129e+15
1.19500e-07 3.89308e+14
1.20500e-07 2.87239e+14
1.21500e-07 3.29793e+13
1.22500e-07 1.67138e+14
1.23500e-07 1.78369e+15
1.24500e-07 3.91040e+15
1.25500e-07 4.18894e+15
1.26500e-07 2.23746e+15
1.27500e-07 5.83997e+15
1.28500e-07 6.96594e+15
1.29500e-07 6.00086e+15
1.30500e-07 4.78350e+15
1.31500e-07 6.56044e+15
1.32500e-07 6.72509e+15
1.33500e-07 5.92504e+15
1.34500e-07 7.27232e+15
1.35500e-07 6.79706e+15
1.36500e-07 5.98551e+15
1.37500e-07 6.89946e+15
1.38500e-07 7.04549e+15
1.39500e-07 7.22148e+15
1.40500e-07 7.11008e+15
1.41500e-07 6.45074e+15
1.42500e-07 6.78815e+15
1.43500e-07 6.23358e+15
1.44200e-07 6.88504e+15
1.44700e-07 7.28160e+15
1.45500e-07 7.02308e+15
1.46500e-07 6.45939e+15
1.47500e-07 6.11531e+15
1.48500e-07 6.36362e+15
1.49500e-07 6.72680e+15
1.50500e-07 6.58614e+15
1.51200e-07 6.01264e+15
1.51700e-07 6.56241e+15
1.52500e-07 5.55484e+15
1.53500e-07 4.90023e+15
1.54500e-07 6.23848e+15
1.55500e-07 5.61086e+15
1.56500e-07 5.21529e+15
1.57500e-07 5.40791e+15
1.58500e-07 5.86069e+15
1.59500e-07 6.03148e+15
1.60500e-07 5.65690e+15
1.61500e-07 5.70651e+15
1.62500e-07 5.23731e+15
1.63500e-07 5.41654e+15
1.64500e-07 5.52561e+15
1.65500e-07 4.84285e+15
1.66500e-07 5.38251e+15
1.67200e-07 4.50325e+15
1.67700e-07 5.13349e+15
1.68500e-07 5.61336e+15
1.69500e-07 5.25582e+15
1.70500e-07 4.92804e+15
1.71500e-07 4.64799e+15
1.72500e-07 4.57578e+15
1.73500e-07 4.81891e+15
1.74500e-07 4.75035e+15
1.75500e-07 5.15358e+15
1.76500e-07 4.50061e+15
1.77500e-07 4.90537e+15
1.78500e-07 4.91749e+15
1.79500e-07 5.20649e+15
1.80500e-07 5.03390e+15
1.81500e-07 4.87463e+15
1.82500e-07 4.76469e+15
1.83500e-07 4.58681e+15
1.84500e-07 4.27537e+15
1.85500e-07 4.37041e+15
1.86500e-07 4.38498e+15
1.87500e-07 4.67824e+15
1.88500e-07 4.48008e+15
1.89500e-07 4.37575e+15
1.90500e-07 4.37945e+15
1.91500e-07 4.36116e+15
1.92500e-07 4.34412e+15
1.93500e-07 4.36977e+15
1.94500e-07 4.43898e+15
1.95500e-07 4.28220e+15
1.96700e-07 4.50596e+15
1.97600e-07 4.53689e+15
1.98400e-07 4.35624e+15
1.99500e-07 4.16161e+15
2.00500e-07 4.23135e+15
2.01500e-07 3.99581e+15
2.02500e-07 4.16904e+15
2.03500e-07 4.04984e+15
2.04500e-07 4.14032e+15
2.05500e-07 3.95408e+15
2.06500e-07 3.93700e+15
2.07400e-07 4.02823e+15
2.07800e-07 4.04022e+15
2.08500e-07 4.07077e+15
2.09500e-07 3.87852e+15
2.10500e-07 3.84465e+15
2.11500e-07 3.83247e+15
2.12500e-07 3.84996e+15
2.13500e-07 3.47297e+15
2.14500e-07 3.71431e+15
2.15500e-07 3.75860e+15
2.16500e-07 3.57712e+15
2.17500e-07 3.51014e+15
2.18500e-07 3.44967e+15
2.19500e-07 3.62873e+15
2.20500e-07 3.46285e+15
2.21500e-07 3.26134e+15
2.22500e-07 3.12807e+15
2.23500e-07 3.39208e+15
2.24500e-07 3.09448e+15
2.25500e-07 3.03998e+15
2.26500e-07 3.08399e+15
2.27500e-07 3.20157e+15
2.28500e-07 3.25767e+15
2.29500e-07 3.11246e+15
2.30500e-07 2.98703e+15
2.31500e-07 2.85618e+15
2.32500e-07 2.40222e+15
2.33500e-07 2.70624e+15
2.34500e-07 2.57113e+15
2.35500e-07 2.76902e+15
2.36500e-07 2.52621e+15
2.37500e-07 2.60076e+15
2.38500e-07 2.38613e+15
2.39500e-07 2.60433e+15
2.40500e-07 2.45434e+15
2.41500e-07 2.50711e+15
2.42500e-07 2.60506e+15
2.43500e-07 2.46883e+15
2.44500e-07 2.64605e+15
2.45500e-07 2.53053e+15
2.46500e-07 2.54488e+15
2.47500e-07 2.42909e+15
2.48500e-07 2.58516e+15
2.49500e-07 2.49845e+15
2.50500e-07 2.67396e+15
2.51300e-07 2.46058e+15
2.51800e-07 2.51689e+15
2.52500e-07 2.36451e+15
2.53500e-07 2.37315e+15
2.54500e-07 2.33011e+15
2.55500e-07 2.44683e+15
2.56500e-07 2.41497e+15
2.57500e-07 2.55465e+15
2.58500e-07 2.52906e+15
2.59500e-07 2.50479e+15
2.60500e-07 2.39672e+15
2.61500e-07 2.38922e+15
2.62500e-07 2.44721e+15
2.63500e-07 2.44973e+15
2.64500e-07 2.60490e+15
2.65500e-07 2.55859e+15
2.66500e-07 2.40369e+15
2.67500e-07 2.48684e+15
2.68500e-07 2.44932e+15
2.69500e-07 2.37952e+15
2.70500e-07 2.41787e+15
2.71500e-07 2.31735e+15
2.72500e-07 2.32478e+15
2.73500e-07 2.44132e+15
2.74500e-07 2.17818e+15
2.75500e-07 2.16637e+15
2.76500e-07 2.22592e+15
2.77500e-07 2.30839e+15
2.78500e-07 2.27756e+15
2.79500e-07 1.74799e+15
2.80500e-07 1.92727e+15
2.81500e-07 2.30363e+15
2.82500e-07 2.30566e+15
2.83500e-07 2.21748e+15
2.84500e-07 2.14104e+15
2.85500e-07 2.13679e+15
2.86500e-07 2.20804e+15
2.87500e-07 2.14695e+15
2.88500e-07 2.17699e+15
2.89500e-07 2.13798e+15
2.91000e-07 2.24501e+15
2.93000e-07 2.16496e+15
2.95000e-07 2.14809e+15
2.97000e-07 2.13296e+15
2.99000e-07 2.11755e+15
3.01000e-07 2.13852e+15
3.03000e-07 2.10497e+15
3.05000e-07 2.06948e+15
3.07000e-07 2.03700e+15
3.09000e-07 2.03546e+15
3.11000e-07 1.98459e+15
3.13000e-07 1.96458e+15
3.15000e-07 1.95349e+15
3.17000e-07 1.92348e+15
3.19000e-07 1.86061e+15
3.21000e-07 1.87680e+15
3.23000e-07 1.84803e+15
3.25000e-07 1.83063e+15
3.27000e-07 1.82078e+15
3.29000e-07 1.80285e+15
3.31000e-07 1.79097e+15
3.33000e-07 1.75946e+15
3.35000e-07 1.72892e+15
3.37000e-07 1.71297e+15
3.39000e-07 1.68721e+15
3.41000e-07 1.68429e+15
3.43000e-07 1.66214e+15
3.45000e-07 1.64717e+15
3.47000e-07 1.62095e+15
3.49000e-07 1.60282e+15
3.51000e-07 1.59550e+15
3.53000e-07 1.58146e+15
3.55000e-07 1.56459e+15
3.57000e-07 1.54344e+15
3.59000e-07 1.52524e+15
3.61000e-07 1.50931e+15
3.63000e-07 1.49078e+15
3.64000e-07 1.48505e+15
3.65000e-07 1.50554e+15
3.67000e-07 1.47824e+15
3.69000e-07 1.36016e+15
3.71000e-07 1.36811e+15
3.73000e-07 1.37311e+15
3.75000e-07 1.63511e+15
3.77000e-07 1.67896e+15
3.79000e-07 1.97601e+15
3.81000e-07 2.24887e+15
3.83000e-07 1.83150e+15
3.85000e-07 2.40703e+15
3.87000e-07 2.66256e+15
3.89000e-07 1.60597e+15
3.91000e-07 2.62315e+15
3.93000e-07 2.68799e+15
3.95000e-07 2.57826e+15
3.97000e-07 1.52170e+15
3.99000e-07 2.45181e+15
4.01000e-07 2.63616e+15
4.03000e-07 2.59753e+15
4.05000e-07 2.58572e+15
4.07000e-07 2.48714e+15
4.09000e-07 2.00266e+15
4.11000e-07 1.57886e+15
4.13000e-07 2.30718e+15
4.15000e-07 2.39239e+15
4.17000e-07 2.37318e+15
4.19000e-07 2.34522e+15
4.21000e-07 2.31385e+15
4.23000e-07 2.27897e+15
4.25000e-07 2.24046e+15
4.27000e-07 2.19411e+15
4.29000e-07 2.16531e+15
4.31000e-07 2.07266e+15
4.33000e-07 1.61483e+15
4.35000e-07 1.39571e+15
4.37000e-07 1.97372e+15
4.39000e-07 1.99174e+15
4.41000e-07 1.99522e+15
4.43000e-07 1.96189e+15
4.45000e-07 1.94981e+15
4.47000e-07 1.90336e+15
4.49000e-07 1.86907e+15
4.51000e-07 1.86197e+15
4.53000e-07 1.83749e+15
4.55000e-07 1.79755e+15
4.57000e-07 1.79461e+15
4.59000e-07 1.75944e+15
4.61000e-07 1.74890e+15
4.63000e-07 1.70980e+15
4.65000e-07 1.70044e+15
4.67000e-07 1.67392e+15
4.69000e-07 1.64941e+15
4.71000e-07 1.60876e+15
4.73000e-07 1.60791e+15
4.75000e-07 1.58248e+15
4.77000e-07 1.56435e+15
4.79000e-07 1.53956e+15
4.81000e-07 1.50682e+15
4.83000e-07 1.44850e+15
4.85000e-07 1.17227e+15
4.87000e-07 9.75608e+14
4.89000e-07 1.37021e+15
4.91000e-07 1.40765e+15
4.93000e-07 1.39100e+15
4.95000e-07 1.38646e+15
4.97000e-07 1.37312e+15
4.99000e-07 1.35415e+15
5.01000e-07 1.32196e+15
5.03000e-07 1.31430e+15
5.05000e-07 1.28249e+15
5.07000e-07 1.28411e+15
5.09000e-07 1.26808e+15
5.11000e-07 1.24934e+15
5.13000e-07 1.23806e+15
5.15000e-07 1.21645e+15
5.17000e-07 1.19815e+15
5.19000e-07 1.18684e+15
5.21000e-07 1.17156e+15
5.23000e-07 1.15461e+15
5.25000e-07 1.14679e+15
5.27000e-07 1.12486e+15
5.29000e-07 1.12180e+15
5.31000e-07 1.10236e+15
5.33000e-07 1.09298e+15
5.35000e-07 1.08179e+15
5.37000e-07 1.06831e+15
5.39000e-07 1.05487e+15
5.41000e-07 1.04036e+15
5.43000e-07 1.02967e+15
5.45000e-07 1.01904e+15
5.47000e-07 1.00587e+15
5.49000e-07 9.94358e+14
5.51000e-07 9.82945e+14
5.53000e-07 9.72596e+14
5.55000e-07 9.61196e+14
5.57000e-07 9.50019e+14
5.59000e-07 9.39207e+14
5.61000e-07 9.29625e+14
5.63000e-07 9.18908e+14
5.65000e-07 9.06065e+14
5.67000e-07 8.96262e+14
5.69000e-07 8.87238e+14
5.71000e-07 8.77267e+14
5.73000e-07 8.67528e+14
5.75000e-07 8.57550e+14
5.77000e-07 8.47937e+14
5.79000e-07 8.37370e+14
5.81000e-07 8.28557e+14
5.83000e-07 8.19568e+14
5.85000e-07 8.10407e+14
5.87000e-07 7.95382e+14
5.89000e-07 7.90652e+14
5.91000e-07 7.83670e+14
5.93000e-07 7.75489e+14
5.95000e-07 7.64081e+14
5.97000e-07 7.57480e+14
5.99000e-07 7.47390e+14
6.01000e-07 7.41725e+14
6.03000e-07 7.33881e+14
6.05000e-07 7.25558e+14
6.07000e-07 7.17717e+14
6.09000e-07 7.10075e+14
6.11000e-07 7.02710e+14
6.13000e-07 6.94984e+14
6.15000e-07 6.82771e+14
6.17000e-07 6.80025e+14
6.19000e-07 6.73228e+14
6.21000e-07 6.66066e+14
6.23000e-07 6.58525e+14
6.25000e-07 6.48965e+14
6.27000e-07 6.45167e+14
6.29000e-07 6.38395e+14
6.31000e-07 6.31052e+14
6.33000e-07 6.24918e+14
6.35000e-07 6.10953e+14
6.37000e-07 6.06993e+14
6.39000e-07 6.05469e+14
6.41000e-07 5.98707e+14
6.43000e-07 5.93093e+14
6.45000e-07 5.84848e+14
6.47000e-07 5.79879e+14
6.49000e-07 5.71999e+14
6.51000e-07 5.63574e+14
6.53000e-07 5.48121e+14
6.55000e-07 4.85497e+14
6.56125e-07 4.03089e+14
6.59000e-07 5.19578e+14
6.61000e-07 5.34002e+14
6.63000e-07 5.32645e+14
6.65000e-07 5.29028e+14
6.67000e-07 5.23828e+14
6.69000e-07 5.18992e+14
6.71000e-07 5.14799e+14
6.73000e-07 5.09464e+14
6.75000e-07 5.04763e+14
6.77000e-07 4.99903e+14
6.79000e-07 4.94854e+14
6.81000e-07 4.90051e+14
6.83000e-07 4.85037e+14
6.85000e-07 4.80426e+14
6.87000e-07 4.75861e+14
6.89000e-07 4.71293e+14
6.91000e-07 4.66675e+14
6.93000e-07 4.61899e+14
6.95000e-07 4.57739e+14
6.97000e-07 4.53456e+14
6.99000e-07 4.49315e+14
7.01000e-07 4.44371e+14
7.03000e-07 4.40703e+14
7.05000e-07 4.35856e+14
7.07000e-07 4.31720e+14
7.09000e-07 4.28404e+14
7.11000e-07 4.23649e+14
7.13000e-07 4.20090e+14
7.15000e-07 4.16027e+14
7.17000e-07 4.12419e+14
7.19000e-07 4.08663e+14
7.21000e-07 4.04899e+14
7.23000e-07 4.00795e+14
7.25000e-07 3.97089e+14
7.27000e-07 3.93774e+14
7.29000e-07 3.89965e+14
7.31000e-07 3.86438e+14
7.33000e-07 3.83000e+14
7.35000e-07 3.79600e+14
7.37000e-07 3.76128e+14
7.39000e-07 3.72694e+14
7.41000e-07 3.68984e+14
7.43000e-07 3.65096e+14
7.45000e-07 3.62208e+14
7.47000e-07 3.58482e+14
7.49000e-07 3.55731e+14
7.51000e-07 3.52570e+14
7.53000e-07 3.49742e+14
7.55000e-07 3.46623e+14
7.57000e-07 3.43545e+14
7.59000e-07 3.40435e+14
7.61000e-07 3.37555e+14
7.63000e-07 3.34487e+14
7.65000e-07 3.31434e+14
7.67000e-07 3.28555e+14
7.69000e-07 3.25670e+14
7.71000e-07 3.22683e+14
7.73000e-07 3.20019e+14
7.75000e-07 3.17216e+14
7.77000e-07 3.09632e+14
7.79000e-07 3.11719e+14
7.81000e-07 3.09143e+14
7.83000e-07 3.06398e+14
7.85000e-07 3.03218e+14
7.87000e-07 2.99824e+14
7.89000e-07 2.96835e+14
7.91000e-07 2.95830e+14
7.93000e-07 2.93495e+14
7.95000e-07 2.89779e+14
7.97000e-07 2.88540e+14
7.99000e-07 2.83722e+14
8.01000e-07 2.83640e+14
8.03000e-07 2.81229e+14
8.05000e-07 2.78840e+14
8.07000e-07 2.76499e+14
8.09000e-07 2.74166e+14
8.11000e-07 2.71791e+14
8.13000e-07 2.69629e+14
8.15000e-07 2.67377e+14
8.17000e-07 2.65194e+14
8.19000e-07 2.62519e+14
8.21000e-07 2.61186e+14
8.23000e-07 2.58561e+14
8.25000e-07 2.57956e+14
8.27000e-07 2.56396e+14
8.29000e-07 2.53839e+14
8.31000e-07 2.52177e+14
8.33000e-07 2.49594e+14
8.35000e-07 2.47227e+14
8.37000e-07 2.44450e+14
8.39000e-07 2.40615e+14
8.41000e-07 2.37459e+14
8.43000e-07 2.33073e+14
8.45000e-07 2.29338e+14
8.47000e-07 2.25873e+14
8.49000e-07 2.27167e+14
8.51000e-07 2.19556e+14
8.53000e-07 2.27112e+14
8.55000e-07 2.09143e+14
8.57000e-07 2.30163e+14
8.59000e-07 2.12479e+14
8.61000e-07 2.08713e+14
8.63000e-07 2.31764e+14
8.65000e-07 2.18221e+14
8.67000e-07 1.89491e+14
8.69000e-07 2.22712e+14
8.71000e-07 2.31816e+14
8.73000e-07 2.19085e+14
8.75000e-07 1.80255e+14
8.77000e-07 2.07799e+14
8.79000e-07 2.26407e+14
8.81000e-07 2.28083e+14
8.83000e-07 2.20939e+14
8.85000e-07 1.96426e+14
8.87000e-07 1.71446e+14
8.89000e-07 2.08724e+14
8.91000e-07 2.18797e+14
8.93000e-07 2.19774e+14
8.95000e-07 2.18901e+14
8.97000e-07 2.14644e+14
8.99000e-07 2.02801e+14
9.01000e-07 1.65199e+14
9.03000e-07 1.77247e+14
9.05000e-07 2.02384e+14
9.07000e-07 2.06319e+14
9.09000e-07 2.06233e+14
9.11000e-07 2.06527e+14
9.13000e-07 2.05135e+14
9.15000e-07 2.03677e+14
9.17000e-07 2.00518e+14
9.19000e-07 1.94637e+14
9.21000e-07 1.79731e+14
9.23000e-07 1.44616e+14
9.25000e-07 1.72601e+14
9.27000e-07 1.85132e+14
9.29000e-07 1.91237e+14
9.31000e-07 1.91529e+14
9.33000e-07 1.90462e+14
9.35000e-07 1.89459e+14
9.37000e-07 1.88153e+14
9.39000e-07 1.86186e+14
9.41000e-07 1.83468e+14
9.43000e-07 1.83644e+14
9.45000e-07 1.82121e+14
9.47000e-07 1.80058e+14
9.49000e-07 1.77276e+14
9.51000e-07 1.71870e+14
9.53000e-07 1.56100e+14
9.55000e-07 1.29365e+14
9.57000e-07 1.57274e+14
9.59000e-07 1.67941e+14
9.61000e-07 1.69812e+14
9.63000e-07 1.68190e+14
9.65000e-07 1.69055e+14
9.67000e-07 1.67530e+14
9.69000e-07 1.66988e+14
9.71000e-07 1.66041e+14
9.73000e-07 1.64762e+14
9.75000e-07 1.63532e+14
9.77000e-07 1.62402e+14
9.79000e-07 1.61161e+14
9.81000e-07 1.59937e+14
9.83000e-07 1.58565e+14
9.85000e-07 1.57530e+14
9.87000e-07 1.56355e+14
9.89000e-07 1.54787e+14
9.91000e-07 1.53883e+14
9.93000e-07 1.52599e+14
9.95000e-07 1.51293e+14
9.97000e-07 1.49758e+14
9.99000e-07 1.47657e+14
1.00250e-06 1.33703e+14
1.00750e-06 1.27213e+14
1.01250e-06 1.40534e+14
1.01750e-06 1.39695e+14
1.02250e-06 1.37716e+14
1.02750e-06 1.35340e+14
1.03250e-06 1.32919e+14
1.03750e-06 1.30661e+14
1.04250e-06 1.28440e+14
1.04750e-06 1.26132e+14
1.05250e-06 1.23886e+14
1.05750e-06 1.21875e+14
1.06250e-06 1.19876e+14
1.06750e-06 1.17163e+14
1.07250e-06 1.15644e+14
1.07750e-06 1.13755e+14
1.08250e-06 1.11321e+14
1.08750e-06 1.08258e+14
1.09250e-06 9.22039e+13
1.09750e-06 9.93662e+13
1.10250e-06 1.03866e+14
1.10750e-06 1.02844e+14
1.11250e-06 1.01441e+14
1.11750e-06 9.97932e+13
1.12250e-06 9.81946e+13
1.12750e-06 9.59328e+13
1.13250e-06 9.45354e+13
1.13750e-06 9.35402e+13
1.14250e-06 9.20478e+13
1.14750e-06 9.06266e+13
1.15250e-06 8.92066e+13
1.15750e-06 8.78049e+13
1.16250e-06 8.62763e+13
1.16750e-06 8.48921e+13
1.17250e-06 8.37613e+13
1.17750e-06 8.21222e+13
1.18250e-06 8.11437e+13
1.18750e-06 7.98393e+13
1.19250e-06 7.87553e+13
1.19750e-06 7.74921e+13
1.20250e-06 7.63723e+13
1.20750e-06 7.52062e+13
1.21250e-06 7.40748e+13
1.21750e-06 7.29822e+13
1.22250e-06 7.18873e+13
1.22750e-06 7.07928e+13
1.23250e-06 6.97583e+13
1.23750e-06 6.87357e+13
1.24250e-06 6.77565e+13
1.24750e-06 6.66166e+13
1.25250e-06 6.57784e+13
1.25750e-06 6.47179e+13
1.26250e-06 6.38447e+13
1.26750e-06 6.28003e+13
1.27250e-06 6.16144e+13
1.27750e-06 5.89516e+13
1.28250e-06 5.14200e+13
1.28750e-06 5.78462e+13
1.29250e-06 5.82700e+13
1.29750e-06 5.76853e+13
1.30250e-06 5.69724e+13
1.30750e-06 5.61761e+13
1.31250e-06 5.53946e+13
1.31750e-06 5.45365e+13
1.32250e-06 5.38686e+13
1.32750e-06 5.31258e+13
1.33250e-06 5.23947e+13
1.33750e-06 5.16773e+13
1.34250e-06 5.09608e+13
1.34750e-06 5.02596e+13
1.35250e-06 4.95633e+13
1.35750e-06 4.89045e+13
1.36250e-06 4.82479e+13
1.36750e-06 4.75814e+13
1.37250e-06 4.69474e+13
1.37750e-06 4.63511e+13
1.38250e-06 4.57346e+13
1.38750e-06 4.51316e+13
1.39250e-06 4.45263e+13
1.39750e-06 4.39460e+13
1.40250e-06 4.33746e+13
1.40750e-06 4.28065e+13
1.41250e-06 4.22453e+13
1.41750e-06 4.17003e+13
1.42250e-06 4.11600e+13
1.42750e-06 4.06300e+13
1.43250e-06 4.01045e+13
1.43750e-06 3.95908e+13
1.44250e-06 3.90055e+13
1.44750e-06 3.85854e+13
1.45250e-06 3.80560e+13
1.45700e-06 3.76633e+13
1.46200e-06 3.72722e+13
1.46750e-06 3.67764e+13
1.47250e-06 3.63203e+13
1.47750e-06 3.58454e+13
1.48250e-06 3.54326e+13
1.48750e-06 3.49802e+13
1.49250e-06 3.45704e+13
1.49750e-06 3.41131e+13
1.50250e-06 3.36795e+13
1.50750e-06 3.32261e+13
1.51250e-06 3.27515e+13
1.51750e-06 3.22595e+13
1.52250e-06 3.18221e+13
1.52750e-06 3.14010e+13
1.53250e-06 3.09029e+13
1.53750e-06 3.06098e+13
1.54250e-06 3.00000e+13
1.54750e-06 2.98756e+13
1.55250e-06 2.94397e+13
1.55750e-06 2.87136e+13
1.56250e-06 2.92199e+13
1.56750e-06 2.81629e+13
1.57250e-06 2.75590e+13
1.57750e-06 2.83868e+13
1.58250e-06 2.78918e+13
1.58750e-06 2.59838e+13
1.59250e-06 2.68325e+13
1.59750e-06 2.74354e+13
1.60500e-06 2.63855e+13
1.61500e-06 2.49880e+13
1.62500e-06 2.58213e+13
1.63500e-06 2.44946e+13
1.64500e-06 2.32120e+13
1.65500e-06 2.41647e+13
1.66500e-06 2.36538e+13
1.67500e-06 2.23155e+13
1.68500e-06 2.11053e+13
1.69500e-06 2.20896e+13
1.70500e-06 2.17068e+13
1.71500e-06 2.12213e+13
1.72500e-06 2.05974e+13
1.73500e-06 1.85110e+13
1.74500e-06 1.94871e+13
1.75500e-06 1.94308e+13
1.76500e-06 1.90540e+13
1.77500e-06 1.86534e+13
1.78500e-06 1.82641e+13
1.79500e-06 1.78753e+13
1.80500e-06 1.73609e+13
1.81500e-06 1.57292e+13
1.82500e-06 1.62891e+13
1.83500e-06 1.64007e+13
1.84500e-06 1.61205e+13
1.85500e-06 1.57610e+13
1.86500e-06 1.53293e+13
1.87500e-06 1.38696e+13
1.88500e-06 1.46844e+13
1.89500e-06 1.45446e+13
1.90500e-06 1.42791e+13
1.91500e-06 1.39989e+13
1.92500e-06 1.36962e+13
1.93500e-06 1.32773e+13
1.94500e-06 1.19979e+13
1.95500e-06 1.27685e+13
1.96500e-06 1.26760e+13
1.97500e-06 1.24523e+13
1.98500e-06 1.22172e+13
1.99500e-06 1.19862e+13
2.00500e-06 1.17601e+13
2.01500e-06 1.15398e+13
2.02500e-06 1.13250e+13
2.03500e-06 1.11139e+13
2.04500e-06 1.09091e+13
2.05500e-06 1.07077e+13
2.06500e-06 1.05115e+13
2.07500e-06 1.03212e+13
2.08500e-06 1.01340e+13
2.09500e-06 9.95081e+12
2.10500e-06 9.77147e+12
2.11500e-06 9.59338e+12
2.12500e-06 9.42322e+12
2.13500e-06 9.25498e+12
2.14500e-06 9.07636e+12
2.15500e-06 8.83251e+12
2.16500e-06 8.02991e+12
2.17500e-06 8.46616e+12
2.18500e-06 8.45276e+12
2.19500e-06 8.32978e+12
2.20500e-06 8.18699e+12
2.21500e-06 8.04566e+12
2.22500e-06 7.90958e+12
2.23500e-06 7.77561e+12
2.24500e-06 7.64445e+12
2.25500e-06 7.51531e+12
2.26500e-06 7.38962e+12
2.27500e-06 7.26627e+12
2.28500e-06 7.17157e+12
2.29500e-06 7.12973e+12
2.30500e-06 7.01185e+12
2.31500e-06 6.88659e+12
2.32500e-06 6.75792e+12
2.33500e-06 6.63459e+12
2.34500e-06 6.51530e+12
2.35500e-06 6.39902e+12
2.36500e-06 6.28912e+12
2.37500e-06 6.17823e+12
2.38500e-06 6.07169e+12
2.39500e-06 5.97282e+12
2.40500e-06 5.86717e+12
2.41500e-06 5.76339e+12
2.42500e-06 5.66874e+12
2.43500e-06 5.58492e+12
2.44500e-06 5.48519e+12
2.45500e-06 5.40991e+12
2.46500e-06 5.31055e+12
2.47500e-06 5.23912e+12
2.48500e-06 5.17270e+12
2.49500e-06 5.04968e+12
2.50500e-06 5.07440e+12
2.51500e-06 4.95926e+12
2.52500e-06 4.79656e+12
2.53500e-06 4.79051e+12
2.54500e-06 4.75329e+12
2.55500e-06 4.64032e+12
2.56500e-06 4.48070e+12
2.57500e-06 4.51846e+12
2.58500e-06 4.48622e+12
2.59500e-06 4.41194e+12
2.60500e-06 4.27393e+12
2.61500e-06 4.10578e+12
2.62500e-06 3.88090e+12
2.63500e-06 4.09306e+12
2.64500e-06 4.10353e+12
2.65500e-06 4.04712e+12
2.66500e-06 3.94372e+12
2.67500e-06 3.74370e+12
2.68500e-06 3.83230e+12
2.69500e-06 3.82653e+12
2.70500e-06 3.78526e+12
2.71500e-06 3.73494e+12
2.72500e-06 3.68170e+12
2.73500e-06 3.61927e+12
2.74500e-06 3.54145e+12
2.75500e-06 3.33760e+12
2.76500e-06 3.37071e+12
2.77500e-06 3.41168e+12
2.78500e-06 3.38086e+12
2.79500e-06 3.33901e+12
2.80500e-06 3.29327e+12
2.81500e-06 3.24819e+12
2.82500e-06 3.20394e+12
2.83500e-06 3.16047e+12
2.84500e-06 3.11428e+12
2.85500e-06 3.05880e+12
2.86500e-06 2.95332e+12
2.87500e-06 2.79835e+12
2.88500e-06 2.91536e+12
2.89500e-06 2.90411e+12
2.90500e-06 2.87638e+12
2.91500e-06 2.83780e+12
2.92500e-06 2.80103e+12
2.93500e-06 2.76426e+12
2.94500e-06 2.72824e+12
2.95500e-06 2.69280e+12
2.96500e-06 2.65783e+12
2.97500e-06 2.62343e+12
2.98500e-06 2.58961e+12
2.99500e-06 2.55630e+12
3.00500e-06 2.52334e+12
3.01500e-06 2.48466e+12
3.02500e-06 2.43528e+12
3.03500e-06 2.28806e+12
3.04500e-06 2.29812e+12
3.05500e-06 2.34914e+12
3.06500e-06 2.33348e+12
3.07500e-06 2.30820e+12
3.08500e-06 2.27838e+12
3.09500e-06 2.25113e+12
3.10500e-06 2.22318e+12
3.11500e-06 2.19569e+12
3.12500e-06 2.16846e+12
3.13500e-06 2.14192e+12
3.14500e-06 2.11553e+12
3.15500e-06 2.08984e+12
3.16500e-06 2.06428e+12
3.17500e-06 2.03919e+12
3.18500e-06 2.01459e+12
3.19500e-06 1.99023e+12
3.21000e-06 1.95442e+12
3.23000e-06 1.90794e+12
3.25000e-06 1.86280e+12
3.27000e-06 1.81395e+12
3.29000e-06 1.69172e+12
3.31000e-06 1.71246e+12
3.33000e-06 1.70320e+12
3.35000e-06 1.66607e+12
3.37000e-06 1.62652e+12
3.39000e-06 1.58699e+12
3.41000e-06 1.55003e+12
3.43000e-06 1.51424e+12
3.45000e-06 1.47958e+12
3.47000e-06 1.44614e+12
3.49000e-06 1.41282e+12
3.51000e-06 1.38132e+12
3.53000e-06 1.35102e+12
3.55000e-06 1.32069e+12
3.57000e-06 1.29091e+12
3.59000e-06 1.26345e+12
3.61000e-06 1.23575e+12
3.63000e-06 1.21008e+12
3.65000e-06 1.18283e+12
3.67000e-06 1.16055e+12
3.69000e-06 1.13110e+12
3.71000e-06 1.11075e+12
3.73000e-06 1.06313e+12
3.75000e-06 1.02886e+12
3.77000e-06 1.04440e+12
3.79000e-06 1.02609e+12
3.81000e-06 9.97150e+11
3.83000e-06 9.78237e+11
3.85000e-06 9.66524e+11
3.87000e-06 9.48058e+11
3.89000e-06 9.23770e+11
3.91000e-06 8.95000e+11
3.93000e-06 8.90426e+11
3.95000e-06 8.76724e+11
3.97000e-06 8.59953e+11
3.99000e-06 8.43189e+11
4.01000e-06 8.13714e+11
4.03000e-06 7.94616e+11
4.05000e-06 7.60168e+11
4.07000e-06 7.75390e+11
4.09000e-06 7.65392e+11
4.11000e-06 7.51092e+11
4.13000e-06 7.36503e+11
4.15000e-06 7.18331e+11
4.17000e-06 6.88145e+11
4.19000e-06 6.91312e+11
4.21000e-06 6.83293e+11
4.23000e-06 6.71204e+11
4.25000e-06 6.58958e+11
4.27000e-06 6.46972e+11
4.29000e-06 6.35243e+11
4.31000e-06 6.23804e+11
4.33000e-06 6.12590e+11
4.35000e-06 5.99086e+11
4.37000e-06 5.72131e+11
4.39000e-06 5.71661e+11
4.41000e-06 5.69277e+11
4.43000e-06 5.60251e+11
4.45000e-06 5.50471e+11
4.47000e-06 5.42501e+11
4.49000e-06 5.33101e+11
4.51000e-06 5.23901e+11
4.53000e-06 5.14842e+11
4.55000e-06 5.06086e+11
4.57000e-06 4.97463e+11
4.59000e-06 4.88989e+11
4.61000e-06 4.80182e+11
4.63000e-06 4.69382e+11
4.65000e-06 4.40926e+11
4.67000e-06 4.35827e+11
4.69000e-06 4.43764e+11
4.71000e-06 4.40938e+11
4.73000e-06 4.34674e+11
4.75000e-06 4.27498e+11
4.77000e-06 4.20560e+11
4.79000e-06 4.13722e+11
4.81000e-06 4.07016e+11
4.83000e-06 4.00438e+11
4.85000e-06 3.94003e+11
4.87000e-06 3.87692e+11
4.89000e-06 3.81503e+11
4.91000e-06 3.75432e+11
4.93000e-06 3.69493e+11
4.95000e-06 3.63669e+11
4.97000e-06 3.57957e+11
4.99000e-06 3.52355e+11
5.01000e-06 3.46861e+11
5.03000e-06 3.41472e+11
5.05000e-06 3.36203e+11
5.07000e-06 3.31020e+11
5.09000e-06 3.25414e+11
5.11000e-06 3.17447e+11
5.13000e-06 3.01205e+11
5.15000e-06 3.08714e+11
5.17000e-06 3.06288e+11
5.19000e-06 3.01946e+11
5.21000e-06 2.97425e+11
5.23000e-06 2.92978e+11
5.25000e-06 2.88618e+11
5.27000e-06 2.84329e+11
5.29000e-06 2.80137e+11
5.31000e-06 2.76013e+11
5.33000e-06 2.71957e+11
5.35000e-06 2.67992e+11
5.37000e-06 2.64079e+11
5.39000e-06 2.60256e+11
5.41000e-06 2.56494e+11
5.43000e-06 2.52794e+11
5.45000e-06 2.49166e+11
5.47000e-06 2.45598e+11
5.49000e-06 2.42099e+11
5.51000e-06 2.38657e+11
5.53000e-06 2.35283e+11
5.55000e-06 2.31964e+11
5.57000e-06 2.28698e+11
5.59000e-06 2.25497e+11
5.61000e-06 2.22348e+11
5.63000e-06 2.19262e+11
5.65000e-06 2.16225e+11
5.67000e-06 2.13238e+11
5.69000e-06 2.10299e+11
5.71000e-06 2.07418e+11
5.73000e-06 2.04573e+11
5.75000e-06 2.01796e+11
5.77000e-06 1.99053e+11
5.79000e-06 1.96355e+11
5.81000e-06 1.93710e+11
5.83000e-06 1.91109e+11
5.85000e-06 1.88847e+11
5.87000e-06 1.85889e+11
5.89000e-06 1.81534e+11
5.91000e-06 1.72229e+11
5.93000e-06 1.77433e+11
5.95000e-06 1.76380e+11
5.97000e-06 1.74323e+11
5.99000e-06 1.72038e+11
6.01000e-06 1.69799e+11
6.03000e-06 1.67587e+11
6.05000e-06 1.65421e+11
6.07000e-06 1.63279e+11
6.09000e-06 1.61172e+11
6.11000e-06 1.59100e+11
6.13000e-06 1.57071e+11
6.15000e-06 1.55065e+11
6.17000e-06 1.53091e+11
6.19000e-06 1.51150e+11
6.21000e-06 1.49240e+11
6.23000e-06 1.47361e+11
6.25000e-06 1.45504e+11
6.27000e-06 1.43686e+11
6.29000e-06 1.41888e+11
6.31000e-06 1.40129e+11
6.33000e-06 1.38389e+11
6.35000e-06 1.36678e+11
6.37000e-06 1.34985e+11
6.39000e-06 1.33330e+11
6.42000e-06 1.30889e+11
6.46000e-06 1.27720e+11
6.50000e-06 1.24646e+11
6.54000e-06 1.21664e+11
6.58000e-06 1.18771e+11
6.62000e-06 1.15956e+11
6.66000e-06 1.13234e+11
6.70000e-06 1.10585e+11
6.74000e-06 1.08016e+11
6.78000e-06 1.05524e+11
6.82000e-06 1.03099e+11
6.86000e-06 1.00740e+11
6.90000e-06 9.84595e+10
6.94000e-06 9.62327e+10
6.98000e-06 9.40736e+10
7.02000e-06 9.19726e+10
7.06000e-06 8.99281e+10
7.10000e-06 8.79461e+10
7.14000e-06 8.60102e+10
7.18000e-06 8.41338e+10
7.22000e-06 8.23080e+10
7.26000e-06 8.05244e+10
7.30000e-06 7.87960e+10
7.34000e-06 7.71144e+10
7.38000e-06 7.54714e+10
7.42000e-06 7.36472e+10
7.46000e-06 6.99961e+10
7.50000e-06 6.83272e+10
7.54000e-06 6.90554e+10
7.58000e-06 6.79023e+10
7.62000e-06 6.65035e+10
7.66000e-06 6.51430e+10
7.70000e-06 6.38135e+10
7.74000e-06 6.25193e+10
7.78000e-06 6.12581e+10
7.82000e-06 6.00281e+10
7.86000e-06 5.88290e+10
7.90000e-06 5.76595e+10
7.94000e-06 5.65189e+10
7.98000e-06 5.54065e+10
8.02000e-06 5.43210e+10
8.06000e-06 5.32618e+10
8.10000e-06 5.22284e+10
8.14000e-06 5.12200e+10
8.18000e-06 5.02360e+10
8.22000e-06 4.92750e+10
8.26000e-06 4.83373e+10
8.30000e-06 4.74213e+10
8.34000e-06 4.65272e+10
8.38000e-06 4.56538e+10
8.42000e-06 4.48008e+10
8.46000e-06 4.39681e+10
8.50000e-06 4.31543e+10
8.54000e-06 4.23589e+10
8.58000e-06 4.15821e+10
8.62000e-06 4.08229e+10
8.66000e-06 4.00809e+10
8.70000e-06 3.93554e+10
8.74000e-06 3.86468e+10
8.78000e-06 3.79534e+10
8.82000e-06 3.72757e+10
8.86000e-06 3.66131e+10
8.90000e-06 3.59651e+10
8.94000e-06 3.53315e+10
8.98000e-06 3.47114e+10
9.02000e-06 3.41051e+10
9.06000e-06 3.35118e+10
9.10000e-06 3.29317e+10
9.14000e-06 3.23636e+10
9.18000e-06 3.18082e+10
9.22000e-06 3.12642e+10
9.26000e-06 3.07320e+10
9.30000e-06 3.02107e+10
9.34000e-06 2.97008e+10
9.38000e-06 2.92014e+10
9.42000e-06 2.87128e+10
9.46000e-06 2.82339e+10
9.50000e-06 2.77649e+10
9.54000e-06 2.73058e+10
9.58000e-06 2.68561e+10
9.62000e-06 2.64159e+10
9.66000e-06 2.59844e+10
9.70000e-06 2.55615e+10
9.74000e-06 2.51475e+10
9.78000e-06 2.47417e+10
9.82000e-06 2.43441e+10
9.86000e-06 2.39540e+10
9.90000e-06 2.35721e+10
9.94000e-06 2.31978e+10
9.98000e-06 2.28307e+10
1.00200e-05 2.24709e+10
2.00000e-05 1.42527e+09
4.00000e-05 8.80419e+07
6.00000e-05 1.71841e+07
8.00000e-05 5.38248e+06
1.00000e-04 2.18598e+06
1.20000e-04 1.04658e+06
1.40000e-04 5.61367e+05
1.60000e-04 3.27255e+05
