9.09000e-09 0.00000e+00
9.35000e-09 0.00000e+00
9.61000e-09 0.00000e+00
9.77000e-09 0.00000e+00
9.96000e-09 0.00000e+00
1.02000e-08 0.00000e+00
1.03800e-08 0.00000e+00
1.05600e-08 0.00000e+00
1.07700e-08 0.00000e+00
1.10400e-08 0.00000e+00
1.14000e-08 0.00000e+00
1.17800e-08 0.00000e+00
1.21300e-08 0.00000e+00
1.24800e-08 0.00000e+00
1.27100e-08 0.00000e+00
1.28400e-08 0.00000e+00
1.30500e-08 0.00000e+00
1.32400e-08 0.00000e+00
1.33900e-08 0.00000e+00
1.36600e-08 0.00000e+00
1.39800e-08 0.00000e+00
1.43300e-08 0.00000e+00
1.47200e-08 0.00000e+00
1.51000e-08 0.00000e+00
1.55200e-08 0.00000e+00
1.58800e-08 0.00000e+00
1.62000e-08 0.00000e+00
1.66000e-08 0.00000e+00
1.70300e-08 0.00000e+00
1.73400e-08 0.00000e+00
1.76800e-08 0.00000e+00
1.80200e-08 0.00000e+00
1.81700e-08 0.00000e+00
1.86100e-08 0.00000e+00
1.91000e-08 0.00000e+00
1.93900e-08 0.00000e+00
1.98400e-08 0.00000e+00
2.01800e-08 0.00000e+00
2.05000e-08 0.00000e+00
2.10500e-08 0.00000e+00
2.16200e-08 0.00000e+00
2.19800e-08 0.00000e+00
2.23000e-08 0.00000e+00
2.26800e-08 0.00000e+00
2.30000e-08 0.00000e+00
2.34000e-08 0.00000e+00
2.40000e-08 0.00000e+00
2.46500e-08 0.00000e+00
2.52400e-08 0.00000e+00
2.56800e-08 0.00000e+00
2.60000e-08 0.00000e+00
2.64000e-08 0.00000e+00
2.68500e-08 0.00000e+00
2.73500e-08 0.00000e+00
2.78500e-08 0.00000e+00
2.84000e-08 0.00000e+00
2.90000e-08 0.00000e+00
2.96000e-08 0.00000e+00
3.01000e-08 0.00000e+00
3.08000e-08 0.00000e+00
3.18000e-08 0.00000e+00
3.28000e-08 0.00000e+00
3.38000e-08 0.00000e+00
3.48000e-08 0.00000e+00
3.57000e-08 0.00000e+00
3.66000e-08 0.00000e+00
3.75000e-08 0.00000e+00
3.85000e-08 0.00000e+00
3.95000e-08 0.00000e+00
4.05000e-08 0.00000e+00
4.14000e-08 0.00000e+00
4.22000e-08 0.00000e+00
4.30000e-08 0.00000e+00
4.41000e-08 0.00000e+00
4.51000e-08 0.00000e+00
4.60000e-08 0.00000e+00
4.70000e-08 0.00000e+00
4.80000e-08 0.00000e+00
4.90000e-08 0.00000e+00
5.00000e-08 0.00000e+00
5.06000e-08 1.50303e+04
5.12000e-08 2.71542e+04
5.20000e-08 4.27904e+04
5.30000e-08 7.43818e+04
5.40000e-08 1.24777e+05
5.50000e-08 2.11691e+05
5.60000e-08 3.46578e+05
5.70000e-08 5.59275e+05
5.80000e-08 8.65954e+05
5.90000e-08 1.37467e+06
6.00000e-08 2.10802e+06
6.10000e-08 3.20287e+06
6.20000e-08 4.77509e+06
6.30000e-08 7.04806e+06
6.40000e-08 1.02120e+07
6.50000e-08 1.47821e+07
6.58000e-08 1.96360e+07
6.65000e-08 2.49717e+07
6.75000e-08 3.49358e+07
6.85000e-08 4.86207e+07
6.95000e-08 6.69399e+07
7.05000e-08 9.09262e+07
7.16000e-08 1.26741e+08
7.26000e-08 1.69676e+08
7.35000e-08 2.18915e+08
7.45000e-08 2.88434e+08
7.55000e-08 3.77236e+08
7.65000e-08 4.90070e+08
7.75000e-08 6.32311e+08
7.85000e-08 8.10897e+08
7.95000e-08 1.02631e+09
8.05000e-08 1.30240e+09
8.15000e-08 1.64123e+09
8.25000e-08 2.05174e+09
8.35000e-08 2.53614e+09
8.45000e-08 3.15757e+09
8.55000e-08 3.88364e+09
8.65000e-08 4.75726e+09
8.75000e-08 5.78412e+09
8.85000e-08 7.02788e+09
8.95000e-08 8.48346e+09
9.05000e-08 1.01388e+10
9.15000e-08 1.55367e+11
9.25000e-08 8.39825e+11
9.35000e-08 1.36377e+12
9.45000e-08 2.55372e+12
9.55000e-08 6.12790e+12
9.65000e-08 9.05472e+12
9.75000e-08 4.51462e+12
9.85000e-08 4.44594e+13
9.95000e-08 9.36437e+13
1.00500e-07 1.34001e+14
1.01500e-07 4.06195e+13
1.02500e-07 5.71644e+12
1.03500e-07 2.84402e+13
1.04500e-07 1.89386e+14
1.05500e-07 3.80614e+14
1.06500e-07 3.81273e+14
1.07500e-07 4.83975e+14
1.08500e-07 4.42742e+14
1.09500e-07 5.05449e+14
1.10500e-07 1.64129e+15
1.11500e-07 2.02058e+15
1.12500e-07 2.33687e+15
1.13500e-07 2.48862e+15
1.14500e-07 2.17629e+15
1.15500e-07 2.47352e+15
1.16500e-07 2.69166e+15
1.17500e-07 2.31066e+15
1.18500e-07 1.69528e+15
1.19500e-07 1.74565e+14
1.20500e-07 1.09336e+14
1.21500e-07 1.70503e+13
1.22500e-07 7.35925e+13
1.23500e-07 8.51458e+14
1.24500e-07 2.38632e+15
1.25500e-07 2.80809e+15
1.26500e-07 1.50337e+15
1.27500e-07 4.24418e+15
1.28500e-07 5.21944e+15
1.29500e-07 4.60494e+15
1.30500e-07 3.55533e+15
1.31500e-07 5.00622e+15
1.32500e-07 5.20733e+15
1.33500e-07 4.61341e+15
1.34500e-07 5.67295e+15
1.35500e-07 5.29324e+15
1.36500e-07 4.66418e+15
1.37500e-07 5.40938e+15
1.38500e-07 5.50732e+15
1.39500e-07 5.69018e+15
1.40500e-07 5.58428e+15
1.41500e-07 5.06365e+15
1.42500e-07 5.36036e+15
1.43500e-07 4.88854e+15
1.44200e-07 5.42477e+15
1.44700e-07 5.77670e+15
1.45500e-07 5.57277e+15
1.46500e-07 5.09691e+15
1.47500e-07 4.82440e+15
1.48500e-07 5.05160e+15
1.49500e-07 5.36384e+15
1.50500e-07 5.27866e+15
1.51200e-07 4.79980e+15
1.51700e-07 5.25277e+15
1.52500e-07 4.39174e+15
1.53500e-07 3.86064e+15
1.54500e-07 4.99103e+15
1.55500e-07 4.46915e+15
1.56500e-07 4.13150e+15
1.57500e-07 4.31232e+15
1.58500e-07 4.68487e+15
1.59500e-07 4.84073e+15
1.60500e-07 4.53695e+15
1.61500e-07 4.56948e+15
1.62500e-07 4.17829e+15
1.63500e-07 4.33267e+15
1.64500e-07 4.43650e+15
1.65500e-07 3.86094e+15
1.66500e-07 4.31710e+15
1.67200e-07 3.54322e+15
1.67700e-07 4.10470e+15
1.68500e-07 4.51536e+15
1.69500e-07 4.21402e+15
1.70500e-07 3.95350e+15
1.71500e-07 3.75139e+15
1.72500e-07 3.69258e+15
1.73500e-07 3.89055e+15
1.74500e-07 3.83631e+15
1.75500e-07 4.17189e+15
1.76500e-07 3.62832e+15
1.77500e-07 3.97473e+15
1.78500e-07 3.97336e+15
1.79500e-07 4.23053e+15
1.80500e-07 4.07694e+15
1.81500e-07 3.95952e+15
1.82500e-07 3.86127e+15
1.83500e-07 3.71872e+15
1.84500e-07 3.45928e+15
1.85500e-07 3.56703e+15
1.86500e-07 3.57243e+15
1.87500e-07 3.79835e+15
1.88500e-07 3.65839e+15
1.89500e-07 3.58348e+15
1.90500e-07 3.54969e+15
1.91500e-07 3.56316e+15
1.92500e-07 3.55622e+15
1.93500e-07 3.56132e+15
1.94500e-07 3.62876e+15
1.95500e-07 3.51544e+15
1.96700e-07 3.68436e+15
1.97600e-07 3.69631e+15
1.98400e-07 3.55775e+15
1.99500e-07 3.40522e+15
2.00500e-07 3.44856e+15
2.01500e-07 3.25742e+15
2.02500e-07 3.38170e+15
2.03500e-07 3.30852e+15
2.04500e-07 3.38695e+15
2.05500e-07 3.23738e+15
2.06500e-07 3.21176e+15
2.07400e-07 3.29325e+15
2.07800e-07 3.31757e+15
2.08500e-07 3.33225e+15
2.09500e-07 3.18172e+15
2.10500e-07 3.14221e+15
2.11500e-07 3.13244e+15
2.12500e-07 3.14800e+15
2.13500e-07 2.82311e+15
2.14500e-07 3.03585e+15
2.15500e-07 3.07021e+15
2.16500e-07 2.91870e+15
2.17500e-07 2.86381e+15
2.18500e-07 2.82290e+15
2.19500e-07 2.97395e+15
2.20500e-07 2.83523e+15
2.21500e-07 2.66034e+15
2.22500e-07 2.56152e+15
2.23500e-07 2.78338e+15
2.24500e-07 2.53275e+15
2.25500e-07 2.49100e+15
2.26500e-07 2.52384e+15
2.27500e-07 2.62544e+15
2.28500e-07 2.67582e+15
2.29500e-07 2.55148e+15
2.30500e-07 2.45522e+15
2.31500e-07 2.34942e+15
2.32500e-07 1.97606e+15
2.33500e-07 2.22740e+15
2.34500e-07 2.10828e+15
2.35500e-07 2.28483e+15
2.36500e-07 2.07668e+15
2.37500e-07 2.14532e+15
2.38500e-07 1.95901e+15
2.39500e-07 2.13966e+15
2.40500e-07 2.01834e+15
2.41500e-07 2.06367e+15
2.42500e-07 2.14835e+15
2.43500e-07 2.03582e+15
2.44500e-07 2.18343e+15
2.45500e-07 2.08779e+15
2.46500e-07 2.09717e+15
2.47500e-07 2.00289e+15
2.48500e-07 2.12871e+15
2.49500e-07 2.05467e+15
2.50500e-07 2.21006e+15
2.51300e-07 2.02773e+15
2.51800e-07 2.06876e+15
2.52500e-07 1.94386e+15
2.53500e-07 1.94456e+15
2.54500e-07 1.91761e+15
2.55500e-07 2.01972e+15
2.56500e-07 1.99359e+15
2.57500e-07 2.10978e+15
2.58500e-07 2.09095e+15
2.59500e-07 2.06580e+15
2.60500e-07 1.97808e+15
2.61500e-07 1.97262e+15
2.62500e-07 2.02831e+15
2.63500e-07 2.02819e+15
2.64500e-07 2.16625e+15
2.65500e-07 2.12783e+15
2.66500e-07 1.99546e+15
2.67500e-07 2.06465e+15
2.68500e-07 2.03676e+15
2.69500e-07 1.97395e+15
2.70500e-07 2.00809e+15
2.71500e-07 1.92310e+15
2.72500e-07 1.93063e+15
2.73500e-07 2.03302e+15
2.74500e-07 1.80575e+15
2.75500e-07 1.79738e+15
2.76500e-07 1.84817e+15
2.77500e-07 1.92019e+15
2.78500e-07 1.88564e+15
2.79500e-07 1.40251e+15
2.80500e-07 1.55978e+15
2.81500e-07 1.91731e+15
2.82500e-07 1.92627e+15
2.83500e-07 1.85351e+15
2.84500e-07 1.79037e+15
2.85500e-07 1.78058e+15
2.86500e-07 1.84509e+15
2.87500e-07 1.79244e+15
2.88500e-07 1.82073e+15
2.89500e-07 1.78386e+15
2.91000e-07 1.88301e+15
2.93000e-07 1.81329e+15
2.95000e-07 1.80186e+15
2.97000e-07 1.79189e+15
2.99000e-07 1.78132e+15
3.01000e-07 1.79989e+15
3.03000e-07 1.77140e+15
3.05000e-07 1.74310e+15
3.07000e-07 1.71591e+15
3.09000e-07 1.71665e+15
3.11000e-07 1.67459e+15
3.13000e-07 1.65887e+15
3.15000e-07 1.65131e+15
3.17000e-07 1.62705e+15
3.19000e-07 1.57414e+15
3.21000e-07 1.58939e+15
3.23000e-07 1.56406e+15
3.25000e-07 1.55215e+15
3.27000e-07 1.54559e+15
3.29000e-07 1.53249e+15
3.31000e-07 1.52345e+15
3.33000e-07 1.49589e+15
3.35000e-07 1.47070e+15
3.37000e-07 1.45894e+15
3.39000e-07 1.43679e+15
3.41000e-07 1.43745e+15
3.43000e-07 1.41952e+15
3.45000e-07 1.40782e+15
3.47000e-07 1.38570e+15
3.49000e-07 1.37119e+15
3.51000e-07 1.36600e+15
3.53000e-07 1.35550e+15
3.55000e-07 1.34203e+15
3.57000e-07 1.32393e+15
3.59000e-07 1.30948e+15
3.61000e-07 1.29620e+15
3.63000e-07 1.28153e+15
3.64000e-07 1.27663e+15
3.65000e-07 1.29965e+15
3.67000e-07 1.27523e+15
3.69000e-07 1.16875e+15
3.71000e-07 1.18164e+15
3.73000e-07 1.19085e+15
3.75000e-07 1.43400e+15
3.77000e-07 1.47767e+15
3.79000e-07 1.76066e+15
3.81000e-07 2.01935e+15
3.83000e-07 1.63062e+15
3.85000e-07 2.17610e+15
3.87000e-07 2.42347e+15
3.89000e-07 1.42172e+15
3.91000e-07 2.39065e+15
3.93000e-07 2.44992e+15
3.95000e-07 2.35305e+15
3.97000e-07 1.34803e+15
3.99000e-07 2.23666e+15
4.01000e-07 2.42343e+15
4.03000e-07 2.39480e+15
4.05000e-07 2.37878e+15
4.07000e-07 2.28223e+15
4.09000e-07 1.81297e+15
4.11000e-07 1.41463e+15
4.13000e-07 2.11882e+15
4.15000e-07 2.20406e+15
4.17000e-07 2.18665e+15
4.19000e-07 2.16132e+15
4.21000e-07 2.13254e+15
4.23000e-07 2.09998e+15
4.25000e-07 2.06437e+15
4.27000e-07 2.02181e+15
4.29000e-07 1.99440e+15
4.31000e-07 1.90248e+15
4.33000e-07 1.46033e+15
4.35000e-07 1.25583e+15
4.37000e-07 1.81369e+15
4.39000e-07 1.83573e+15
4.41000e-07 1.83924e+15
4.43000e-07 1.81020e+15
4.45000e-07 1.79959e+15
4.47000e-07 1.76111e+15
4.49000e-07 1.72499e+15
4.51000e-07 1.71934e+15
4.53000e-07 1.69653e+15
4.55000e-07 1.65867e+15
4.57000e-07 1.65726e+15
4.59000e-07 1.62458e+15
4.61000e-07 1.61654e+15
4.63000e-07 1.57972e+15
4.65000e-07 1.57207e+15
4.67000e-07 1.54771e+15
4.69000e-07 1.52409e+15
4.71000e-07 1.48594e+15
4.73000e-07 1.48704e+15
4.75000e-07 1.46376e+15
4.77000e-07 1.44651e+15
4.79000e-07 1.42345e+15
4.81000e-07 1.39235e+15
4.83000e-07 1.33507e+15
4.85000e-07 1.06514e+15
4.87000e-07 8.79952e+14
4.89000e-07 1.26105e+15
4.91000e-07 1.30102e+15
4.93000e-07 1.28757e+15
4.95000e-07 1.28303e+15
4.97000e-07 1.27095e+15
4.99000e-07 1.25357e+15
5.01000e-07 1.22482e+15
5.03000e-07 1.21739e+15
5.05000e-07 1.18936e+15
5.07000e-07 1.18977e+15
5.09000e-07 1.17509e+15
5.11000e-07 1.15806e+15
5.13000e-07 1.14735e+15
5.15000e-07 1.12777e+15
5.17000e-07 1.10990e+15
5.19000e-07 1.09903e+15
5.21000e-07 1.08682e+15
5.23000e-07 1.07034e+15
5.25000e-07 1.06344e+15
5.27000e-07 1.04284e+15
5.29000e-07 1.04015e+15
5.31000e-07 1.02200e+15
5.33000e-07 1.01326e+15
5.35000e-07 1.00359e+15
5.37000e-07 9.90905e+14
5.39000e-07 9.78715e+14
5.41000e-07 9.65069e+14
5.43000e-07 9.55341e+14
5.45000e-07 9.45679e+14
5.47000e-07 9.33677e+14
5.49000e-07 9.22949e+14
5.51000e-07 9.12439e+14
5.53000e-07 9.02673e+14
5.55000e-07 8.92314e+14
5.57000e-07 8.81971e+14
5.59000e-07 8.72054e+14
5.61000e-07 8.63178e+14
5.63000e-07 8.53253e+14
5.65000e-07 8.41724e+14
5.67000e-07 8.32597e+14
5.69000e-07 8.24113e+14
5.71000e-07 8.14906e+14
5.73000e-07 8.05900e+14
5.75000e-07 7.96646e+14
5.77000e-07 7.87795e+14
5.79000e-07 7.78114e+14
5.81000e-07 7.69987e+14
5.83000e-07 7.61643e+14
5.85000e-07 7.53285e+14
5.87000e-07 7.40540e+14
5.89000e-07 7.34716e+14
5.91000e-07 7.28522e+14
5.93000e-07 7.20938e+14
5.95000e-07 7.10683e+14
5.97000e-07 7.04386e+14
5.99000e-07 6.95206e+14
6.01000e-07 6.89711e+14
6.03000e-07 6.82522e+14
6.05000e-07 6.74816e+14
6.07000e-07 6.67626e+14
6.09000e-07 6.60556e+14
6.11000e-07 6.53686e+14
6.13000e-07 6.46550e+14
6.15000e-07 6.34931e+14
6.17000e-07 6.32731e+14
6.19000e-07 6.26467e+14
6.21000e-07 6.19849e+14
6.23000e-07 6.12935e+14
6.25000e-07 6.04071e+14
6.27000e-07 6.00549e+14
6.29000e-07 5.94298e+14
6.31000e-07 5.87509e+14
6.33000e-07 5.81847e+14
6.35000e-07 5.69153e+14
6.37000e-07 5.65473e+14
6.39000e-07 5.63849e+14
6.41000e-07 5.57640e+14
6.43000e-07 5.52354e+14
6.45000e-07 5.44461e+14
6.47000e-07 5.40002e+14
6.49000e-07 5.32582e+14
6.51000e-07 5.24568e+14
6.53000e-07 5.09291e+14
6.55000e-07 4.47352e+14
6.56125e-07 3.68885e+14
6.59000e-07 4.81799e+14
6.61000e-07 4.96926e+14
6.63000e-07 4.96143e+14
6.65000e-07 4.92925e+14
6.67000e-07 4.88246e+14
6.69000e-07 4.83993e+14
6.71000e-07 4.79949e+14
6.73000e-07 4.74938e+14
6.75000e-07 4.70647e+14
6.77000e-07 4.66145e+14
6.79000e-07 4.61491e+14
6.81000e-07 4.57045e+14
6.83000e-07 4.52426e+14
6.85000e-07 4.48134e+14
6.87000e-07 4.43901e+14
6.89000e-07 4.39669e+14
6.91000e-07 4.35391e+14
6.93000e-07 4.31015e+14
6.95000e-07 4.27103e+14
6.97000e-07 4.23112e+14
6.99000e-07 4.19268e+14
7.01000e-07 4.14640e+14
7.03000e-07 4.11286e+14
7.05000e-07 4.06894e+14
7.07000e-07 4.03156e+14
7.09000e-07 3.99887e+14
7.11000e-07 3.95360e+14
7.13000e-07 3.92175e+14
7.15000e-07 3.88385e+14
7.17000e-07 3.85063e+14
7.19000e-07 3.81569e+14
7.21000e-07 3.78085e+14
7.23000e-07 3.74331e+14
7.25000e-07 3.70828e+14
7.27000e-07 3.67757e+14
7.29000e-07 3.64268e+14
7.31000e-07 3.60945e+14
7.33000e-07 3.57772e+14
7.35000e-07 3.54614e+14
7.37000e-07 3.51395e+14
7.39000e-07 3.48178e+14
7.41000e-07 3.44682e+14
7.43000e-07 3.41088e+14
7.45000e-07 3.38431e+14
7.47000e-07 3.34954e+14
7.49000e-07 3.32435e+14
7.51000e-07 3.29525e+14
7.53000e-07 3.26900e+14
7.55000e-07 3.24014e+14
7.57000e-07 3.21153e+14
7.59000e-07 3.18273e+14
7.61000e-07 3.15581e+14
7.63000e-07 3.12731e+14
7.65000e-07 3.09901e+14
7.67000e-07 3.07217e+14
7.69000e-07 3.04558e+14
7.71000e-07 3.01750e+14
7.73000e-07 2.99308e+14
7.75000e-07 2.96699e+14
7.77000e-07 2.89376e+14
7.79000e-07 2.91592e+14
7.81000e-07 2.89187e+14
7.83000e-07 2.86630e+14
7.85000e-07 2.83753e+14
7.87000e-07 2.80512e+14
7.89000e-07 2.77736e+14
7.91000e-07 2.76791e+14
7.93000e-07 2.74636e+14
7.95000e-07 2.71146e+14
7.97000e-07 2.70036e+14
7.99000e-07 2.65399e+14
8.01000e-07 2.65478e+14
8.03000e-07 2.63240e+14
8.05000e-07 2.61027e+14
8.07000e-07 2.58838e+14
8.09000e-07 2.56673e+14
8.11000e-07 2.54470e+14
8.13000e-07 2.52455e+14
8.15000e-07 2.50373e+14
8.17000e-07 2.48324e+14
8.19000e-07 2.45760e+14
8.21000e-07 2.44882e+14
8.23000e-07 2.42442e+14
8.25000e-07 2.41860e+14
8.27000e-07 2.40505e+14
8.29000e-07 2.38172e+14
8.31000e-07 2.36585e+14
8.33000e-07 2.34083e+14
8.35000e-07 2.31968e+14
8.37000e-07 2.29248e+14
8.39000e-07 2.25550e+14
8.41000e-07 2.22545e+14
8.43000e-07 2.18251e+14
8.45000e-07 2.14660e+14
8.47000e-07 2.11390e+14
8.49000e-07 2.12736e+14
8.51000e-07 2.05256e+14
8.53000e-07 2.12884e+14
8.55000e-07 1.95166e+14
8.57000e-07 2.16113e+14
8.59000e-07 1.98780e+14
8.61000e-07 1.95165e+14
8.63000e-07 2.18061e+14
8.65000e-07 2.04763e+14
8.67000e-07 1.76515e+14
8.69000e-07 2.09348e+14
8.71000e-07 2.18597e+14
8.73000e-07 2.06020e+14
8.75000e-07 1.67949e+14
8.77000e-07 1.95034e+14
8.79000e-07 2.13705e+14
8.81000e-07 2.15493e+14
8.83000e-07 2.08468e+14
8.85000e-07 1.84122e+14
8.87000e-07 1.59810e+14
8.89000e-07 1.96530e+14
8.91000e-07 2.06716e+14
8.93000e-07 2.07865e+14
8.95000e-07 2.07120e+14
8.97000e-07 2.02925e+14
8.99000e-07 1.91115e+14
9.01000e-07 1.54210e+14
9.03000e-07 1.65983e+14
9.05000e-07 1.90986e+14
9.07000e-07 1.95072e+14
9.09000e-07 1.94999e+14
9.11000e-07 1.95514e+14
9.13000e-07 1.94306e+14
9.15000e-07 1.92882e+14
9.17000e-07 1.89824e+14
9.19000e-07 1.84002e+14
9.21000e-07 1.69116e+14
9.23000e-07 1.34825e+14
9.25000e-07 1.62188e+14
9.27000e-07 1.74773e+14
9.29000e-07 1.81084e+14
9.31000e-07 1.81450e+14
9.33000e-07 1.80491e+14
9.35000e-07 1.79547e+14
9.37000e-07 1.78331e+14
9.39000e-07 1.76376e+14
9.41000e-07 1.73827e+14
9.43000e-07 1.74044e+14
9.45000e-07 1.72587e+14
9.47000e-07 1.70598e+14
9.49000e-07 1.67847e+14
9.51000e-07 1.62472e+14
9.53000e-07 1.46771e+14
9.55000e-07 1.20757e+14
9.57000e-07 1.48056e+14
9.59000e-07 1.58831e+14
9.61000e-07 1.60809e+14
9.63000e-07 1.59346e+14
9.65000e-07 1.60256e+14
9.67000e-07 1.58768e+14
9.69000e-07 1.58273e+14
9.71000e-07 1.57474e+14
9.73000e-07 1.56263e+14
9.75000e-07 1.55079e+14
9.77000e-07 1.54030e+14
9.79000e-07 1.52855e+14
9.81000e-07 1.51693e+14
9.83000e-07 1.50355e+14
9.85000e-07 1.49403e+14
9.87000e-07 1.48264e+14
9.89000e-07 1.46722e+14
9.91000e-07 1.45919e+14
9.93000e-07 1.44698e+14
9.95000e-07 1.43462e+14
9.97000e-07 1.41989e+14
9.99000e-07 1.39915e+14
1.00250e-06 1.26060e+14
1.00750e-06 1.19846e+14
1.01250e-06 1.33214e+14
1.01750e-06 1.32534e+14
1.02250e-06 1.30686e+14
1.02750e-06 1.28436e+14
1.03250e-06 1.26149e+14
1.03750e-06 1.24012e+14
1.04250e-06 1.21910e+14
1.04750e-06 1.19708e+14
1.05250e-06 1.17581e+14
1.05750e-06 1.15683e+14
1.06250e-06 1.13803e+14
1.06750e-06 1.11156e+14
1.07250e-06 1.09755e+14
1.07750e-06 1.07966e+14
1.08250e-06 1.05711e+14
1.08750e-06 1.02648e+14
1.09250e-06 8.68159e+13
1.09750e-06 9.39147e+13
1.10250e-06 9.85817e+13
1.10750e-06 9.76629e+13
1.11250e-06 9.63395e+13
1.11750e-06 9.47976e+13
1.12250e-06 9.32852e+13
1.12750e-06 9.10905e+13
1.13250e-06 8.97710e+13
1.13750e-06 8.88700e+13
1.14250e-06 8.74531e+13
1.14750e-06 8.61147e+13
1.15250e-06 8.47707e+13
1.15750e-06 8.34410e+13
1.16250e-06 8.19804e+13
1.16750e-06 8.06468e+13
1.17250e-06 7.96124e+13
1.17750e-06 7.80112e+13
1.18250e-06 7.71131e+13
1.18750e-06 7.58667e+13
1.19250e-06 7.48662e+13
1.19750e-06 7.36565e+13
1.20250e-06 7.26050e+13
1.20750e-06 7.14908e+13
1.21250e-06 7.04232e+13
1.21750e-06 6.93935e+13
1.22250e-06 6.83506e+13
1.22750e-06 6.73124e+13
1.23250e-06 6.63333e+13
1.23750e-06 6.53654e+13
1.24250e-06 6.44378e+13
1.24750e-06 6.33437e+13
1.25250e-06 6.25652e+13
1.25750e-06 6.15469e+13
1.26250e-06 6.07224e+13
1.26750e-06 5.97260e+13
1.27250e-06 5.85759e+13
1.27750e-06 5.59207e+13
1.28250e-06 4.85158e+13
1.28750e-06 5.49122e+13
1.29250e-06 5.54105e+13
1.29750e-06 5.48702e+13
1.30250e-06 5.42121e+13
1.30750e-06 5.34567e+13
1.31250e-06 5.27134e+13
1.31750e-06 5.18909e+13
1.32250e-06 5.12666e+13
1.32750e-06 5.05626e+13
1.33250e-06 4.98677e+13
1.33750e-06 4.91860e+13
1.34250e-06 4.85068e+13
1.34750e-06 4.78383e+13
1.35250e-06 4.71743e+13
1.35750e-06 4.65535e+13
1.36250e-06 4.59283e+13
1.36750e-06 4.52949e+13
1.37250e-06 4.46895e+13
1.37750e-06 4.41294e+13
1.38250e-06 4.35447e+13
1.38750e-06 4.29731e+13
1.39250e-06 4.23950e+13
1.39750e-06 4.18472e+13
1.40250e-06 4.13042e+13
1.40750e-06 4.07660e+13
1.41250e-06 4.02324e+13
1.41750e-06 3.97147e+13
1.42250e-06 3.92014e+13
1.42750e-06 3.86981e+13
1.43250e-06 3.81989e+13
1.43750e-06 3.77112e+13
1.44250e-06 3.71406e+13
1.44750e-06 3.67568e+13
1.45250e-06 3.62453e+13
1.45700e-06 3.58798e+13
1.46200e-06 3.55202e+13
1.46750e-06 3.50498e+13
1.47250e-06 3.46176e+13
1.47750e-06 3.41628e+13
1.48250e-06 3.37750e+13
1.48750e-06 3.33372e+13
1.49250e-06 3.29570e+13
1.49750e-06 3.25172e+13
1.50250e-06 3.21042e+13
1.50750e-06 3.16761e+13
1.51250e-06 3.12150e+13
1.51750e-06 3.07446e+13
1.52250e-06 3.03252e+13
1.52750e-06 2.99220e+13
1.53250e-06 2.94399e+13
1.53750e-06 2.91643e+13
1.54250e-06 2.85734e+13
1.54750e-06 2.84645e+13
1.55250e-06 2.80439e+13
1.55750e-06 2.73392e+13
1.56250e-06 2.78620e+13
1.56750e-06 2.68167e+13
1.57250e-06 2.62336e+13
1.57750e-06 2.70818e+13
1.58250e-06 2.66011e+13
1.58750e-06 2.47057e+13
1.59250e-06 2.55699e+13
1.59750e-06 2.62042e+13
1.60500e-06 2.51658e+13
1.61500e-06 2.37964e+13
1.62500e-06 2.46729e+13
1.63500e-06 2.33587e+13
1.64500e-06 2.21038e+13
1.65500e-06 2.30974e+13
1.66500e-06 2.26129e+13
1.67500e-06 2.12842e+13
1.68500e-06 2.00969e+13
1.69500e-06 2.11206e+13
1.70500e-06 2.07595e+13
1.71500e-06 2.02940e+13
1.72500e-06 1.96872e+13
1.73500e-06 1.76112e+13
1.74500e-06 1.86100e+13
1.75500e-06 1.85820e+13
1.76500e-06 1.82281e+13
1.77500e-06 1.78475e+13
1.78500e-06 1.74743e+13
1.79500e-06 1.71001e+13
1.80500e-06 1.65989e+13
1.81500e-06 1.49801e+13
1.82500e-06 1.55516e+13
1.83500e-06 1.56903e+13
1.84500e-06 1.54244e+13
1.85500e-06 1.50768e+13
1.86500e-06 1.46577e+13
1.87500e-06 1.32041e+13
1.88500e-06 1.40356e+13
1.89500e-06 1.39162e+13
1.90500e-06 1.36687e+13
1.91500e-06 1.34000e+13
1.92500e-06 1.31056e+13
1.93500e-06 1.26948e+13
1.94500e-06 1.14273e+13
1.95500e-06 1.22096e+13
1.96500e-06 1.21316e+13
1.97500e-06 1.19221e+13
1.98500e-06 1.16971e+13
1.99500e-06 1.14760e+13
2.00500e-06 1.12606e+13
2.01500e-06 1.10498e+13
2.02500e-06 1.08436e+13
2.03500e-06 1.06427e+13
2.04500e-06 1.04470e+13
2.05500e-06 1.02545e+13
2.06500e-06 1.00671e+13
2.07500e-06 9.88369e+12
2.08500e-06 9.70505e+12
2.09500e-06 9.53022e+12
2.10500e-06 9.35827e+12
2.11500e-06 9.18829e+12
2.12500e-06 9.02526e+12
2.13500e-06 8.86405e+12
2.14500e-06 8.69071e+12
2.15500e-06 8.45205e+12
2.16500e-06 7.65770e+12
2.17500e-06 8.09664e+12
2.18500e-06 8.09372e+12
2.19500e-06 7.97948e+12
2.20500e-06 7.84296e+12
2.21500e-06 7.70780e+12
2.22500e-06 7.57818e+12
2.23500e-06 7.44965e+12
2.24500e-06 7.32408e+12
2.25500e-06 7.20081e+12
2.26500e-06 7.08046e+12
2.27500e-06 6.96238e+12
2.28500e-06 6.87393e+12
2.29500e-06 6.83934e+12
2.30500e-06 6.72645e+12
2.31500e-06 6.60442e+12
2.32500e-06 6.48124e+12
2.33500e-06 6.36228e+12
2.34500e-06 6.24730e+12
2.35500e-06 6.13526e+12
2.36500e-06 6.02960e+12
2.37500e-06 5.92223e+12
2.38500e-06 5.82081e+12
2.39500e-06 5.72607e+12
2.40500e-06 5.62169e+12
2.41500e-06 5.52381e+12
2.42500e-06 5.43267e+12
2.43500e-06 5.35288e+12
2.44500e-06 5.25555e+12
2.45500e-06 5.18451e+12
2.46500e-06 5.08852e+12
2.47500e-06 5.02086e+12
2.48500e-06 4.95753e+12
2.49500e-06 4.83823e+12
2.50500e-06 4.86788e+12
2.51500e-06 4.75462e+12
2.52500e-06 4.59448e+12
2.53500e-06 4.59166e+12
2.54500e-06 4.55820e+12
2.55500e-06 4.44723e+12
2.56500e-06 4.29037e+12
2.57500e-06 4.33159e+12
2.58500e-06 4.30311e+12
2.59500e-06 4.23135e+12
2.60500e-06 4.09428e+12
2.61500e-06 3.92827e+12
2.62500e-06 3.70884e+12
2.63500e-06 3.92046e+12
2.64500e-06 3.93600e+12
2.65500e-06 3.88236e+12
2.66500e-06 3.78002e+12
2.67500e-06 3.58202e+12
2.68500e-06 3.67349e+12
2.69500e-06 3.67154e+12
2.70500e-06 3.63183e+12
2.71500e-06 3.58535e+12
2.72500e-06 3.53280e+12
2.73500e-06 3.47332e+12
2.74500e-06 3.39651e+12
2.75500e-06 3.19406e+12
2.76500e-06 3.22860e+12
2.77500e-06 3.27338e+12
2.78500e-06 3.24466e+12
2.79500e-06 3.20562e+12
2.80500e-06 3.16179e+12
2.81500e-06 3.11854e+12
2.82500e-06 3.07611e+12
2.83500e-06 3.03443e+12
2.84500e-06 2.98912e+12
2.85500e-06 2.93526e+12
2.86500e-06 2.82999e+12
2.87500e-06 2.67757e+12
2.88500e-06 2.79605e+12
2.89500e-06 2.78746e+12
2.90500e-06 2.76174e+12
2.91500e-06 2.72478e+12
2.92500e-06 2.68963e+12
2.93500e-06 2.65436e+12
2.94500e-06 2.61982e+12
2.95500e-06 2.58581e+12
2.96500e-06 2.55224e+12
2.97500e-06 2.51928e+12
2.98500e-06 2.48682e+12
2.99500e-06 2.45487e+12
3.00500e-06 2.42321e+12
3.01500e-06 2.38495e+12
3.02500e-06 2.33660e+12
3.03500e-06 2.19092e+12
3.04500e-06 2.20146e+12
3.05500e-06 2.25448e+12
3.06500e-06 2.24020e+12
3.07500e-06 2.21681e+12
3.08500e-06 2.18821e+12
3.09500e-06 2.16198e+12
3.10500e-06 2.13518e+12
3.11500e-06 2.10876e+12
3.12500e-06 2.08267e+12
3.13500e-06 2.05725e+12
3.14500e-06 2.03189e+12
3.15500e-06 2.00726e+12
3.16500e-06 1.98274e+12
3.17500e-06 1.95865e+12
3.18500e-06 1.93505e+12
3.19500e-06 1.91166e+12
3.21000e-06 1.87731e+12
3.23000e-06 1.83272e+12
3.25000e-06 1.78940e+12
3.27000e-06 1.74176e+12
3.29000e-06 1.62152e+12
3.31000e-06 1.64345e+12
3.33000e-06 1.63644e+12
3.35000e-06 1.60135e+12
3.37000e-06 1.56290e+12
3.39000e-06 1.52510e+12
3.41000e-06 1.48958e+12
3.43000e-06 1.45512e+12
3.45000e-06 1.42181e+12
3.47000e-06 1.38961e+12
3.49000e-06 1.35761e+12
3.51000e-06 1.32735e+12
3.53000e-06 1.29824e+12
3.55000e-06 1.26879e+12
3.57000e-06 1.24037e+12
3.59000e-06 1.21393e+12
3.61000e-06 1.18736e+12
3.63000e-06 1.16265e+12
3.65000e-06 1.13648e+12
3.67000e-06 1.11512e+12
3.69000e-06 1.08666e+12
3.71000e-06 1.06718e+12
3.73000e-06 1.02026e+12
3.75000e-06 9.87282e+11
3.77000e-06 1.00353e+12
3.79000e-06 9.86170e+11
3.81000e-06 9.57962e+11
3.83000e-06 9.39894e+11
3.85000e-06 9.29086e+11
3.87000e-06 9.11031e+11
3.89000e-06 8.87696e+11
3.91000e-06 8.59639e+11
3.93000e-06 8.55887e+11
3.95000e-06 8.42896e+11
3.97000e-06 8.26967e+11
3.99000e-06 8.10817e+11
4.01000e-06 7.81687e+11
4.03000e-06 7.63185e+11
4.05000e-06 7.29574e+11
4.07000e-06 7.45210e+11
4.09000e-06 7.35778e+11
4.11000e-06 7.22345e+11
4.13000e-06 7.08121e+11
4.15000e-06 6.90441e+11
4.17000e-06 6.60782e+11
4.19000e-06 6.64468e+11
4.21000e-06 6.57022e+11
4.23000e-06 6.45560e+11
4.25000e-06 6.33783e+11
4.27000e-06 6.22260e+11
4.29000e-06 6.11007e+11
4.31000e-06 5.99995e+11
4.33000e-06 5.89241e+11
4.35000e-06 5.76031e+11
4.37000e-06 5.49484e+11
4.39000e-06 5.49337e+11
4.41000e-06 5.47407e+11
4.43000e-06 5.38924e+11
4.45000e-06 5.29525e+11
4.47000e-06 5.21988e+11
4.49000e-06 5.12938e+11
4.51000e-06 5.04101e+11
4.53000e-06 4.95382e+11
4.55000e-06 4.86961e+11
4.57000e-06 4.78649e+11
4.59000e-06 4.70517e+11
4.61000e-06 4.61906e+11
4.63000e-06 4.51369e+11
4.65000e-06 4.23520e+11
4.67000e-06 4.18570e+11
4.69000e-06 4.26620e+11
4.71000e-06 4.24142e+11
4.73000e-06 4.18307e+11
4.75000e-06 4.11402e+11
4.77000e-06 4.04714e+11
4.79000e-06 3.98140e+11
4.81000e-06 3.91693e+11
4.83000e-06 3.85372e+11
4.85000e-06 3.79173e+11
4.87000e-06 3.73110e+11
4.89000e-06 3.67166e+11
4.91000e-06 3.61321e+11
4.93000e-06 3.55605e+11
4.95000e-06 3.50016e+11
4.97000e-06 3.44520e+11
4.99000e-06 3.39132e+11
5.01000e-06 3.33848e+11
5.03000e-06 3.28652e+11
5.05000e-06 3.23587e+11
5.07000e-06 3.18606e+11
5.09000e-06 3.13112e+11
5.11000e-06 3.05284e+11
5.13000e-06 2.89452e+11
5.15000e-06 2.96953e+11
5.17000e-06 2.94730e+11
5.19000e-06 2.90645e+11
5.21000e-06 2.86294e+11
5.23000e-06 2.82015e+11
5.25000e-06 2.77820e+11
5.27000e-06 2.73694e+11
5.29000e-06 2.69663e+11
5.31000e-06 2.65685e+11
5.33000e-06 2.61799e+11
5.35000e-06 2.57976e+11
5.37000e-06 2.54216e+11
5.39000e-06 2.50530e+11
5.41000e-06 2.46905e+11
5.43000e-06 2.43352e+11
5.45000e-06 2.39857e+11
5.47000e-06 2.36432e+11
5.49000e-06 2.33062e+11
5.51000e-06 2.29760e+11
5.53000e-06 2.26512e+11
5.55000e-06 2.23317e+11
5.57000e-06 2.20174e+11
5.59000e-06 2.17094e+11
5.61000e-06 2.14065e+11
5.63000e-06 2.11097e+11
5.65000e-06 2.08165e+11
5.67000e-06 2.05293e+11
5.69000e-06 2.02468e+11
5.71000e-06 1.99700e+11
5.73000e-06 1.96966e+11
5.75000e-06 1.94288e+11
5.77000e-06 1.91653e+11
5.79000e-06 1.89050e+11
5.81000e-06 1.86512e+11
5.83000e-06 1.84004e+11
5.85000e-06 1.81846e+11
5.87000e-06 1.78925e+11
5.89000e-06 1.74671e+11
5.91000e-06 1.65650e+11
5.93000e-06 1.70748e+11
5.95000e-06 1.69804e+11
5.97000e-06 1.67876e+11
5.99000e-06 1.65675e+11
6.01000e-06 1.63521e+11
6.03000e-06 1.61391e+11
6.05000e-06 1.59297e+11
6.07000e-06 1.57236e+11
6.09000e-06 1.55220e+11
6.11000e-06 1.53227e+11
6.13000e-06 1.51266e+11
6.15000e-06 1.49338e+11
6.17000e-06 1.47431e+11
6.19000e-06 1.45565e+11
6.21000e-06 1.43730e+11
6.23000e-06 1.41916e+11
6.25000e-06 1.40132e+11
6.27000e-06 1.38377e+11
6.29000e-06 1.36651e+11
6.31000e-06 1.34953e+11
6.33000e-06 1.33284e+11
6.35000e-06 1.31633e+11
6.37000e-06 1.30009e+11
6.39000e-06 1.28412e+11
6.42000e-06 1.26063e+11
6.46000e-06 1.23017e+11
6.50000e-06 1.20054e+11
6.54000e-06 1.17181e+11
6.58000e-06 1.14395e+11
6.62000e-06 1.11692e+11
6.66000e-06 1.09072e+11
6.70000e-06 1.06524e+11
6.74000e-06 1.04052e+11
6.78000e-06 1.01648e+11
6.82000e-06 9.93169e+10
6.86000e-06 9.70413e+10
6.90000e-06 9.48433e+10
6.94000e-06 9.27050e+10
6.98000e-06 9.06249e+10
7.02000e-06 8.86013e+10
7.06000e-06 8.66327e+10
7.10000e-06 8.47251e+10
7.14000e-06 8.28621e+10
7.18000e-06 8.10499e+10
7.22000e-06 7.92943e+10
7.26000e-06 7.75796e+10
7.30000e-06 7.59116e+10
7.34000e-06 7.42894e+10
7.38000e-06 7.27115e+10
7.42000e-06 7.09444e+10
7.46000e-06 6.73946e+10
7.50000e-06 6.57949e+10
7.54000e-06 6.65174e+10
7.58000e-06 6.54251e+10
7.62000e-06 6.40802e+10
7.66000e-06 6.27681e+10
7.70000e-06 6.14899e+10
7.74000e-06 6.02428e+10
7.78000e-06 5.90287e+10
7.82000e-06 5.78442e+10
7.86000e-06 5.66892e+10
7.90000e-06 5.55631e+10
7.94000e-06 5.44644e+10
7.98000e-06 5.33927e+10
8.02000e-06 5.23478e+10
8.06000e-06 5.13278e+10
8.10000e-06 5.03324e+10
8.14000e-06 4.93613e+10
8.18000e-06 4.84136e+10
8.22000e-06 4.74880e+10
8.26000e-06 4.65847e+10
8.30000e-06 4.57026e+10
8.34000e-06 4.48411e+10
8.38000e-06 4.39999e+10
8.42000e-06 4.31785e+10
8.46000e-06 4.23764e+10
8.50000e-06 4.15926e+10
8.54000e-06 4.08268e+10
8.58000e-06 4.00786e+10
8.62000e-06 3.93470e+10
8.66000e-06 3.86327e+10
8.70000e-06 3.79338e+10
8.74000e-06 3.72511e+10
8.78000e-06 3.65835e+10
8.82000e-06 3.59304e+10
8.86000e-06 3.52924e+10
8.90000e-06 3.46681e+10
8.94000e-06 3.40579e+10
8.98000e-06 3.34604e+10
9.02000e-06 3.28762e+10
9.06000e-06 3.23048e+10
9.10000e-06 3.17457e+10
9.14000e-06 3.11988e+10
9.18000e-06 3.06633e+10
9.22000e-06 3.01394e+10
9.26000e-06 2.96266e+10
9.30000e-06 2.91248e+10
9.34000e-06 2.86332e+10
9.38000e-06 2.81523e+10
9.42000e-06 2.76811e+10
9.46000e-06 2.72198e+10
9.50000e-06 2.67681e+10
9.54000e-06 2.63256e+10
9.58000e-06 2.58927e+10
9.62000e-06 2.54682e+10
9.66000e-06 2.50522e+10
9.70000e-06 2.46450e+10
9.74000e-06 2.42461e+10
9.78000e-06 2.38547e+10
9.82000e-06 2.34717e+10
9.86000e-06 2.30960e+10
9.90000e-06 2.27280e+10
9.94000e-06 2.23674e+10
9.98000e-06 2.20137e+10
1.00200e-05 2.16668e+10
2.00000e-05 1.37667e+09
4.00000e-05 8.51505e+07
6.00000e-05 1.66337e+07
8.00000e-05 5.21248e+06
1.00000e-04 2.11764e+06
1.20000e-04 1.01406e+06
1.40000e-04 5.44010e+05
1.60000e-04 3.17160e+05
