9.09000e-09 0.00000e+00
9.35000e-09 0.00000e+00
9.61000e-09 0.00000e+00
9.77000e-09 0.00000e+00
9.96000e-09 0.00000e+00
1.02000e-08 0.00000e+00
1.03800e-08 0.00000e+00
1.05600e-08 0.00000e+00
1.07700e-08 0.00000e+00
1.10400e-08 0.00000e+00
1.14000e-08 0.00000e+00
1.17800e-08 0.00000e+00
1.21300e-08 0.00000e+00
1.24800e-08 0.00000e+00
1.27100e-08 0.00000e+00
1.28400e-08 0.00000e+00
1.30500e-08 0.00000e+00
1.32400e-08 0.00000e+00
1.33900e-08 0.00000e+00
1.36600e-08 0.00000e+00
1.39800e-08 0.00000e+00
1.43300e-08 0.00000e+00
1.47200e-08 0.00000e+00
1.51000e-08 0.00000e+00
1.55200e-08 0.00000e+00
1.58800e-08 0.00000e+00
1.62000e-08 0.00000e+00
1.66000e-08 0.00000e+00
1.70300e-08 0.00000e+00
1.73400e-08 0.00000e+00
1.76800e-08 0.00000e+00
1.80200e-08 0.00000e+00
1.81700e-08 0.00000e+00
1.86100e-08 0.00000e+00
1.91000e-08 0.00000e+00
1.93900e-08 0.00000e+00
1.98400e-08 0.00000e+00
2.01800e-08 0.00000e+00
2.05000e-08 0.00000e+00
2.10500e-08 0.00000e+00
2.16200e-08 0.00000e+00
2.19800e-08 0.00000e+00
2.23000e-08 0.00000e+00
2.26800e-08 0.00000e+00
2.30000e-08 0.00000e+00
2.34000e-08 0.00000e+00
2.40000e-08 0.00000e+00
2.46500e-08 0.00000e+00
2.52400e-08 0.00000e+00
2.56800e-08 0.00000e+00
2.60000e-08 0.00000e+00
2.64000e-08 0.00000e+00
2.68500e-08 0.00000e+00
2.73500e-08 0.00000e+00
2.78500e-08 0.00000e+00
2.84000e-08 0.00000e+00
2.90000e-08 0.00000e+00
2.96000e-08 0.00000e+00
3.01000e-08 0.00000e+00
3.08000e-08 0.00000e+00
3.18000e-08 0.00000e+00
3.28000e-08 0.00000e+00
3.38000e-08 0.00000e+00
3.48000e-08 0.00000e+00
3.57000e-08 0.00000e+00
3.66000e-08 0.00000e+00
3.75000e-08 0.00000e+00
3.85000e-08 0.00000e+00
3.95000e-08 0.00000e+00
4.05000e-08 0.00000e+00
4.14000e-08 0.00000e+00
4.22000e-08 0.00000e+00
4.30000e-08 0.00000e+00
4.41000e-08 0.00000e+00
4.51000e-08 0.00000e+00
4.60000e-08 0.00000e+00
4.70000e-08 0.00000e+00
4.80000e-08 0.00000e+00
4.90000e-08 0.00000e+00
5.00000e-08 0.00000e+00
5.06000e-08 0.00000e+00
5.12000e-08 0.00000e+00
5.20000e-08 0.00000e+00
5.30000e-08 0.00000e+00
5.40000e-08 0.00000e+00
5.50000e-08 0.00000e+00
5.60000e-08 0.00000e+00
5.70000e-08 0.00000e+00
5.80000e-08 0.00000e+00
5.90000e-08 0.00000e+00
6.00000e-08 0.00000e+00
6.10000e-08 0.00000e+00
6.20000e-08 0.00000e+00
6.30000e-08 0.00000e+00
6.40000e-08 0.00000e+00
6.50000e-08 0.00000e+00
6.58000e-08 0.00000e+00
6.65000e-08 0.00000e+00
6.75000e-08 0.00000e+00
6.85000e-08 0.00000e+00
6.95000e-08 0.00000e+00
7.05000e-08 0.00000e+00
7.16000e-08 0.00000e+00
7.26000e-08 0.00000e+00
7.35000e-08 0.00000e+00
7.45000e-08 0.00000e+00
7.55000e-08 0.00000e+00
7.65000e-08 0.00000e+00
7.75000e-08 0.00000e+00
7.85000e-08 0.00000e+00
7.95000e-08 0.00000e+00
8.05000e-08 0.00000e+00
8.15000e-08 0.00000e+00
8.25000e-08 0.00000e+00
8.35000e-08 0.00000e+00
8.45000e-08 0.00000e+00
8.55000e-08 0.00000e+00
8.65000e-08 0.00000e+00
8.75000e-08 0.00000e+00
8.85000e-08 0.00000e+00
8.95000e-08 0.00000e+00
9.05000e-08 0.00000e+00
9.15000e-08 0.00000e+00
9.25000e-08 8.12835e+00
9.35000e-08 1.14404e+01
9.45000e-08 1.73397e+01
9.55000e-08 2.66583e+01
9.65000e-08 4.03587e+01
9.75000e-08 5.52399e+01
9.85000e-08 8.01745e+01
9.95000e-08 1.11859e+02
1.00500e-07 1.68872e+02
1.01500e-07 2.35785e+02
1.02500e-07 2.75427e+02
1.03500e-07 4.61547e+02
1.04500e-07 6.52708e+02
1.05500e-07 8.36370e+02
1.06500e-07 1.16906e+03
1.07500e-07 1.59211e+03
1.08500e-07 2.16071e+03
1.09500e-07 2.72365e+03
1.10500e-07 5.00291e+03
1.11500e-07 7.06992e+03
1.12500e-07 9.97560e+03
1.13500e-07 1.44194e+04
1.14500e-07 1.92853e+04
1.15500e-07 2.40171e+04
1.16500e-07 3.19654e+04
1.17500e-07 4.17681e+04
1.18500e-07 4.93937e+04
1.19500e-07 5.17890e+04
1.20500e-07 5.89734e+04
1.21500e-07 3.24128e+04
1.22500e-07 8.63056e+04
1.23500e-07 1.40000e+05
1.24500e-07 1.78878e+05
1.25500e-07 2.13274e+05
1.26500e-07 2.48019e+05
1.27500e-07 3.01732e+05
1.28500e-07 3.40448e+05
1.29500e-07 4.19227e+05
1.30500e-07 4.66294e+05
1.31500e-07 5.82124e+05
1.32500e-07 6.31824e+05
1.33500e-07 7.35166e+05
1.34500e-07 8.85877e+05
1.35500e-07 1.06408e+06
1.36500e-07 1.19595e+06
1.37500e-07 1.36566e+06
1.38500e-07 1.57529e+06
1.39500e-07 1.82919e+06
1.40500e-07 2.22963e+06
1.41500e-07 2.61951e+06
1.42500e-07 3.08991e+06
1.43500e-07 3.70414e+06
1.44200e-07 4.51798e+06
1.44700e-07 4.43787e+06
1.45500e-07 5.13127e+06
1.46500e-07 6.42288e+06
1.47500e-07 7.48985e+06
1.48500e-07 8.37162e+06
1.49500e-07 1.04130e+07
1.50500e-07 1.26046e+07
1.51200e-07 1.13319e+07
1.51700e-07 1.33504e+07
1.52500e-07 2.93900e+07
1.53500e-07 4.90678e+07
1.54500e-07 4.15993e+07
1.55500e-07 6.90292e+07
1.56500e-07 6.60087e+07
1.57500e-07 1.34822e+08
1.58500e-07 1.64490e+08
1.59500e-07 1.94909e+08
1.60500e-07 2.08998e+08
1.61500e-07 2.29023e+08
1.62500e-07 2.59212e+08
1.63500e-07 3.15691e+08
1.64500e-07 4.55497e+08
1.65500e-07 3.15466e+08
1.66500e-07 5.45304e+08
1.67200e-07 3.84050e+08
1.67700e-07 1.48170e+09
1.68500e-07 1.66868e+09
1.69500e-07 2.11140e+09
1.70500e-07 2.27203e+09
1.71500e-07 2.12777e+09
1.72500e-07 2.83774e+09
1.73500e-07 3.39683e+09
1.74500e-07 4.76347e+09
1.75500e-07 6.40693e+09
1.76500e-07 6.12799e+09
1.77500e-07 6.52846e+09
1.78500e-07 8.81766e+09
1.79500e-07 1.02403e+10
1.80500e-07 1.16036e+10
1.81500e-07 1.09597e+10
1.82500e-07 1.41649e+10
1.83500e-07 1.47225e+10
1.84500e-07 1.14081e+10
1.85500e-07 1.61366e+10
1.86500e-07 1.89945e+10
1.87500e-07 2.07063e+10
1.88500e-07 2.23691e+10
1.89500e-07 2.96514e+10
1.90500e-07 2.89994e+10
1.91500e-07 3.28794e+10
1.92500e-07 3.39407e+10
1.93500e-07 2.41982e+10
1.94500e-07 4.34218e+10
1.95500e-07 4.64947e+10
1.96700e-07 5.98539e+10
1.97600e-07 5.93649e+10
1.98400e-07 6.67466e+10
1.99500e-07 6.84642e+10
2.00500e-07 6.74821e+10
2.01500e-07 7.57233e+10
2.02500e-07 6.23137e+10
2.03500e-07 8.51132e+10
2.04500e-07 9.80196e+10
2.05500e-07 1.04535e+11
2.06500e-07 1.05283e+11
2.07400e-07 1.13331e+11
2.07800e-07 2.86172e+11
2.08500e-07 3.72057e+11
2.09500e-07 3.45965e+11
2.10500e-07 3.58483e+11
2.11500e-07 4.42714e+11
2.12500e-07 4.03384e+11
2.13500e-07 4.27293e+11
2.14500e-07 5.51763e+11
2.15500e-07 4.89066e+11
2.16500e-07 4.42740e+11
2.17500e-07 4.20903e+11
2.18500e-07 6.32994e+11
2.19500e-07 5.95259e+11
2.20500e-07 6.30280e+11
2.21500e-07 4.79330e+11
2.22500e-07 6.41213e+11
2.23500e-07 9.60148e+11
2.24500e-07 9.27246e+11
2.25500e-07 6.86624e+11
2.26500e-07 5.51287e+11
2.27500e-07 5.88553e+11
2.28500e-07 1.02502e+12
2.29500e-07 7.71267e+11
2.30500e-07 9.86032e+11
2.31500e-07 8.65973e+11
2.32500e-07 8.04040e+11
2.33500e-07 7.89636e+11
2.34500e-07 5.13129e+11
2.35500e-07 9.50381e+11
2.36500e-07 6.08739e+11
2.37500e-07 7.74416e+11
2.38500e-07 5.06864e+11
2.39500e-07 6.34462e+11
2.40500e-07 6.88455e+11
2.41500e-07 6.90646e+11
2.42500e-07 1.25025e+12
2.43500e-07 1.31492e+12
2.44500e-07 1.66037e+12
2.45500e-07 1.83801e+12
2.46500e-07 1.35217e+12
2.47500e-07 1.15111e+12
2.48500e-07 4.73864e+11
2.49500e-07 7.39115e+11
2.50500e-07 1.27007e+12
2.51300e-07 5.83305e+11
2.51800e-07 4.05820e+11
2.52500e-07 4.70692e+11
2.53500e-07 1.08314e+12
2.54500e-07 1.09372e+12
2.55500e-07 2.99814e+12
2.56500e-07 2.01918e+12
2.57500e-07 2.99816e+12
2.58500e-07 2.62287e+12
2.59500e-07 2.38228e+12
2.60500e-07 2.02838e+12
2.61500e-07 1.78718e+12
2.62500e-07 2.56487e+12
2.63500e-07 5.54253e+12
2.64500e-07 7.34234e+12
2.65500e-07 1.22067e+13
2.66500e-07 6.57905e+12
2.67500e-07 7.62924e+12
2.68500e-07 9.70878e+12
2.69500e-07 5.92040e+12
2.70500e-07 8.03143e+12
2.71500e-07 5.22122e+12
2.72500e-07 3.03540e+12
2.73500e-07 4.69373e+12
2.74500e-07 2.72850e+12
2.75500e-07 4.12918e+12
2.76500e-07 5.77029e+12
2.77500e-07 5.85646e+12
2.78500e-07 3.21780e+12
2.79500e-07 1.38534e+12
2.80500e-07 1.73253e+12
2.81500e-07 5.05272e+12
2.82500e-07 7.43205e+12
2.83500e-07 6.08274e+12
2.84500e-07 3.15952e+12
2.85500e-07 1.58544e+12
2.86500e-07 4.88249e+12
2.87500e-07 9.82023e+12
2.88500e-07 9.10954e+12
2.89500e-07 1.34703e+13
2.91000e-07 1.94138e+13
2.93000e-07 1.63047e+13
2.95000e-07 1.42558e+13
2.97000e-07 1.44382e+13
2.99000e-07 1.48735e+13
3.01000e-07 1.39617e+13
3.03000e-07 1.60279e+13
3.05000e-07 1.67636e+13
3.07000e-07 1.96689e+13
3.09000e-07 1.78696e+13
3.11000e-07 2.26367e+13
3.13000e-07 2.03664e+13
3.15000e-07 1.98778e+13
3.17000e-07 2.20814e+13
3.19000e-07 1.89581e+13
3.21000e-07 2.09097e+13
3.23000e-07 1.71782e+13
3.25000e-07 2.59166e+13
3.27000e-07 3.10861e+13
3.29000e-07 2.98308e+13
3.31000e-07 2.72976e+13
3.33000e-07 2.84485e+13
3.35000e-07 2.73129e+13
3.37000e-07 1.90092e+13
3.39000e-07 2.23496e+13
3.41000e-07 2.25430e+13
3.43000e-07 2.39099e+13
3.45000e-07 2.53597e+13
3.47000e-07 2.68751e+13
3.49000e-07 3.09578e+13
3.51000e-07 3.28719e+13
3.53000e-07 2.91313e+13
3.55000e-07 3.40545e+13
3.57000e-07 2.19262e+13
3.59000e-07 2.23011e+13
3.61000e-07 2.92692e+13
3.63000e-07 2.97796e+13
3.64000e-07 3.10606e+13
3.65000e-07 3.58534e+13
3.67000e-07 3.81572e+13
3.69000e-07 3.40815e+13
3.71000e-07 3.62851e+13
3.73000e-07 2.28447e+13
3.75000e-07 2.65725e+13
3.77000e-07 3.49273e+13
3.79000e-07 3.56376e+13
3.81000e-07 3.26717e+13
3.83000e-07 1.64567e+13
3.85000e-07 2.41750e+13
3.87000e-07 2.34549e+13
3.89000e-07 3.19467e+13
3.91000e-07 3.92080e+13
3.93000e-07 1.94974e+13
3.95000e-07 3.44967e+13
3.97000e-07 2.42040e+13
3.99000e-07 5.01294e+13
4.01000e-07 5.33722e+13
4.03000e-07 5.35419e+13
4.05000e-07 5.08600e+13
4.07000e-07 4.82190e+13
4.09000e-07 5.83830e+13
4.11000e-07 5.75485e+13
4.13000e-07 5.58639e+13
4.15000e-07 5.50314e+13
4.17000e-07 5.65522e+13
4.19000e-07 5.29192e+13
4.21000e-07 5.41924e+13
4.23000e-07 5.16704e+13
4.25000e-07 5.22114e+13
4.27000e-07 4.83060e+13
4.29000e-07 4.44074e+13
4.31000e-07 3.66588e+13
4.33000e-07 5.62235e+13
4.35000e-07 5.45908e+13
4.37000e-07 5.94542e+13
4.39000e-07 5.30376e+13
4.41000e-07 5.75805e+13
4.43000e-07 6.29148e+13
4.45000e-07 6.20709e+13
4.47000e-07 6.63057e+13
4.49000e-07 6.71590e+13
4.51000e-07 7.51012e+13
4.53000e-07 6.70852e+13
4.55000e-07 6.99051e+13
4.57000e-07 7.43994e+13
4.59000e-07 6.99920e+13
4.61000e-07 7.14848e+13
4.63000e-07 7.04714e+13
4.65000e-07 7.11314e+13
4.67000e-07 7.34774e+13
4.69000e-07 7.19255e+13
4.71000e-07 6.99319e+13
4.73000e-07 7.28442e+13
4.75000e-07 7.42424e+13
4.77000e-07 7.45897e+13
4.79000e-07 7.42982e+13
4.81000e-07 7.32631e+13
4.83000e-07 7.48991e+13
4.85000e-07 7.03988e+13
4.87000e-07 6.31312e+13
4.89000e-07 7.02979e+13
4.91000e-07 7.04827e+13
4.93000e-07 6.89061e+13
4.95000e-07 7.21373e+13
4.97000e-07 7.25889e+13
4.99000e-07 6.74103e+13
5.01000e-07 6.45287e+13
5.03000e-07 6.82930e+13
5.05000e-07 6.84504e+13
5.07000e-07 7.15959e+13
5.09000e-07 6.83486e+13
5.11000e-07 6.95287e+13
5.13000e-07 6.78023e+13
5.15000e-07 6.49785e+13
5.17000e-07 5.73421e+13
5.19000e-07 5.88632e+13
5.21000e-07 6.58693e+13
5.23000e-07 6.71900e+13
5.25000e-07 7.00961e+13
5.27000e-07 6.11998e+13
5.29000e-07 6.95745e+13
5.31000e-07 7.26683e+13
5.33000e-07 6.47110e+13
5.35000e-07 7.02168e+13
5.37000e-07 6.94688e+13
5.39000e-07 6.86676e+13
5.41000e-07 6.63691e+13
5.43000e-07 6.81925e+13
5.45000e-07 7.00469e+13
5.47000e-07 6.89275e+13
5.49000e-07 6.94912e+13
5.51000e-07 6.86774e+13
5.53000e-07 6.93383e+13
5.55000e-07 7.01151e+13
5.57000e-07 6.80448e+13
5.59000e-07 6.66100e+13
5.61000e-07 6.89824e+13
5.63000e-07 6.89187e+13
5.65000e-07 6.92424e+13
5.67000e-07 6.75595e+13
5.69000e-07 6.85853e+13
5.71000e-07 6.69930e+13
5.73000e-07 7.13717e+13
5.75000e-07 6.89253e+13
5.77000e-07 6.95414e+13
5.79000e-07 6.75953e+13
5.81000e-07 6.91508e+13
5.83000e-07 7.02732e+13
5.85000e-07 6.85584e+13
5.87000e-07 6.86857e+13
5.89000e-07 6.35364e+13
5.91000e-07 6.77526e+13
5.93000e-07 6.76510e+13
5.95000e-07 6.77875e+13
5.97000e-07 6.80614e+13
5.99000e-07 6.72422e+13
6.01000e-07 6.60184e+13
6.03000e-07 6.65458e+13
6.05000e-07 6.77235e+13
6.07000e-07 6.70837e+13
6.09000e-07 6.53019e+13
6.11000e-07 6.49145e+13
6.13000e-07 6.22599e+13
6.15000e-07 6.35907e+13
6.17000e-07 6.12138e+13
6.19000e-07 6.45295e+13
6.21000e-07 6.45238e+13
6.23000e-07 6.26863e+13
6.25000e-07 6.09838e+13
6.27000e-07 6.34578e+13
6.29000e-07 6.36528e+13
6.31000e-07 6.18468e+13
6.33000e-07 6.21420e+13
6.35000e-07 6.23052e+13
6.37000e-07 6.19415e+13
6.39000e-07 6.23229e+13
6.41000e-07 6.06868e+13
6.43000e-07 6.14151e+13
6.45000e-07 6.07061e+13
6.47000e-07 6.02513e+13
6.49000e-07 5.94118e+13
6.51000e-07 6.06901e+13
6.53000e-07 6.05707e+13
6.55000e-07 5.83002e+13
6.56125e-07 5.22973e+13
6.59000e-07 5.89297e+13
6.61000e-07 5.99851e+13
6.63000e-07 5.94661e+13
6.65000e-07 5.93287e+13
6.67000e-07 5.85035e+13
6.69000e-07 5.94513e+13
6.71000e-07 5.79419e+13
6.73000e-07 5.87717e+13
6.75000e-07 5.80651e+13
6.77000e-07 5.81072e+13
6.79000e-07 5.76559e+13
6.81000e-07 5.73137e+13
6.83000e-07 5.75826e+13
6.85000e-07 5.61091e+13
6.87000e-07 5.67496e+13
6.89000e-07 5.68459e+13
6.91000e-07 5.62901e+13
6.93000e-07 5.60692e+13
6.95000e-07 5.57400e+13
6.97000e-07 5.56687e+13
6.99000e-07 5.54215e+13
7.01000e-07 5.38354e+13
7.03000e-07 5.45678e+13
7.05000e-07 5.47156e+13
7.07000e-07 5.40877e+13
7.09000e-07 5.37800e+13
7.11000e-07 5.39764e+13
7.13000e-07 5.29871e+13
7.15000e-07 5.26063e+13
7.17000e-07 5.26584e+13
7.19000e-07 5.10920e+13
7.21000e-07 5.20837e+13
7.23000e-07 5.21952e+13
7.25000e-07 5.22646e+13
7.27000e-07 5.20123e+13
7.29000e-07 5.05130e+13
7.31000e-07 5.12451e+13
7.33000e-07 5.10619e+13
7.35000e-07 5.10801e+13
7.37000e-07 5.11098e+13
7.39000e-07 4.97560e+13
7.41000e-07 4.86007e+13
7.43000e-07 4.96756e+13
7.45000e-07 4.96821e+13
7.47000e-07 4.99342e+13
7.49000e-07 4.94342e+13
7.51000e-07 4.93416e+13
7.53000e-07 4.93934e+13
7.55000e-07 4.94189e+13
7.57000e-07 4.88998e+13
7.59000e-07 4.86391e+13
7.61000e-07 4.83838e+13
7.63000e-07 4.84236e+13
7.65000e-07 4.83459e+13
7.67000e-07 4.68460e+13
7.69000e-07 4.79245e+13
7.71000e-07 4.71622e+13
7.73000e-07 4.71959e+13
7.75000e-07 4.65242e+13
7.77000e-07 4.72391e+13
7.79000e-07 4.70614e+13
7.81000e-07 4.67484e+13
7.83000e-07 4.61775e+13
7.85000e-07 4.59553e+13
7.87000e-07 4.63413e+13
7.89000e-07 4.59886e+13
7.91000e-07 4.52313e+13
7.93000e-07 4.44547e+13
7.95000e-07 4.42933e+13
7.97000e-07 4.50647e+13
7.99000e-07 4.50140e+13
8.01000e-07 4.42957e+13
8.03000e-07 4.42471e+13
8.05000e-07 4.38054e+13
8.07000e-07 4.40230e+13
8.09000e-07 4.31126e+13
8.11000e-07 4.34621e+13
8.13000e-07 4.35460e+13
8.15000e-07 4.32384e+13
8.17000e-07 4.31038e+13
8.19000e-07 4.17247e+13
8.21000e-07 4.18548e+13
8.23000e-07 4.17256e+13
8.25000e-07 4.20350e+13
8.27000e-07 4.23271e+13
8.29000e-07 4.20376e+13
8.31000e-07 4.11617e+13
8.33000e-07 4.08432e+13
8.35000e-07 4.10082e+13
8.37000e-07 4.11077e+13
8.39000e-07 4.01354e+13
8.41000e-07 4.08438e+13
8.43000e-07 3.99807e+13
8.45000e-07 4.03114e+13
8.47000e-07 3.98597e+13
8.49000e-07 4.00438e+13
8.51000e-07 3.83258e+13
8.53000e-07 3.98555e+13
8.55000e-07 3.76017e+13
8.57000e-07 3.98423e+13
8.59000e-07 3.89014e+13
8.61000e-07 3.87783e+13
8.63000e-07 3.91233e+13
8.65000e-07 3.90906e+13
8.67000e-07 3.62868e+13
8.69000e-07 3.76406e+13
8.71000e-07 3.81120e+13
8.73000e-07 3.80789e+13
8.75000e-07 3.73780e+13
8.77000e-07 3.79743e+13
8.79000e-07 3.75696e+13
8.81000e-07 3.65542e+13
8.83000e-07 3.71546e+13
8.85000e-07 3.71947e+13
8.87000e-07 3.62079e+13
8.89000e-07 3.71053e+13
8.91000e-07 3.71790e+13
8.93000e-07 3.63659e+13
8.95000e-07 3.62962e+13
8.97000e-07 3.63307e+13
8.99000e-07 3.63487e+13
9.01000e-07 3.46798e+13
9.03000e-07 3.57871e+13
9.05000e-07 3.62786e+13
9.07000e-07 3.56151e+13
9.09000e-07 3.46219e+13
9.11000e-07 3.49090e+13
9.13000e-07 3.53998e+13
9.15000e-07 3.51930e+13
9.17000e-07 3.50598e+13
9.19000e-07 3.52451e+13
9.21000e-07 3.43642e+13
9.23000e-07 3.38612e+13
9.25000e-07 3.39430e+13
9.27000e-07 3.42097e+13
9.29000e-07 3.41953e+13
9.31000e-07 3.42606e+13
9.33000e-07 3.39689e+13
9.35000e-07 3.38147e+13
9.37000e-07 3.35285e+13
9.39000e-07 3.36135e+13
9.41000e-07 3.23200e+13
9.43000e-07 3.32642e+13
9.45000e-07 3.26476e+13
9.47000e-07 3.30930e+13
9.49000e-07 3.31168e+13
9.51000e-07 3.28002e+13
9.53000e-07 3.25979e+13
9.55000e-07 3.15990e+13
9.57000e-07 3.21076e+13
9.59000e-07 3.24060e+13
9.61000e-07 3.19967e+13
9.63000e-07 3.16770e+13
9.65000e-07 3.14071e+13
9.67000e-07 3.13575e+13
9.69000e-07 3.16266e+13
9.71000e-07 3.13398e+13
9.73000e-07 3.12549e+13
9.75000e-07 3.09243e+13
9.77000e-07 3.08760e+13
9.79000e-07 3.06222e+13
9.81000e-07 3.08204e+13
9.83000e-07 3.06596e+13
9.85000e-07 3.06285e+13
9.87000e-07 3.02987e+13
9.89000e-07 3.01940e+13
9.91000e-07 3.00980e+13
9.93000e-07 3.01939e+13
9.95000e-07 3.00893e+13
9.97000e-07 2.99748e+13
9.99000e-07 2.97858e+13
1.00250e-06 2.95021e+13
1.00750e-06 2.89550e+13
1.01250e-06 2.89586e+13
1.01750e-06 2.84684e+13
1.02250e-06 2.83110e+13
1.02750e-06 2.81892e+13
1.03250e-06 2.76462e+13
1.03750e-06 2.73639e+13
1.04250e-06 2.73066e+13
1.04750e-06 2.68680e+13
1.05250e-06 2.67650e+13
1.05750e-06 2.63878e+13
1.06250e-06 2.60733e+13
1.06750e-06 2.55017e+13
1.07250e-06 2.55029e+13
1.07750e-06 2.51292e+13
1.08250e-06 2.46565e+13
1.08750e-06 2.45328e+13
1.09250e-06 2.42977e+13
1.09750e-06 2.40521e+13
1.10250e-06 2.41612e+13
1.10750e-06 2.40513e+13
1.11250e-06 2.37446e+13
1.11750e-06 2.34460e+13
1.12250e-06 2.33539e+13
1.12750e-06 2.28322e+13
1.13250e-06 2.27632e+13
1.13750e-06 2.25280e+13
1.14250e-06 2.21569e+13
1.14750e-06 2.23342e+13
1.15250e-06 2.21286e+13
1.15750e-06 2.17801e+13
1.16250e-06 2.14098e+13
1.16750e-06 2.13124e+13
1.17250e-06 2.13719e+13
1.17750e-06 2.08762e+13
1.18250e-06 2.06442e+13
1.18750e-06 2.04128e+13
1.19250e-06 2.06428e+13
1.19750e-06 1.98450e+13
1.20250e-06 2.00443e+13
1.20750e-06 1.97654e+13
1.21250e-06 1.97560e+13
1.21750e-06 1.97669e+13
1.22250e-06 1.95707e+13
1.22750e-06 1.93121e+13
1.23250e-06 1.91989e+13
1.23750e-06 1.90342e+13
1.24250e-06 1.88196e+13
1.24750e-06 1.87487e+13
1.25250e-06 1.85251e+13
1.25750e-06 1.83893e+13
1.26250e-06 1.82219e+13
1.26750e-06 1.79931e+13
1.27250e-06 1.79669e+13
1.27750e-06 1.78473e+13
1.28250e-06 1.69393e+13
1.28750e-06 1.74459e+13
1.29250e-06 1.72787e+13
1.29750e-06 1.72736e+13
1.30250e-06 1.70069e+13
1.30750e-06 1.69897e+13
1.31250e-06 1.66446e+13
1.31750e-06 1.65213e+13
1.32250e-06 1.65606e+13
1.32750e-06 1.62552e+13
1.33250e-06 1.62353e+13
1.33750e-06 1.60707e+13
1.34250e-06 1.60725e+13
1.34750e-06 1.59103e+13
1.35250e-06 1.57962e+13
1.35750e-06 1.54981e+13
1.36250e-06 1.54409e+13
1.36750e-06 1.53452e+13
1.37250e-06 1.52550e+13
1.37750e-06 1.51250e+13
1.38250e-06 1.50524e+13
1.38750e-06 1.49289e+13
1.39250e-06 1.48469e+13
1.39750e-06 1.47393e+13
1.40250e-06 1.44917e+13
1.40750e-06 1.45114e+13
1.41250e-06 1.42746e+13
1.41750e-06 1.43338e+13
1.42250e-06 1.40013e+13
1.42750e-06 1.37715e+13
1.43250e-06 1.39335e+13
1.43750e-06 1.39232e+13
1.44250e-06 1.34024e+13
1.44750e-06 1.36664e+13
1.45250e-06 1.33364e+13
1.45700e-06 1.33830e+13
1.46200e-06 1.33261e+13
1.46750e-06 1.32322e+13
1.47250e-06 1.29760e+13
1.47750e-06 1.29149e+13
1.48250e-06 1.28638e+13
1.48750e-06 1.25335e+13
1.49250e-06 1.28146e+13
1.49750e-06 1.25796e+13
1.50250e-06 1.21046e+13
1.50750e-06 1.21342e+13
1.51250e-06 1.23543e+13
1.51750e-06 1.23041e+13
1.52250e-06 1.20919e+13
1.52750e-06 1.21146e+13
1.53250e-06 1.19765e+13
1.53750e-06 1.19196e+13
1.54250e-06 1.18716e+13
1.54750e-06 1.17601e+13
1.55250e-06 1.15531e+13
1.55750e-06 1.14365e+13
1.56250e-06 1.15256e+13
1.56750e-06 1.12018e+13
1.57250e-06 1.12599e+13
1.57750e-06 1.07956e+13
1.58250e-06 1.09652e+13
1.58750e-06 1.05677e+13
1.59250e-06 1.07557e+13
1.59750e-06 1.08059e+13
1.60500e-06 1.06577e+13
1.61500e-06 1.04272e+13
1.62500e-06 1.03825e+13
1.63500e-06 1.01272e+13
1.64500e-06 9.88080e+12
1.65500e-06 9.84978e+12
1.66500e-06 9.67121e+12
1.67500e-06 9.35842e+12
1.68500e-06 9.08500e+12
1.69500e-06 9.15383e+12
1.70500e-06 8.85056e+12
1.71500e-06 8.71038e+12
1.72500e-06 8.47472e+12
1.73500e-06 8.12788e+12
1.74500e-06 8.14214e+12
1.75500e-06 8.03738e+12
1.76500e-06 7.88501e+12
1.77500e-06 7.71821e+12
1.78500e-06 7.60348e+12
1.79500e-06 7.45247e+12
1.80500e-06 7.28294e+12
1.81500e-06 6.99180e+12
1.82500e-06 6.95203e+12
1.83500e-06 6.86315e+12
1.84500e-06 6.67651e+12
1.85500e-06 6.60636e+12
1.86500e-06 6.40844e+12
1.87500e-06 6.06230e+12
1.88500e-06 6.21020e+12
1.89500e-06 5.97540e+12
1.90500e-06 6.01436e+12
1.91500e-06 5.88606e+12
1.92500e-06 5.78491e+12
1.93500e-06 5.62416e+12
1.94500e-06 5.37467e+12
1.95500e-06 5.46039e+12
1.96500e-06 5.35510e+12
1.97500e-06 5.23929e+12
1.98500e-06 5.16808e+12
1.99500e-06 5.08384e+12
2.00500e-06 5.02604e+12
2.01500e-06 4.95707e+12
2.02500e-06 4.82086e+12
2.03500e-06 4.71183e+12
2.04500e-06 4.69433e+12
2.05500e-06 4.60201e+12
2.06500e-06 4.49252e+12
2.07500e-06 4.43147e+12
2.08500e-06 4.35926e+12
2.09500e-06 4.25311e+12
2.10500e-06 4.21874e+12
2.11500e-06 4.14037e+12
2.12500e-06 4.06838e+12
2.13500e-06 4.01010e+12
2.14500e-06 3.94562e+12
2.15500e-06 3.87810e+12
2.16500e-06 3.69366e+12
2.17500e-06 3.72141e+12
2.18500e-06 3.66786e+12
2.19500e-06 3.62951e+12
2.20500e-06 3.53538e+12
2.21500e-06 3.50967e+12
2.22500e-06 3.44189e+12
2.23500e-06 3.38673e+12
2.24500e-06 3.33300e+12
2.25500e-06 3.27958e+12
2.26500e-06 3.21881e+12
2.27500e-06 3.18242e+12
2.28500e-06 3.11408e+12
2.29500e-06 3.01404e+12
2.30500e-06 3.00702e+12
2.31500e-06 2.95931e+12
2.32500e-06 2.83892e+12
2.33500e-06 2.83635e+12
2.34500e-06 2.82392e+12
2.35500e-06 2.68995e+12
2.36500e-06 2.71359e+12
2.37500e-06 2.68017e+12
2.38500e-06 2.56270e+12
2.39500e-06 2.58101e+12
2.40500e-06 2.55438e+12
2.41500e-06 2.46306e+12
2.42500e-06 2.45733e+12
2.43500e-06 2.42829e+12
2.44500e-06 2.37072e+12
2.45500e-06 2.32538e+12
2.46500e-06 2.33148e+12
2.47500e-06 2.27706e+12
2.48500e-06 2.21692e+12
2.49500e-06 2.21819e+12
2.50500e-06 2.20352e+12
2.51500e-06 2.14124e+12
2.52500e-06 2.13430e+12
2.53500e-06 2.10372e+12
2.54500e-06 2.06395e+12
2.55500e-06 2.03432e+12
2.56500e-06 2.00624e+12
2.57500e-06 1.99563e+12
2.58500e-06 1.93410e+12
2.59500e-06 1.93075e+12
2.60500e-06 1.91079e+12
2.61500e-06 1.87714e+12
2.62500e-06 1.80289e+12
2.63500e-06 1.82380e+12
2.64500e-06 1.79576e+12
2.65500e-06 1.77451e+12
2.66500e-06 1.73698e+12
2.67500e-06 1.73360e+12
2.68500e-06 1.71663e+12
2.69500e-06 1.68986e+12
2.70500e-06 1.67013e+12
2.71500e-06 1.64645e+12
2.72500e-06 1.62480e+12
2.73500e-06 1.60423e+12
2.74500e-06 1.58591e+12
2.75500e-06 1.55665e+12
2.76500e-06 1.53561e+12
2.77500e-06 1.51786e+12
2.78500e-06 1.50056e+12
2.79500e-06 1.48464e+12
2.80500e-06 1.46397e+12
2.81500e-06 1.44546e+12
2.82500e-06 1.42561e+12
2.83500e-06 1.40995e+12
2.84500e-06 1.38679e+12
2.85500e-06 1.37113e+12
2.86500e-06 1.35129e+12
2.87500e-06 1.32700e+12
2.88500e-06 1.31805e+12
2.89500e-06 1.30284e+12
2.90500e-06 1.28599e+12
2.91500e-06 1.26991e+12
2.92500e-06 1.24904e+12
2.93500e-06 1.23775e+12
2.94500e-06 1.21884e+12
2.95500e-06 1.20608e+12
2.96500e-06 1.19230e+12
2.97500e-06 1.17710e+12
2.98500e-06 1.16208e+12
2.99500e-06 1.14548e+12
3.00500e-06 1.13140e+12
3.01500e-06 1.11935e+12
3.02500e-06 1.10356e+12
3.03500e-06 1.08076e+12
3.04500e-06 1.07456e+12
3.05500e-06 1.06363e+12
3.06500e-06 1.04916e+12
3.07500e-06 1.03928e+12
3.08500e-06 1.02368e+12
3.09500e-06 1.01201e+12
3.10500e-06 1.00225e+12
3.11500e-06 9.82280e+11
3.12500e-06 9.76968e+11
3.13500e-06 9.66337e+11
3.14500e-06 9.54716e+11
3.15500e-06 9.39591e+11
3.16500e-06 9.30466e+11
3.17500e-06 9.20092e+11
3.18500e-06 9.09496e+11
3.19500e-06 9.00047e+11
3.21000e-06 8.82368e+11
3.23000e-06 8.62700e+11
3.25000e-06 8.42057e+11
3.27000e-06 8.22240e+11
3.29000e-06 7.98039e+11
3.31000e-06 7.83954e+11
3.33000e-06 7.65528e+11
3.35000e-06 7.50473e+11
3.37000e-06 7.32802e+11
3.39000e-06 7.15034e+11
3.41000e-06 6.98442e+11
3.43000e-06 6.85806e+11
3.45000e-06 6.71769e+11
3.47000e-06 6.56507e+11
3.49000e-06 6.42447e+11
3.51000e-06 6.29061e+11
3.53000e-06 6.14244e+11
3.55000e-06 6.02081e+11
3.57000e-06 5.88467e+11
3.59000e-06 5.75994e+11
3.61000e-06 5.65178e+11
3.63000e-06 5.53364e+11
3.65000e-06 5.40190e+11
3.67000e-06 5.28529e+11
3.69000e-06 5.15068e+11
3.71000e-06 5.04220e+11
3.73000e-06 4.95442e+11
3.75000e-06 4.81143e+11
3.77000e-06 4.76423e+11
3.79000e-06 4.66425e+11
3.81000e-06 4.58141e+11
3.83000e-06 4.49979e+11
3.85000e-06 4.41478e+11
3.87000e-06 4.31594e+11
3.89000e-06 4.23458e+11
3.91000e-06 4.15934e+11
3.93000e-06 4.07930e+11
3.95000e-06 3.98594e+11
3.97000e-06 3.91696e+11
3.99000e-06 3.82194e+11
4.01000e-06 3.76049e+11
4.03000e-06 3.70052e+11
4.05000e-06 3.59929e+11
4.07000e-06 3.55810e+11
4.09000e-06 3.49388e+11
4.11000e-06 3.43253e+11
4.13000e-06 3.37286e+11
4.15000e-06 3.30390e+11
4.17000e-06 3.24433e+11
4.19000e-06 3.18189e+11
4.21000e-06 3.11135e+11
4.23000e-06 3.07778e+11
4.25000e-06 3.01280e+11
4.27000e-06 2.96564e+11
4.29000e-06 2.84348e+11
4.31000e-06 2.74799e+11
4.33000e-06 2.73171e+11
4.35000e-06 2.60969e+11
4.37000e-06 2.55705e+11
4.39000e-06 2.52814e+11
4.41000e-06 2.41054e+11
4.43000e-06 2.39515e+11
4.45000e-06 2.36150e+11
4.47000e-06 2.26198e+11
4.49000e-06 2.26616e+11
4.51000e-06 2.21814e+11
4.53000e-06 2.14004e+11
4.55000e-06 2.13619e+11
4.57000e-06 2.11518e+11
4.59000e-06 2.03564e+11
4.61000e-06 2.03450e+11
4.63000e-06 1.99991e+11
4.65000e-06 1.96863e+11
4.67000e-06 1.94680e+11
4.69000e-06 1.92081e+11
4.71000e-06 1.88585e+11
4.73000e-06 1.87735e+11
4.75000e-06 1.83903e+11
4.77000e-06 1.80907e+11
4.79000e-06 1.78611e+11
4.81000e-06 1.74703e+11
4.83000e-06 1.74309e+11
4.85000e-06 1.71080e+11
4.87000e-06 1.67867e+11
4.89000e-06 1.65725e+11
4.91000e-06 1.63174e+11
4.93000e-06 1.60628e+11
4.95000e-06 1.57995e+11
4.97000e-06 1.55948e+11
4.99000e-06 1.53521e+11
5.01000e-06 1.51952e+11
5.03000e-06 1.49749e+11
5.05000e-06 1.46553e+11
5.07000e-06 1.44889e+11
5.09000e-06 1.43308e+11
5.11000e-06 1.40395e+11
5.13000e-06 1.38838e+11
5.15000e-06 1.36660e+11
5.17000e-06 1.35720e+11
5.19000e-06 1.33034e+11
5.21000e-06 1.31202e+11
5.23000e-06 1.29073e+11
5.25000e-06 1.27921e+11
5.27000e-06 1.26577e+11
5.29000e-06 1.23756e+11
5.31000e-06 1.22406e+11
5.33000e-06 1.20775e+11
5.35000e-06 1.19307e+11
5.37000e-06 1.17677e+11
5.39000e-06 1.16176e+11
5.41000e-06 1.14579e+11
5.43000e-06 1.12382e+11
5.45000e-06 1.11536e+11
5.47000e-06 1.09911e+11
5.49000e-06 1.08363e+11
5.51000e-06 1.07090e+11
5.53000e-06 1.06277e+11
5.55000e-06 1.03934e+11
5.57000e-06 1.03385e+11
5.59000e-06 1.01491e+11
5.61000e-06 1.00291e+11
5.63000e-06 9.87796e+10
5.65000e-06 9.80012e+10
5.67000e-06 9.67357e+10
5.69000e-06 9.49771e+10
5.71000e-06 9.42817e+10
5.73000e-06 9.29729e+10
5.75000e-06 9.17952e+10
5.77000e-06 9.04980e+10
5.79000e-06 8.95805e+10
5.81000e-06 8.82138e+10
5.83000e-06 8.71662e+10
5.85000e-06 8.61881e+10
5.87000e-06 8.48223e+10
5.89000e-06 8.37097e+10
5.91000e-06 8.28129e+10
5.93000e-06 8.18610e+10
5.95000e-06 8.06508e+10
5.97000e-06 7.99031e+10
5.99000e-06 7.88916e+10
6.01000e-06 7.78887e+10
6.03000e-06 7.69533e+10
6.05000e-06 7.58967e+10
6.07000e-06 7.49383e+10
6.09000e-06 7.40020e+10
6.11000e-06 7.29613e+10
6.13000e-06 7.22394e+10
6.15000e-06 7.14027e+10
6.17000e-06 7.05616e+10
6.19000e-06 6.97465e+10
6.21000e-06 6.89179e+10
6.23000e-06 6.78957e+10
6.25000e-06 6.70867e+10
6.27000e-06 6.63000e+10
6.29000e-06 6.55639e+10
6.31000e-06 6.46882e+10
6.33000e-06 6.40845e+10
6.35000e-06 6.32442e+10
6.37000e-06 6.25506e+10
6.39000e-06 6.17444e+10
6.42000e-06 6.06679e+10
6.46000e-06 5.91967e+10
6.50000e-06 5.77989e+10
6.54000e-06 5.64898e+10
6.58000e-06 5.52039e+10
6.62000e-06 5.38940e+10
6.66000e-06 5.26728e+10
6.70000e-06 5.14540e+10
6.74000e-06 5.02514e+10
6.78000e-06 4.91365e+10
6.82000e-06 4.80175e+10
6.86000e-06 4.69468e+10
6.90000e-06 4.58937e+10
6.94000e-06 4.48609e+10
6.98000e-06 4.38873e+10
7.02000e-06 4.28772e+10
7.06000e-06 4.19694e+10
7.10000e-06 4.10570e+10
7.14000e-06 4.01667e+10
7.18000e-06 3.92965e+10
7.22000e-06 3.84518e+10
7.26000e-06 3.76212e+10
7.30000e-06 3.68381e+10
7.34000e-06 3.60392e+10
7.38000e-06 3.52975e+10
7.42000e-06 3.45347e+10
7.46000e-06 3.37545e+10
7.50000e-06 3.30980e+10
7.54000e-06 3.24251e+10
7.58000e-06 3.17874e+10
7.62000e-06 3.11360e+10
7.66000e-06 3.05067e+10
7.70000e-06 2.98786e+10
7.74000e-06 2.92876e+10
7.78000e-06 2.87040e+10
7.82000e-06 2.81314e+10
7.86000e-06 2.75750e+10
7.90000e-06 2.70309e+10
7.94000e-06 2.64975e+10
7.98000e-06 2.59841e+10
8.02000e-06 2.54678e+10
8.06000e-06 2.49709e+10
8.10000e-06 2.45033e+10
8.14000e-06 2.40174e+10
8.18000e-06 2.35708e+10
8.22000e-06 2.31290e+10
8.26000e-06 2.26880e+10
8.30000e-06 2.22642e+10
8.34000e-06 2.18367e+10
8.38000e-06 2.14340e+10
8.42000e-06 2.10443e+10
8.46000e-06 2.06542e+10
8.50000e-06 2.02751e+10
8.54000e-06 1.99038e+10
8.58000e-06 1.95437e+10
8.62000e-06 1.91873e+10
8.66000e-06 1.88442e+10
8.70000e-06 1.85065e+10
8.74000e-06 1.81748e+10
8.78000e-06 1.78512e+10
8.82000e-06 1.75269e+10
8.86000e-06 1.72198e+10
8.90000e-06 1.69132e+10
8.94000e-06 1.66250e+10
8.98000e-06 1.63268e+10
9.02000e-06 1.60512e+10
9.06000e-06 1.57795e+10
9.10000e-06 1.54964e+10
9.14000e-06 1.52357e+10
9.18000e-06 1.49807e+10
9.22000e-06 1.47296e+10
9.26000e-06 1.44796e+10
9.30000e-06 1.42373e+10
9.34000e-06 1.39972e+10
9.38000e-06 1.37647e+10
9.42000e-06 1.35364e+10
9.46000e-06 1.33114e+10
9.50000e-06 1.30923e+10
9.54000e-06 1.28767e+10
9.58000e-06 1.26685e+10
9.62000e-06 1.24599e+10
9.66000e-06 1.22605e+10
9.70000e-06 1.20631e+10
9.74000e-06 1.18586e+10
9.78000e-06 1.16743e+10
9.82000e-06 1.14915e+10
9.86000e-06 1.13097e+10
9.90000e-06 1.11316e+10
9.94000e-06 1.09538e+10
9.98000e-06 1.07829e+10
1.00200e-05 1.06144e+10
2.00000e-05 6.85772e+08
4.00000e-05 4.30061e+07
6.00000e-05 8.44986e+06
8.00000e-05 2.65707e+06
1.00000e-04 1.08193e+06
1.20000e-04 5.18946e+05
1.40000e-04 2.78742e+05
1.60000e-04 1.62671e+05
