9.09000e-09 0.00000e+00
9.35000e-09 0.00000e+00
9.61000e-09 0.00000e+00
9.77000e-09 0.00000e+00
9.96000e-09 0.00000e+00
1.02000e-08 0.00000e+00
1.03800e-08 0.00000e+00
1.05600e-08 0.00000e+00
1.07700e-08 0.00000e+00
1.10400e-08 0.00000e+00
1.14000e-08 0.00000e+00
1.17800e-08 0.00000e+00
1.21300e-08 0.00000e+00
1.24800e-08 0.00000e+00
1.27100e-08 0.00000e+00
1.28400e-08 0.00000e+00
1.30500e-08 0.00000e+00
1.32400e-08 0.00000e+00
1.33900e-08 0.00000e+00
1.36600e-08 0.00000e+00
1.39800e-08 0.00000e+00
1.43300e-08 0.00000e+00
1.47200e-08 0.00000e+00
1.51000e-08 0.00000e+00
1.55200e-08 0.00000e+00
1.58800e-08 0.00000e+00
1.62000e-08 0.00000e+00
1.66000e-08 0.00000e+00
1.70300e-08 0.00000e+00
1.73400e-08 0.00000e+00
1.76800e-08 0.00000e+00
1.80200e-08 0.00000e+00
1.81700e-08 0.00000e+00
1.86100e-08 0.00000e+00
1.91000e-08 0.00000e+00
1.93900e-08 0.00000e+00
1.98400e-08 0.00000e+00
2.01800e-08 0.00000e+00
2.05000e-08 0.00000e+00
2.10500e-08 0.00000e+00
2.16200e-08 0.00000e+00
2.19800e-08 0.00000e+00
2.23000e-08 0.00000e+00
2.26800e-08 0.00000e+00
2.30000e-08 0.00000e+00
2.34000e-08 0.00000e+00
2.40000e-08 0.00000e+00
2.46500e-08 0.00000e+00
2.52400e-08 0.00000e+00
2.56800e-08 0.00000e+00
2.60000e-08 0.00000e+00
2.64000e-08 0.00000e+00
2.68500e-08 0.00000e+00
2.73500e-08 0.00000e+00
2.78500e-08 0.00000e+00
2.84000e-08 0.00000e+00
2.90000e-08 0.00000e+00
2.96000e-08 0.00000e+00
3.01000e-08 0.00000e+00
3.08000e-08 0.00000e+00
3.18000e-08 0.00000e+00
3.28000e-08 0.00000e+00
3.38000e-08 0.00000e+00
3.48000e-08 0.00000e+00
3.57000e-08 0.00000e+00
3.66000e-08 0.00000e+00
3.75000e-08 0.00000e+00
3.85000e-08 0.00000e+00
3.95000e-08 0.00000e+00
4.05000e-08 0.00000e+00
4.14000e-08 0.00000e+00
4.22000e-08 0.00000e+00
4.30000e-08 0.00000e+00
4.41000e-08 0.00000e+00
4.51000e-08 0.00000e+00
4.60000e-08 0.00000e+00
4.70000e-08 0.00000e+00
4.80000e-08 0.00000e+00
4.90000e-08 0.00000e+00
5.00000e-08 0.00000e+00
5.06000e-08 2.26742e-05
5.12000e-08 4.36652e-05
5.20000e-08 8.90318e-05
5.30000e-08 2.09958e-04
5.40000e-08 4.72683e-04
5.50000e-08 1.03728e-03
5.60000e-08 2.20128e-03
5.70000e-08 4.53561e-03
5.80000e-08 9.03235e-03
5.90000e-08 1.77489e-02
6.00000e-08 3.37990e-02
6.10000e-08 6.29315e-02
6.20000e-08 1.14499e-01
6.30000e-08 2.03932e-01
6.40000e-08 3.56054e-01
6.50000e-08 6.10205e-01
6.58000e-08 9.26329e-01
6.65000e-08 1.32087e+00
6.75000e-08 2.16542e+00
6.85000e-08 3.49485e+00
6.95000e-08 5.54888e+00
7.05000e-08 8.64617e+00
7.16000e-08 1.39638e+01
7.26000e-08 2.12125e+01
7.35000e-08 3.05680e+01
7.45000e-08 4.53081e+01
7.55000e-08 6.64008e+01
7.65000e-08 9.62386e+01
7.75000e-08 1.37897e+02
7.85000e-08 1.95688e+02
7.95000e-08 2.71789e+02
8.05000e-08 3.80070e+02
8.15000e-08 5.25270e+02
8.25000e-08 7.17068e+02
8.35000e-08 9.70322e+02
8.45000e-08 1.30221e+03
8.55000e-08 1.73362e+03
8.65000e-08 2.28956e+03
8.75000e-08 2.99200e+03
8.85000e-08 3.90533e+03
8.95000e-08 5.04831e+03
9.05000e-08 6.45758e+03
9.15000e-08 3.79851e+06
9.25000e-08 1.00423e+07
9.35000e-08 1.33114e+07
9.45000e-08 1.72367e+07
9.55000e-08 2.34822e+07
9.65000e-08 3.01380e+07
9.75000e-08 3.67364e+07
9.85000e-08 4.72357e+07
9.95000e-08 5.71094e+07
1.00500e-07 7.53815e+07
1.01500e-07 9.37525e+07
1.02500e-07 1.03690e+08
1.03500e-07 1.41010e+08
1.04500e-07 1.74034e+08
1.05500e-07 2.11736e+08
1.06500e-07 2.51702e+08
1.07500e-07 3.07709e+08
1.08500e-07 3.71026e+08
1.09500e-07 4.35854e+08
1.10500e-07 1.93801e+09
1.11500e-07 3.52057e+09
1.12500e-07 4.73374e+09
1.13500e-07 6.02517e+09
1.14500e-07 7.32268e+09
1.15500e-07 7.74118e+09
1.16500e-07 1.00748e+10
1.17500e-07 1.16450e+10
1.18500e-07 1.16923e+10
1.19500e-07 7.74342e+09
1.20500e-07 7.98126e+09
1.21500e-07 2.42015e+09
1.22500e-07 9.55944e+09
1.23500e-07 1.95824e+10
1.24500e-07 4.65802e+10
1.25500e-07 7.25559e+10
1.26500e-07 7.26705e+10
1.27500e-07 1.06002e+11
1.28500e-07 1.44514e+11
1.29500e-07 1.72954e+11
1.30500e-07 1.56183e+11
1.31500e-07 2.25028e+11
1.32500e-07 2.61386e+11
1.33500e-07 2.90672e+11
1.34500e-07 3.56733e+11
1.35500e-07 3.67636e+11
1.36500e-07 4.09966e+11
1.37500e-07 4.43996e+11
1.38500e-07 4.62943e+11
1.39500e-07 5.32217e+11
1.40500e-07 5.89058e+11
1.41500e-07 6.20726e+11
1.42500e-07 6.90466e+11
1.43500e-07 7.06672e+11
1.44200e-07 8.36851e+11
1.44700e-07 9.01267e+11
1.45500e-07 1.00074e+12
1.46500e-07 9.88910e+11
1.47500e-07 1.08308e+12
1.48500e-07 1.21425e+12
1.49500e-07 1.37846e+12
1.50500e-07 1.53832e+12
1.51200e-07 1.55288e+12
1.51700e-07 1.58051e+12
1.52500e-07 3.90366e+12
1.53500e-07 6.01464e+12
1.54500e-07 8.78229e+12
1.55500e-07 8.00412e+12
1.56500e-07 7.30827e+12
1.57500e-07 1.55484e+13
1.58500e-07 1.93522e+13
1.59500e-07 2.41452e+13
1.60500e-07 2.21605e+13
1.61500e-07 2.16457e+13
1.62500e-07 1.52112e+13
1.63500e-07 2.06740e+13
1.64500e-07 3.41908e+13
1.65500e-07 1.59727e+13
1.66500e-07 3.49195e+13
1.67200e-07 1.74607e+13
1.67700e-07 1.04335e+14
1.68500e-07 1.10719e+14
1.69500e-07 7.65006e+13
1.70500e-07 8.74637e+13
1.71500e-07 1.18320e+14
1.72500e-07 1.23168e+14
1.73500e-07 1.46801e+14
1.74500e-07 1.40113e+14
1.75500e-07 1.67485e+14
1.76500e-07 1.18409e+14
1.77500e-07 1.55278e+14
1.78500e-07 1.55316e+14
1.79500e-07 2.02968e+14
1.80500e-07 1.77945e+14
1.81500e-07 1.87964e+14
1.82500e-07 1.72302e+14
1.83500e-07 1.55113e+14
1.84500e-07 1.27384e+14
1.85500e-07 1.57129e+14
1.86500e-07 1.88017e+14
1.87500e-07 1.75719e+14
1.88500e-07 1.82140e+14
1.89500e-07 2.00722e+14
1.90500e-07 1.84834e+14
1.91500e-07 2.03434e+14
1.92500e-07 1.91139e+14
1.93500e-07 1.28990e+14
1.94500e-07 2.17054e+14
1.95500e-07 2.20616e+14
1.96700e-07 2.50327e+14
1.97600e-07 2.40584e+14
1.98400e-07 2.36523e+14
1.99500e-07 2.30382e+14
2.00500e-07 2.09290e+14
2.01500e-07 2.09927e+14
2.02500e-07 1.89999e+14
2.03500e-07 2.24006e+14
2.04500e-07 2.47477e+14
2.05500e-07 2.38107e+14
2.06500e-07 2.25063e+14
2.07400e-07 2.67422e+14
2.07800e-07 2.88458e+14
2.08500e-07 2.78118e+14
2.09500e-07 2.60800e+14
2.10500e-07 2.33374e+14
2.11500e-07 2.42045e+14
2.12500e-07 2.49042e+14
2.13500e-07 2.00018e+14
2.14500e-07 2.41717e+14
2.15500e-07 2.40290e+14
2.16500e-07 2.18368e+14
2.17500e-07 2.17710e+14
2.18500e-07 2.34771e+14
2.19500e-07 2.54585e+14
2.20500e-07 2.38706e+14
2.21500e-07 2.07377e+14
2.22500e-07 2.04900e+14
2.23500e-07 2.49717e+14
2.24500e-07 2.24333e+14
2.25500e-07 2.00840e+14
2.26500e-07 2.00562e+14
2.27500e-07 2.16570e+14
2.28500e-07 2.38742e+14
2.29500e-07 2.11174e+14
2.30500e-07 2.25052e+14
2.31500e-07 2.12265e+14
2.32500e-07 1.45713e+14
2.33500e-07 1.72044e+14
2.34500e-07 1.34051e+14
2.35500e-07 2.03105e+14
2.36500e-07 1.42826e+14
2.37500e-07 1.73477e+14
2.38500e-07 1.18909e+14
2.39500e-07 1.43999e+14
2.40500e-07 1.41553e+14
2.41500e-07 1.46229e+14
2.42500e-07 1.92535e+14
2.43500e-07 1.83707e+14
2.44500e-07 2.05670e+14
2.45500e-07 2.04429e+14
2.46500e-07 2.05495e+14
2.47500e-07 1.83592e+14
2.48500e-07 1.81288e+14
2.49500e-07 1.69888e+14
2.50500e-07 2.23792e+14
2.51300e-07 1.56045e+14
2.51800e-07 1.31011e+14
2.52500e-07 1.28602e+14
2.53500e-07 1.38235e+14
2.54500e-07 1.44369e+14
2.55500e-07 1.78450e+14
2.56500e-07 1.65758e+14
2.57500e-07 1.91029e+14
2.58500e-07 1.92080e+14
2.59500e-07 1.84918e+14
2.60500e-07 1.71615e+14
2.61500e-07 1.56064e+14
2.62500e-07 2.00398e+14
2.63500e-07 2.12401e+14
2.64500e-07 2.60921e+14
2.65500e-07 2.75351e+14
2.66500e-07 2.22212e+14
2.67500e-07 2.48510e+14
2.68500e-07 2.49500e+14
2.69500e-07 2.21732e+14
2.70500e-07 2.39429e+14
2.71500e-07 2.12590e+14
2.72500e-07 2.16968e+14
2.73500e-07 2.39962e+14
2.74500e-07 1.66901e+14
2.75500e-07 1.84324e+14
2.76500e-07 1.99979e+14
2.77500e-07 2.17972e+14
2.78500e-07 1.64642e+14
2.79500e-07 7.34844e+13
2.80500e-07 9.13669e+13
2.81500e-07 2.09159e+14
2.82500e-07 2.54051e+14
2.83500e-07 2.48269e+14
2.84500e-07 2.37059e+14
2.85500e-07 2.13896e+14
2.86500e-07 2.59252e+14
2.87500e-07 2.56426e+14
2.88500e-07 2.55326e+14
2.89500e-07 2.44427e+14
2.91000e-07 2.86753e+14
2.93000e-07 2.68783e+14
2.95000e-07 2.64991e+14
2.97000e-07 2.75506e+14
2.99000e-07 2.80568e+14
3.01000e-07 2.87343e+14
3.03000e-07 2.82848e+14
3.05000e-07 2.84396e+14
3.07000e-07 2.88305e+14
3.09000e-07 2.92823e+14
3.11000e-07 2.84048e+14
3.13000e-07 2.82841e+14
3.15000e-07 2.87572e+14
3.17000e-07 2.83786e+14
3.19000e-07 2.63609e+14
3.21000e-07 2.78066e+14
3.23000e-07 2.61533e+14
3.25000e-07 2.74556e+14
3.27000e-07 2.84980e+14
3.29000e-07 2.84021e+14
3.31000e-07 2.90959e+14
3.33000e-07 2.84635e+14
3.35000e-07 2.81441e+14
3.37000e-07 2.76866e+14
3.39000e-07 2.77045e+14
3.41000e-07 2.75897e+14
3.43000e-07 2.76349e+14
3.45000e-07 2.75927e+14
3.47000e-07 2.72981e+14
3.49000e-07 2.74030e+14
3.51000e-07 2.78790e+14
3.53000e-07 2.74600e+14
3.55000e-07 2.83798e+14
3.57000e-07 2.68942e+14
3.59000e-07 2.64750e+14
3.61000e-07 2.66652e+14
3.63000e-07 2.68259e+14
3.64000e-07 2.66324e+14
3.65000e-07 2.81386e+14
3.67000e-07 2.71455e+14
3.69000e-07 2.45894e+14
3.71000e-07 2.58810e+14
3.73000e-07 2.58105e+14
3.75000e-07 3.08135e+14
3.77000e-07 3.24728e+14
3.79000e-07 3.85488e+14
3.81000e-07 4.43815e+14
3.83000e-07 3.55930e+14
3.85000e-07 4.90506e+14
3.87000e-07 5.45441e+14
3.89000e-07 3.33359e+14
3.91000e-07 5.35521e+14
3.93000e-07 3.76172e+14
3.95000e-07 4.95707e+14
3.97000e-07 2.88962e+14
3.99000e-07 5.31797e+14
4.01000e-07 6.05553e+14
4.03000e-07 6.12455e+14
4.05000e-07 6.02700e+14
4.07000e-07 5.72479e+14
4.09000e-07 4.62285e+14
4.11000e-07 3.63012e+14
4.13000e-07 5.51129e+14
4.15000e-07 5.89513e+14
4.17000e-07 5.92343e+14
4.19000e-07 5.86100e+14
4.21000e-07 5.86071e+14
4.23000e-07 5.68183e+14
4.25000e-07 5.72067e+14
4.27000e-07 5.51204e+14
4.29000e-07 5.52933e+14
4.31000e-07 5.03359e+14
4.33000e-07 4.00583e+14
4.35000e-07 3.45543e+14
4.37000e-07 5.14252e+14
4.39000e-07 5.32936e+14
4.41000e-07 5.29063e+14
4.43000e-07 5.22223e+14
4.45000e-07 5.29106e+14
4.47000e-07 5.27719e+14
4.49000e-07 5.20450e+14
4.51000e-07 5.35292e+14
4.53000e-07 5.14273e+14
4.55000e-07 5.08834e+14
4.57000e-07 5.22284e+14
4.59000e-07 5.03777e+14
4.61000e-07 5.09147e+14
4.63000e-07 4.95479e+14
4.65000e-07 4.97673e+14
4.67000e-07 4.97461e+14
4.69000e-07 4.78361e+14
4.71000e-07 4.60722e+14
4.73000e-07 4.80896e+14
4.75000e-07 4.78491e+14
4.77000e-07 4.71490e+14
4.79000e-07 4.64573e+14
4.81000e-07 4.52185e+14
4.83000e-07 4.28408e+14
4.85000e-07 3.34377e+14
4.87000e-07 2.71497e+14
4.89000e-07 4.00077e+14
4.91000e-07 4.25312e+14
4.93000e-07 4.23636e+14
4.95000e-07 4.31612e+14
4.97000e-07 4.33712e+14
4.99000e-07 4.17791e+14
5.01000e-07 4.05952e+14
5.03000e-07 4.15907e+14
5.05000e-07 4.08277e+14
5.07000e-07 4.13753e+14
5.09000e-07 4.07745e+14
5.11000e-07 4.07301e+14
5.13000e-07 3.99407e+14
5.15000e-07 3.90203e+14
5.17000e-07 3.81905e+14
5.19000e-07 3.78631e+14
5.21000e-07 3.80240e+14
5.23000e-07 3.77241e+14
5.25000e-07 3.82601e+14
5.27000e-07 3.61214e+14
5.29000e-07 3.73579e+14
5.31000e-07 3.70169e+14
5.33000e-07 3.57251e+14
5.35000e-07 3.64273e+14
5.37000e-07 3.59017e+14
5.39000e-07 3.55981e+14
5.41000e-07 3.48308e+14
5.43000e-07 3.50207e+14
5.45000e-07 3.50419e+14
5.47000e-07 3.45746e+14
5.49000e-07 3.45168e+14
5.51000e-07 3.42642e+14
5.53000e-07 3.37939e+14
5.55000e-07 3.37428e+14
5.57000e-07 3.31160e+14
5.59000e-07 3.28577e+14
5.61000e-07 3.27495e+14
5.63000e-07 3.26623e+14
5.65000e-07 3.23890e+14
5.67000e-07 3.18445e+14
5.69000e-07 3.18142e+14
5.71000e-07 3.14785e+14
5.73000e-07 3.16515e+14
5.75000e-07 3.11024e+14
5.77000e-07 3.09652e+14
5.79000e-07 3.06404e+14
5.81000e-07 3.04544e+14
5.83000e-07 3.02702e+14
5.85000e-07 2.99271e+14
5.87000e-07 2.96579e+14
5.89000e-07 2.90225e+14
5.91000e-07 2.91607e+14
5.93000e-07 2.89365e+14
5.95000e-07 2.87189e+14
5.97000e-07 2.84951e+14
5.99000e-07 2.81644e+14
6.01000e-07 2.77791e+14
6.03000e-07 2.76542e+14
6.05000e-07 2.75499e+14
6.07000e-07 2.74095e+14
6.09000e-07 2.70622e+14
6.11000e-07 2.67773e+14
6.13000e-07 2.62811e+14
6.15000e-07 2.58973e+14
6.17000e-07 2.58474e+14
6.19000e-07 2.60238e+14
6.21000e-07 2.57998e+14
6.23000e-07 2.54325e+14
6.25000e-07 2.48206e+14
6.27000e-07 2.52058e+14
6.29000e-07 2.50125e+14
6.31000e-07 2.45826e+14
6.33000e-07 2.44501e+14
6.35000e-07 2.41001e+14
6.37000e-07 2.39611e+14
6.39000e-07 2.38879e+14
6.41000e-07 2.34612e+14
6.43000e-07 2.33820e+14
6.45000e-07 2.29900e+14
6.47000e-07 2.29165e+14
6.49000e-07 2.24455e+14
6.51000e-07 2.21469e+14
6.53000e-07 2.11836e+14
6.55000e-07 1.80846e+14
6.56125e-07 1.45465e+14
6.59000e-07 1.98219e+14
6.61000e-07 2.11404e+14
6.63000e-07 2.14064e+14
6.65000e-07 2.13997e+14
6.67000e-07 2.12758e+14
6.69000e-07 2.12245e+14
6.71000e-07 2.10622e+14
6.73000e-07 2.09106e+14
6.75000e-07 2.06975e+14
6.77000e-07 2.06568e+14
6.79000e-07 2.04789e+14
6.81000e-07 2.03149e+14
6.83000e-07 2.01315e+14
6.85000e-07 1.99459e+14
6.87000e-07 1.98659e+14
6.89000e-07 1.97221e+14
6.91000e-07 1.95553e+14
6.93000e-07 1.94033e+14
6.95000e-07 1.92630e+14
6.97000e-07 1.90960e+14
6.99000e-07 1.89876e+14
7.01000e-07 1.86809e+14
7.03000e-07 1.86227e+14
7.05000e-07 1.85256e+14
7.07000e-07 1.83953e+14
7.09000e-07 1.82572e+14
7.11000e-07 1.77872e+14
7.13000e-07 1.78610e+14
7.15000e-07 1.77700e+14
7.17000e-07 1.76139e+14
7.19000e-07 1.74519e+14
7.21000e-07 1.73755e+14
7.23000e-07 1.72406e+14
7.25000e-07 1.70990e+14
7.27000e-07 1.70442e+14
7.29000e-07 1.68013e+14
7.31000e-07 1.67412e+14
7.33000e-07 1.66184e+14
7.35000e-07 1.65574e+14
7.37000e-07 1.64378e+14
7.39000e-07 1.62158e+14
7.41000e-07 1.59452e+14
7.43000e-07 1.59154e+14
7.45000e-07 1.58505e+14
7.47000e-07 1.56793e+14
7.49000e-07 1.55923e+14
7.51000e-07 1.55454e+14
7.53000e-07 1.54610e+14
7.55000e-07 1.54003e+14
7.57000e-07 1.52599e+14
7.59000e-07 1.51502e+14
7.61000e-07 1.50368e+14
7.63000e-07 1.49406e+14
7.65000e-07 1.48104e+14
7.67000e-07 1.45963e+14
7.69000e-07 1.45695e+14
7.71000e-07 1.44458e+14
7.73000e-07 1.44090e+14
7.75000e-07 1.42601e+14
7.77000e-07 1.39029e+14
7.79000e-07 1.41302e+14
7.81000e-07 1.40017e+14
7.83000e-07 1.38344e+14
7.85000e-07 1.37059e+14
7.87000e-07 1.36467e+14
7.89000e-07 1.35322e+14
7.91000e-07 1.34277e+14
7.93000e-07 1.33008e+14
7.95000e-07 1.31988e+14
7.97000e-07 1.32447e+14
7.99000e-07 1.30410e+14
8.01000e-07 1.30053e+14
8.03000e-07 1.29073e+14
8.05000e-07 1.28269e+14
8.07000e-07 1.27559e+14
8.09000e-07 1.26463e+14
8.11000e-07 1.26086e+14
8.13000e-07 1.25376e+14
8.15000e-07 1.24443e+14
8.17000e-07 1.23603e+14
8.19000e-07 1.20849e+14
8.21000e-07 1.20630e+14
8.23000e-07 1.19750e+14
8.25000e-07 1.19286e+14
8.27000e-07 1.19784e+14
8.29000e-07 1.18861e+14
8.31000e-07 1.17657e+14
8.33000e-07 1.15736e+14
8.35000e-07 1.15760e+14
8.37000e-07 1.15025e+14
8.39000e-07 1.13096e+14
8.41000e-07 1.12324e+14
8.43000e-07 1.10928e+14
8.45000e-07 1.08673e+14
8.47000e-07 1.07761e+14
8.49000e-07 1.07923e+14
8.51000e-07 1.02859e+14
8.53000e-07 1.07711e+14
8.55000e-07 9.75291e+13
8.57000e-07 1.08293e+14
8.59000e-07 1.01657e+14
8.61000e-07 1.00042e+14
8.63000e-07 1.07773e+14
8.65000e-07 1.03464e+14
8.67000e-07 8.87337e+13
8.69000e-07 1.03167e+14
8.71000e-07 1.07069e+14
8.73000e-07 1.02699e+14
8.75000e-07 8.65281e+13
8.77000e-07 9.90307e+13
8.79000e-07 1.05329e+14
8.81000e-07 1.05414e+14
8.83000e-07 1.02062e+14
8.85000e-07 9.32224e+13
8.87000e-07 8.17606e+13
8.89000e-07 9.84535e+13
8.91000e-07 1.02221e+14
8.93000e-07 1.02624e+14
8.95000e-07 1.03073e+14
8.97000e-07 1.00872e+14
8.99000e-07 9.61123e+13
9.01000e-07 7.87940e+13
9.03000e-07 8.56620e+13
9.05000e-07 9.61438e+13
9.07000e-07 9.65217e+13
9.09000e-07 9.57053e+13
9.11000e-07 9.79819e+13
9.13000e-07 9.83892e+13
9.15000e-07 9.78336e+13
9.17000e-07 9.61260e+13
9.19000e-07 9.32190e+13
9.21000e-07 8.63258e+13
9.23000e-07 6.95064e+13
9.25000e-07 8.32120e+13
9.27000e-07 8.87498e+13
9.29000e-07 9.25936e+13
9.31000e-07 9.31437e+13
9.33000e-07 9.28054e+13
9.35000e-07 9.25553e+13
9.37000e-07 9.22421e+13
9.39000e-07 9.11318e+13
9.41000e-07 8.78135e+13
9.43000e-07 8.95978e+13
9.45000e-07 8.89152e+13
9.47000e-07 8.83846e+13
9.49000e-07 8.69541e+13
9.51000e-07 8.39103e+13
9.53000e-07 7.70585e+13
9.55000e-07 6.31378e+13
9.57000e-07 7.74769e+13
9.59000e-07 8.24466e+13
9.61000e-07 8.32459e+13
9.63000e-07 8.27827e+13
9.65000e-07 8.36779e+13
9.67000e-07 8.26230e+13
9.69000e-07 8.26193e+13
9.71000e-07 8.31104e+13
9.73000e-07 8.25383e+13
9.75000e-07 8.15462e+13
9.77000e-07 8.16468e+13
9.79000e-07 8.11563e+13
9.81000e-07 8.06300e+13
9.83000e-07 7.99981e+13
9.85000e-07 7.90989e+13
9.87000e-07 7.85544e+13
9.89000e-07 7.77478e+13
9.91000e-07 7.73960e+13
9.93000e-07 7.70731e+13
9.95000e-07 7.64705e+13
9.97000e-07 7.58381e+13
9.99000e-07 7.45835e+13
1.00250e-06 6.74624e+13
1.00750e-06 6.41742e+13
1.01250e-06 7.14282e+13
1.01750e-06 7.16268e+13
1.02250e-06 7.11009e+13
1.02750e-06 7.02786e+13
1.03250e-06 6.90589e+13
1.03750e-06 6.81394e+13
1.04250e-06 6.71095e+13
1.04750e-06 6.54644e+13
1.05250e-06 6.48201e+13
1.05750e-06 6.40738e+13
1.06250e-06 6.30784e+13
1.06750e-06 6.09714e+13
1.07250e-06 6.08170e+13
1.07750e-06 5.99780e+13
1.08250e-06 5.88337e+13
1.08750e-06 5.69051e+13
1.09250e-06 4.80652e+13
1.09750e-06 5.22353e+13
1.10250e-06 5.55159e+13
1.10750e-06 5.54826e+13
1.11250e-06 5.47415e+13
1.11750e-06 5.40959e+13
1.12250e-06 5.34925e+13
1.12750e-06 5.17448e+13
1.13250e-06 5.11450e+13
1.13750e-06 5.10312e+13
1.14250e-06 5.00227e+13
1.14750e-06 4.99568e+13
1.15250e-06 4.93286e+13
1.15750e-06 4.85687e+13
1.16250e-06 4.73211e+13
1.16750e-06 4.64246e+13
1.17250e-06 4.67119e+13
1.17750e-06 4.50906e+13
1.18250e-06 4.49526e+13
1.18750e-06 4.40646e+13
1.19250e-06 4.43555e+13
1.19750e-06 4.31951e+13
1.20250e-06 4.29695e+13
1.20750e-06 4.22423e+13
1.21250e-06 4.17870e+13
1.21750e-06 4.14318e+13
1.22250e-06 4.08238e+13
1.22750e-06 4.02319e+13
1.23250e-06 3.97301e+13
1.23750e-06 3.92818e+13
1.24250e-06 3.88759e+13
1.24750e-06 3.82866e+13
1.25250e-06 3.77509e+13
1.25750e-06 3.69868e+13
1.26250e-06 3.66188e+13
1.26750e-06 3.61710e+13
1.27250e-06 3.54289e+13
1.27750e-06 3.35016e+13
1.28250e-06 2.84196e+13
1.28750e-06 3.30219e+13
1.29250e-06 3.37253e+13
1.29750e-06 3.36069e+13
1.30250e-06 3.32805e+13
1.30750e-06 3.29846e+13
1.31250e-06 3.25085e+13
1.31750e-06 3.20040e+13
1.32250e-06 3.18012e+13
1.32750e-06 3.13953e+13
1.33250e-06 3.10414e+13
1.33750e-06 3.06370e+13
1.34250e-06 3.02817e+13
1.34750e-06 2.99101e+13
1.35250e-06 2.94649e+13
1.35750e-06 2.90561e+13
1.36250e-06 2.88310e+13
1.36750e-06 2.84352e+13
1.37250e-06 2.78445e+13
1.37750e-06 2.77181e+13
1.38250e-06 2.74116e+13
1.38750e-06 2.72007e+13
1.39250e-06 2.67356e+13
1.39750e-06 2.64964e+13
1.40250e-06 2.61834e+13
1.40750e-06 2.59254e+13
1.41250e-06 2.55345e+13
1.41750e-06 2.53022e+13
1.42250e-06 2.49347e+13
1.42750e-06 2.46106e+13
1.43250e-06 2.44097e+13
1.43750e-06 2.41818e+13
1.44250e-06 2.33500e+13
1.44750e-06 2.35738e+13
1.45250e-06 2.30368e+13
1.45700e-06 2.30331e+13
1.46200e-06 2.27313e+13
1.46750e-06 2.25228e+13
1.47250e-06 2.21963e+13
1.47750e-06 2.18617e+13
1.48250e-06 2.16990e+13
1.48750e-06 2.13355e+13
1.49250e-06 2.13467e+13
1.49750e-06 2.10044e+13
1.50250e-06 2.06847e+13
1.50750e-06 2.03836e+13
1.51250e-06 2.02902e+13
1.51750e-06 2.00324e+13
1.52250e-06 1.97238e+13
1.52750e-06 1.95239e+13
1.53250e-06 1.92315e+13
1.53750e-06 1.90381e+13
1.54250e-06 1.86314e+13
1.54750e-06 1.85600e+13
1.55250e-06 1.83172e+13
1.55750e-06 1.78954e+13
1.56250e-06 1.81622e+13
1.56750e-06 1.75282e+13
1.57250e-06 1.71823e+13
1.57750e-06 1.74974e+13
1.58250e-06 1.73118e+13
1.58750e-06 1.60968e+13
1.59250e-06 1.67683e+13
1.59750e-06 1.71728e+13
1.60500e-06 1.64321e+13
1.61500e-06 1.55532e+13
1.62500e-06 1.62227e+13
1.63500e-06 1.52723e+13
1.64500e-06 1.43827e+13
1.65500e-06 1.52520e+13
1.66500e-06 1.49688e+13
1.67500e-06 1.39393e+13
1.68500e-06 1.30460e+13
1.69500e-06 1.40135e+13
1.70500e-06 1.37576e+13
1.71500e-06 1.35157e+13
1.72500e-06 1.29517e+13
1.73500e-06 1.13434e+13
1.74500e-06 1.21953e+13
1.75500e-06 1.23244e+13
1.76500e-06 1.21077e+13
1.77500e-06 1.19091e+13
1.78500e-06 1.16520e+13
1.79500e-06 1.14377e+13
1.80500e-06 1.10210e+13
1.81500e-06 9.71484e+12
1.82500e-06 1.02550e+13
1.83500e-06 1.04777e+13
1.84500e-06 1.03021e+13
1.85500e-06 1.00654e+13
1.86500e-06 9.72439e+12
1.87500e-06 8.48720e+12
1.88500e-06 9.28322e+12
1.89500e-06 9.24247e+12
1.90500e-06 9.18660e+12
1.91500e-06 9.00091e+12
1.92500e-06 8.79662e+12
1.93500e-06 8.45842e+12
1.94500e-06 7.42591e+12
1.95500e-06 8.15012e+12
1.96500e-06 8.15626e+12
1.97500e-06 8.01554e+12
1.98500e-06 7.90171e+12
1.99500e-06 7.75653e+12
2.00500e-06 7.61984e+12
2.01500e-06 7.48641e+12
2.02500e-06 7.33603e+12
2.03500e-06 7.18924e+12
2.04500e-06 7.08433e+12
2.05500e-06 6.95275e+12
2.06500e-06 6.81012e+12
2.07500e-06 6.69555e+12
2.08500e-06 6.57975e+12
2.09500e-06 6.45665e+12
2.10500e-06 6.34614e+12
2.11500e-06 6.21747e+12
2.12500e-06 6.10669e+12
2.13500e-06 5.99408e+12
2.14500e-06 5.88731e+12
2.15500e-06 5.69489e+12
2.16500e-06 5.02739e+12
2.17500e-06 5.44005e+12
2.18500e-06 5.47677e+12
2.19500e-06 5.42245e+12
2.20500e-06 5.32309e+12
2.21500e-06 5.23329e+12
2.22500e-06 5.16261e+12
2.23500e-06 5.07609e+12
2.24500e-06 4.99106e+12
2.25500e-06 4.89162e+12
2.26500e-06 4.82267e+12
2.27500e-06 4.74565e+12
2.28500e-06 4.67996e+12
2.29500e-06 4.65586e+12
2.30500e-06 4.58839e+12
2.31500e-06 4.50321e+12
2.32500e-06 4.42539e+12
2.33500e-06 4.34252e+12
2.34500e-06 4.26884e+12
2.35500e-06 4.19354e+12
2.36500e-06 4.12184e+12
2.37500e-06 4.04706e+12
2.38500e-06 3.97763e+12
2.39500e-06 3.91093e+12
2.40500e-06 3.84551e+12
2.41500e-06 3.77988e+12
2.42500e-06 3.71892e+12
2.43500e-06 3.65870e+12
2.44500e-06 3.59726e+12
2.45500e-06 3.54314e+12
2.46500e-06 3.48401e+12
2.47500e-06 3.43506e+12
2.48500e-06 3.38276e+12
2.49500e-06 3.31292e+12
2.50500e-06 3.32794e+12
2.51500e-06 3.25132e+12
2.52500e-06 3.15205e+12
2.53500e-06 3.14248e+12
2.54500e-06 3.11364e+12
2.55500e-06 3.03998e+12
2.56500e-06 2.93861e+12
2.57500e-06 2.96271e+12
2.58500e-06 2.93239e+12
2.59500e-06 2.89238e+12
2.60500e-06 2.80137e+12
2.61500e-06 2.67862e+12
2.62500e-06 2.47318e+12
2.63500e-06 2.66573e+12
2.64500e-06 2.68734e+12
2.65500e-06 2.65324e+12
2.66500e-06 2.58292e+12
2.67500e-06 2.45314e+12
2.68500e-06 2.51825e+12
2.69500e-06 2.51817e+12
2.70500e-06 2.48970e+12
2.71500e-06 2.45785e+12
2.72500e-06 2.42259e+12
2.73500e-06 2.38376e+12
2.74500e-06 2.33102e+12
2.75500e-06 2.18294e+12
2.76500e-06 2.21306e+12
2.77500e-06 2.24684e+12
2.78500e-06 2.22860e+12
2.79500e-06 2.20511e+12
2.80500e-06 2.17615e+12
2.81500e-06 2.14712e+12
2.82500e-06 2.11769e+12
2.83500e-06 2.08881e+12
2.84500e-06 2.05204e+12
2.85500e-06 2.01782e+12
2.86500e-06 1.94272e+12
2.87500e-06 1.82344e+12
2.88500e-06 1.92103e+12
2.89500e-06 1.91785e+12
2.90500e-06 1.90088e+12
2.91500e-06 1.87456e+12
2.92500e-06 1.85340e+12
2.93500e-06 1.83068e+12
2.94500e-06 1.80659e+12
2.95500e-06 1.78377e+12
2.96500e-06 1.76092e+12
2.97500e-06 1.73816e+12
2.98500e-06 1.71613e+12
2.99500e-06 1.69297e+12
3.00500e-06 1.66929e+12
3.01500e-06 1.64315e+12
3.02500e-06 1.60896e+12
3.03500e-06 1.49425e+12
3.04500e-06 1.50883e+12
3.05500e-06 1.55342e+12
3.06500e-06 1.54422e+12
3.07500e-06 1.53013e+12
3.08500e-06 1.50906e+12
3.09500e-06 1.49201e+12
3.10500e-06 1.47390e+12
3.11500e-06 1.45206e+12
3.12500e-06 1.43704e+12
3.13500e-06 1.42045e+12
3.14500e-06 1.40260e+12
3.15500e-06 1.38641e+12
3.16500e-06 1.37116e+12
3.17500e-06 1.35286e+12
3.18500e-06 1.33843e+12
3.19500e-06 1.32243e+12
3.21000e-06 1.29844e+12
3.23000e-06 1.26836e+12
3.25000e-06 1.23821e+12
3.27000e-06 1.20384e+12
3.29000e-06 1.11034e+12
3.31000e-06 1.13248e+12
3.33000e-06 1.12922e+12
3.35000e-06 1.10684e+12
3.37000e-06 1.07865e+12
3.39000e-06 1.05350e+12
3.41000e-06 1.02952e+12
3.43000e-06 1.00740e+12
3.45000e-06 9.85782e+11
3.47000e-06 9.63094e+11
3.49000e-06 9.41911e+11
3.51000e-06 9.20994e+11
3.53000e-06 9.00369e+11
3.55000e-06 8.80986e+11
3.57000e-06 8.61063e+11
3.59000e-06 8.42843e+11
3.61000e-06 8.24597e+11
3.63000e-06 8.07645e+11
3.65000e-06 7.89260e+11
3.67000e-06 7.74137e+11
3.69000e-06 7.53317e+11
3.71000e-06 7.39633e+11
3.73000e-06 7.04320e+11
3.75000e-06 6.80861e+11
3.77000e-06 6.96054e+11
3.79000e-06 6.84321e+11
3.81000e-06 6.66021e+11
3.83000e-06 6.54127e+11
3.85000e-06 6.45773e+11
3.87000e-06 6.32223e+11
3.89000e-06 6.17224e+11
3.91000e-06 5.99147e+11
3.93000e-06 5.95528e+11
3.95000e-06 5.85891e+11
3.97000e-06 5.75126e+11
3.99000e-06 5.62631e+11
4.01000e-06 5.44194e+11
4.03000e-06 5.31731e+11
4.05000e-06 5.03708e+11
4.07000e-06 5.18010e+11
4.09000e-06 5.11335e+11
4.11000e-06 5.02981e+11
4.13000e-06 4.93152e+11
4.15000e-06 4.81082e+11
4.17000e-06 4.61356e+11
4.19000e-06 4.63035e+11
4.21000e-06 4.56861e+11
4.23000e-06 4.50024e+11
4.25000e-06 4.41711e+11
4.27000e-06 4.33905e+11
4.29000e-06 4.26102e+11
4.31000e-06 4.18425e+11
4.33000e-06 4.10710e+11
4.35000e-06 4.01925e+11
4.37000e-06 3.83637e+11
4.39000e-06 3.83766e+11
4.41000e-06 3.81707e+11
4.43000e-06 3.75964e+11
4.45000e-06 3.69473e+11
4.47000e-06 3.64024e+11
4.49000e-06 3.57705e+11
4.51000e-06 3.51706e+11
4.53000e-06 3.45652e+11
4.55000e-06 3.39799e+11
4.57000e-06 3.33927e+11
4.59000e-06 3.28234e+11
4.61000e-06 3.22449e+11
4.63000e-06 3.15259e+11
4.65000e-06 2.94084e+11
4.67000e-06 2.91985e+11
4.69000e-06 2.98372e+11
4.71000e-06 2.96302e+11
4.73000e-06 2.92134e+11
4.75000e-06 2.87275e+11
4.77000e-06 2.82653e+11
4.79000e-06 2.78195e+11
4.81000e-06 2.73688e+11
4.83000e-06 2.69295e+11
4.85000e-06 2.64997e+11
4.87000e-06 2.60791e+11
4.89000e-06 2.56662e+11
4.91000e-06 2.52512e+11
4.93000e-06 2.48623e+11
4.95000e-06 2.44696e+11
4.97000e-06 2.40900e+11
4.99000e-06 2.37142e+11
5.01000e-06 2.33482e+11
5.03000e-06 2.29857e+11
5.05000e-06 2.26356e+11
5.07000e-06 2.22903e+11
5.09000e-06 2.19162e+11
5.11000e-06 2.13944e+11
5.13000e-06 2.02373e+11
5.15000e-06 2.08134e+11
5.17000e-06 2.06372e+11
5.19000e-06 2.03456e+11
5.21000e-06 2.00384e+11
5.23000e-06 1.97435e+11
5.25000e-06 1.94540e+11
5.27000e-06 1.91669e+11
5.29000e-06 1.88863e+11
5.31000e-06 1.86093e+11
5.33000e-06 1.83373e+11
5.35000e-06 1.80702e+11
5.37000e-06 1.78039e+11
5.39000e-06 1.75527e+11
5.41000e-06 1.73022e+11
5.43000e-06 1.70484e+11
5.45000e-06 1.68081e+11
5.47000e-06 1.65595e+11
5.49000e-06 1.63354e+11
5.51000e-06 1.61053e+11
5.53000e-06 1.58769e+11
5.55000e-06 1.56563e+11
5.57000e-06 1.54336e+11
5.59000e-06 1.52088e+11
5.61000e-06 1.50096e+11
5.63000e-06 1.48021e+11
5.65000e-06 1.46007e+11
5.67000e-06 1.43994e+11
5.69000e-06 1.42018e+11
5.71000e-06 1.40101e+11
5.73000e-06 1.38184e+11
5.75000e-06 1.36324e+11
5.77000e-06 1.34475e+11
5.79000e-06 1.32637e+11
5.81000e-06 1.30889e+11
5.83000e-06 1.29150e+11
5.85000e-06 1.27564e+11
5.87000e-06 1.25646e+11
5.89000e-06 1.22753e+11
5.91000e-06 1.16240e+11
5.93000e-06 1.20031e+11
5.95000e-06 1.19098e+11
5.97000e-06 1.17805e+11
5.99000e-06 1.16263e+11
6.01000e-06 1.14729e+11
6.03000e-06 1.13296e+11
6.05000e-06 1.11828e+11
6.07000e-06 1.10376e+11
6.09000e-06 1.08942e+11
6.11000e-06 1.07493e+11
6.13000e-06 1.06211e+11
6.15000e-06 1.04864e+11
6.17000e-06 1.03542e+11
6.19000e-06 1.02225e+11
6.21000e-06 1.00952e+11
6.23000e-06 9.96160e+10
6.25000e-06 9.84201e+10
6.27000e-06 9.71799e+10
6.29000e-06 9.60106e+10
6.31000e-06 9.47785e+10
6.33000e-06 9.36333e+10
6.35000e-06 9.24838e+10
6.37000e-06 9.13599e+10
6.39000e-06 9.02381e+10
6.42000e-06 8.86070e+10
6.46000e-06 8.64605e+10
6.50000e-06 8.43867e+10
6.54000e-06 8.23958e+10
6.58000e-06 8.04434e+10
6.62000e-06 7.85441e+10
6.66000e-06 7.67142e+10
6.70000e-06 7.49307e+10
6.74000e-06 7.31922e+10
6.78000e-06 7.15198e+10
6.82000e-06 6.98855e+10
6.86000e-06 6.82948e+10
6.90000e-06 6.67353e+10
6.94000e-06 6.52369e+10
6.98000e-06 6.37838e+10
7.02000e-06 6.23634e+10
7.06000e-06 6.09868e+10
7.10000e-06 5.96663e+10
7.14000e-06 5.83530e+10
7.18000e-06 5.70835e+10
7.22000e-06 5.58211e+10
7.26000e-06 5.46445e+10
7.30000e-06 5.34895e+10
7.34000e-06 5.23431e+10
7.38000e-06 5.12419e+10
7.42000e-06 5.00422e+10
7.46000e-06 4.75601e+10
7.50000e-06 4.65250e+10
7.54000e-06 4.69591e+10
7.58000e-06 4.61225e+10
7.62000e-06 4.51835e+10
7.66000e-06 4.42627e+10
7.70000e-06 4.33631e+10
7.74000e-06 4.24922e+10
7.78000e-06 4.16394e+10
7.82000e-06 4.08073e+10
7.86000e-06 3.99960e+10
7.90000e-06 3.92045e+10
7.94000e-06 3.84322e+10
7.98000e-06 3.76787e+10
8.02000e-06 3.69413e+10
8.06000e-06 3.62241e+10
8.10000e-06 3.55278e+10
8.14000e-06 3.48390e+10
8.18000e-06 3.41742e+10
8.22000e-06 3.35280e+10
8.26000e-06 3.28915e+10
8.30000e-06 3.22712e+10
8.34000e-06 3.16542e+10
8.38000e-06 3.10598e+10
8.42000e-06 3.04896e+10
8.46000e-06 2.99309e+10
8.50000e-06 2.93813e+10
8.54000e-06 2.88402e+10
8.58000e-06 2.83135e+10
8.62000e-06 2.77978e+10
8.66000e-06 2.72980e+10
8.70000e-06 2.68066e+10
8.74000e-06 2.63246e+10
8.78000e-06 2.58561e+10
8.82000e-06 2.53916e+10
8.86000e-06 2.49440e+10
8.90000e-06 2.45044e+10
8.94000e-06 2.40763e+10
8.98000e-06 2.36525e+10
9.02000e-06 2.32432e+10
9.06000e-06 2.28429e+10
9.10000e-06 2.24451e+10
9.14000e-06 2.20614e+10
9.18000e-06 2.16863e+10
9.22000e-06 2.13173e+10
9.26000e-06 2.09560e+10
9.30000e-06 2.06024e+10
9.34000e-06 2.02557e+10
9.38000e-06 1.99167e+10
9.42000e-06 1.95849e+10
9.46000e-06 1.92597e+10
9.50000e-06 1.89409e+10
9.54000e-06 1.86263e+10
9.58000e-06 1.83246e+10
9.62000e-06 1.80239e+10
9.66000e-06 1.77320e+10
9.70000e-06 1.74448e+10
9.74000e-06 1.71604e+10
9.78000e-06 1.68864e+10
9.82000e-06 1.66155e+10
9.86000e-06 1.63519e+10
9.90000e-06 1.60928e+10
9.94000e-06 1.58373e+10
9.98000e-06 1.55873e+10
1.00200e-05 1.53427e+10
2.00000e-05 9.83926e+08
4.00000e-05 6.13035e+07
6.00000e-05 1.20135e+07
8.00000e-05 3.77296e+06
1.00000e-04 1.53529e+06
1.20000e-04 7.36142e+05
1.40000e-04 3.95336e+05
1.60000e-04 2.30703e+05
