9.09000e-09 1.06005e-10
9.35000e-09 6.39674e-10
9.61000e-09 3.53703e-09
9.77000e-09 9.72444e-09
9.96000e-09 3.11614e-08
1.02000e-08 1.27873e-07
1.03800e-08 3.54757e-07
1.05600e-08 9.53096e-07
1.07700e-08 2.90324e-06
1.10400e-08 1.14365e-05
1.14000e-08 6.48089e-05
1.17800e-08 3.63215e-04
1.21300e-08 1.61472e-03
1.24800e-08 6.60649e-03
1.27100e-08 1.59844e-02
1.28400e-08 2.59699e-02
1.30500e-08 5.56947e-02
1.32400e-08 1.08783e-01
1.33900e-08 1.82009e-01
1.36600e-08 4.46919e-01
1.39800e-08 1.23812e+00
1.43300e-08 3.57524e+00
1.47200e-08 1.09571e+01
1.51000e-08 3.08112e+01
1.55200e-08 9.08065e+01
1.58800e-08 2.18786e+02
1.62000e-08 4.62329e+02
1.66000e-08 1.12941e+03
1.70300e-08 2.80592e+03
1.73400e-08 5.26212e+03
1.76800e-08 1.02182e+04
1.80200e-08 1.93052e+04
1.81700e-08 2.54110e+04
1.86100e-08 5.51903e+04
1.91000e-08 1.25460e+05
1.93900e-08 1.99882e+05
1.98400e-08 4.01150e+05
2.01800e-08 6.64286e+05
2.05000e-08 1.05171e+06
2.10500e-08 2.24524e+06
2.16200e-08 4.72242e+06
2.19800e-08 7.42707e+06
2.23000e-08 1.09612e+07
2.26800e-08 1.74200e+07
2.30000e-08 4.78063e+09
2.34000e-08 1.04558e+10
2.40000e-08 1.73290e+10
2.46500e-08 3.04157e+10
2.52400e-08 5.05524e+10
2.56800e-08 6.90321e+10
2.60000e-08 1.12607e+11
2.64000e-08 1.75446e+11
2.68500e-08 2.59925e+11
2.73500e-08 3.65276e+11
2.78500e-08 4.81653e+11
2.84000e-08 9.60416e+11
2.90000e-08 1.40367e+12
2.96000e-08 1.91358e+12
3.01000e-08 2.68045e+12
3.08000e-08 5.15193e+12
3.18000e-08 1.07821e+13
3.28000e-08 1.61717e+13
3.38000e-08 2.78851e+13
3.48000e-08 4.34734e+13
3.57000e-08 9.04810e+13
3.66000e-08 1.64348e+14
3.75000e-08 2.03878e+14
3.85000e-08 2.91192e+14
3.95000e-08 4.75812e+14
4.05000e-08 5.96912e+14
4.14000e-08 7.78975e+14
4.22000e-08 8.91647e+14
4.30000e-08 1.06240e+15
4.41000e-08 1.34627e+15
4.51000e-08 1.57098e+15
4.60000e-08 1.74711e+15
4.70000e-08 2.11235e+15
4.80000e-08 2.51317e+15
4.90000e-08 2.87686e+15
5.00000e-08 3.41514e+15
5.06000e-08 8.99935e+15
5.12000e-08 5.13782e+16
5.20000e-08 4.90195e+16
5.30000e-08 4.54115e+16
5.40000e-08 3.98836e+16
5.50000e-08 5.11531e+16
5.60000e-08 6.15046e+16
5.70000e-08 6.42935e+16
5.80000e-08 5.86026e+16
5.90000e-08 6.37704e+16
6.00000e-08 5.53292e+16
6.10000e-08 6.55993e+16
6.20000e-08 7.51814e+16
6.30000e-08 7.43419e+16
6.40000e-08 7.32950e+16
6.50000e-08 7.53140e+16
6.58000e-08 7.15926e+16
6.65000e-08 7.69366e+16
6.75000e-08 7.88147e+16
6.85000e-08 6.77067e+16
6.95000e-08 8.39683e+16
7.05000e-08 6.80233e+16
7.16000e-08 8.88887e+16
7.26000e-08 8.72645e+16
7.35000e-08 8.68908e+16
7.45000e-08 8.89926e+16
7.55000e-08 8.88054e+16
7.65000e-08 8.81596e+16
7.75000e-08 9.17450e+16
7.85000e-08 9.51875e+16
7.95000e-08 9.45306e+16
8.05000e-08 9.26326e+16
8.15000e-08 9.22393e+16
8.25000e-08 9.62326e+16
8.35000e-08 7.49111e+16
8.45000e-08 9.28075e+16
8.55000e-08 9.24014e+16
8.65000e-08 9.52872e+16
8.75000e-08 9.62314e+16
8.85000e-08 9.86769e+16
8.95000e-08 9.97387e+16
9.05000e-08 9.71972e+16
9.15000e-08 9.93365e+16
9.25000e-08 3.49659e+17
9.35000e-08 5.99209e+17
9.45000e-08 8.61309e+17
9.55000e-08 9.31515e+17
9.65000e-08 1.04836e+18
9.75000e-08 3.55079e+17
9.85000e-08 8.11258e+17
9.95000e-08 7.15009e+17
1.00500e-07 8.24161e+17
1.01500e-07 8.55942e+17
1.02500e-07 6.13992e+17
1.03500e-07 8.09537e+17
1.04500e-07 9.53465e+17
1.05500e-07 9.01323e+17
1.06500e-07 7.66132e+17
1.07500e-07 8.01888e+17
1.08500e-07 7.37508e+17
1.09500e-07 7.91714e+17
1.10500e-07 7.54433e+17
1.11500e-07 7.43325e+17
1.12500e-07 6.26760e+17
1.13500e-07 7.06158e+17
1.14500e-07 6.66838e+17
1.15500e-07 6.49580e+17
1.16500e-07 6.20267e+17
1.17500e-07 4.06112e+17
1.18500e-07 5.63261e+17
1.19500e-07 5.43427e+17
1.20500e-07 5.15582e+17
1.21500e-07 3.88234e+17
1.22500e-07 5.00165e+17
1.23500e-07 5.37002e+17
1.24500e-07 5.30549e+17
1.25500e-07 5.13756e+17
1.26500e-07 5.24618e+17
1.27500e-07 5.35702e+17
1.28500e-07 5.33283e+17
1.29500e-07 4.96010e+17
1.30500e-07 4.94322e+17
1.31500e-07 5.18661e+17
1.32500e-07 4.95455e+17
1.33500e-07 4.81528e+17
1.34500e-07 4.78414e+17
1.35500e-07 4.68752e+17
1.36500e-07 4.48059e+17
1.37500e-07 4.35906e+17
1.38500e-07 4.20973e+17
1.39500e-07 3.02213e+17
1.40500e-07 2.85808e+17
1.41500e-07 3.91552e+17
1.42500e-07 3.56096e+17
1.43500e-07 3.77074e+17
1.44200e-07 3.74925e+17
1.44700e-07 3.71151e+17
1.45500e-07 3.54696e+17
1.46500e-07 3.41848e+17
1.47500e-07 3.42718e+17
1.48500e-07 3.41483e+17
1.49500e-07 3.30524e+17
1.50500e-07 3.14637e+17
1.51200e-07 2.98350e+17
1.51700e-07 3.03376e+17
1.52500e-07 2.96411e+17
1.53500e-07 2.53933e+17
1.54500e-07 2.12842e+17
1.55500e-07 2.15208e+17
1.56500e-07 2.45491e+17
1.57500e-07 2.59028e+17
1.58500e-07 2.60718e+17
1.59500e-07 2.58067e+17
1.60500e-07 2.46116e+17
1.61500e-07 2.35133e+17
1.62500e-07 2.38939e+17
1.63500e-07 2.42508e+17
1.64500e-07 2.40404e+17
1.65500e-07 2.41812e+17
1.66500e-07 2.37775e+17
1.67200e-07 2.21167e+17
1.67700e-07 2.53285e+17
1.68500e-07 2.40934e+17
1.69500e-07 2.31924e+17
1.70500e-07 2.27902e+17
1.71500e-07 2.18554e+17
1.72500e-07 2.09418e+17
1.73500e-07 2.16235e+17
1.74500e-07 2.13429e+17
1.75500e-07 2.10992e+17
1.76500e-07 2.06794e+17
1.77500e-07 1.98551e+17
1.78500e-07 2.01051e+17
1.79500e-07 1.97507e+17
1.80500e-07 1.97256e+17
1.81500e-07 1.88615e+17
1.82500e-07 1.87278e+17
1.83500e-07 1.85466e+17
1.84500e-07 1.72826e+17
1.85500e-07 1.75456e+17
1.86500e-07 1.76276e+17
1.87500e-07 1.73501e+17
1.88500e-07 1.61900e+17
1.89500e-07 1.55517e+17
1.90500e-07 1.62079e+17
1.91500e-07 1.55778e+17
1.92500e-07 1.46570e+17
1.93500e-07 1.55301e+17
1.94500e-07 1.57572e+17
1.95500e-07 1.42609e+17
1.96700e-07 1.49657e+17
1.97600e-07 1.54124e+17
1.98400e-07 1.46308e+17
1.99500e-07 1.42816e+17
2.00500e-07 1.44628e+17
2.01500e-07 1.44328e+17
2.02500e-07 1.44661e+17
2.03500e-07 1.36866e+17
2.04500e-07 1.35756e+17
2.05500e-07 1.15186e+17
2.06500e-07 1.19153e+17
2.07400e-07 1.35734e+17
2.07800e-07 1.30414e+17
2.08500e-07 1.30536e+17
2.09500e-07 1.24417e+17
2.10500e-07 1.26571e+17
2.11500e-07 1.27255e+17
2.12500e-07 1.25576e+17
2.13500e-07 1.23675e+17
2.14500e-07 1.20420e+17
2.15500e-07 1.20985e+17
2.16500e-07 1.17844e+17
2.17500e-07 1.17217e+17
2.18500e-07 1.15121e+17
2.19500e-07 1.15239e+17
2.20500e-07 1.13414e+17
2.21500e-07 1.10918e+17
2.22500e-07 1.09588e+17
2.23500e-07 1.07546e+17
2.24500e-07 1.06381e+17
2.25500e-07 1.04091e+17
2.26500e-07 1.03585e+17
2.27500e-07 1.02305e+17
2.28500e-07 9.99761e+16
2.29500e-07 9.38496e+16
2.30500e-07 9.64831e+16
2.31500e-07 9.51663e+16
2.32500e-07 8.88646e+16
2.33500e-07 9.25826e+16
2.34500e-07 9.20824e+16
2.35500e-07 9.03510e+16
2.36500e-07 8.90767e+16
2.37500e-07 8.71260e+16
2.38500e-07 8.47610e+16
2.39500e-07 8.43896e+16
2.40500e-07 8.38847e+16
2.41500e-07 8.26359e+16
2.42500e-07 8.19045e+16
2.43500e-07 8.03754e+16
2.44500e-07 7.95050e+16
2.45500e-07 7.85649e+16
2.46500e-07 7.75381e+16
2.47500e-07 7.63593e+16
2.48500e-07 7.45198e+16
2.49500e-07 5.96702e+16
2.50500e-07 7.14854e+16
2.51300e-07 6.87164e+16
2.51800e-07 7.03155e+16
2.52500e-07 7.12734e+16
2.53500e-07 7.06418e+16
2.54500e-07 6.89652e+16
2.55500e-07 6.82360e+16
2.56500e-07 6.75732e+16
2.57500e-07 6.66972e+16
2.58500e-07 6.59679e+16
2.59500e-07 6.49905e+16
2.60500e-07 6.43204e+16
2.61500e-07 6.31683e+16
2.62500e-07 6.25895e+16
2.63500e-07 6.18604e+16
2.64500e-07 6.09573e+16
2.65500e-07 6.02906e+16
2.66500e-07 5.88364e+16
2.67500e-07 5.78866e+16
2.68500e-07 5.79632e+16
2.69500e-07 5.63304e+16
2.70500e-07 5.56984e+16
2.71500e-07 5.51202e+16
2.72500e-07 5.46860e+16
2.73500e-07 5.35465e+16
2.74500e-07 5.34870e+16
2.75500e-07 5.29357e+16
2.76500e-07 5.19375e+16
2.77500e-07 5.19406e+16
2.78500e-07 5.10874e+16
2.79500e-07 4.93288e+16
2.80500e-07 4.94613e+16
2.81500e-07 4.94100e+16
2.82500e-07 4.86076e+16
2.83500e-07 4.74357e+16
2.84500e-07 4.75822e+16
2.85500e-07 4.68242e+16
2.86500e-07 4.62409e+16
2.87500e-07 4.57466e+16
2.88500e-07 4.51689e+16
2.89500e-07 4.46393e+16
2.91000e-07 4.36184e+16
2.93000e-07 4.29443e+16
2.95000e-07 4.16289e+16
2.97000e-07 4.08348e+16
2.99000e-07 3.97155e+16
3.01000e-07 3.84893e+16
3.03000e-07 3.77288e+16
3.05000e-07 3.71105e+16
3.07000e-07 3.64691e+16
3.09000e-07 3.52291e+16
3.11000e-07 3.48690e+16
3.13000e-07 3.38722e+16
3.15000e-07 3.32366e+16
3.17000e-07 3.24522e+16
3.19000e-07 3.16997e+16
3.21000e-07 3.10193e+16
3.23000e-07 3.04041e+16
3.25000e-07 2.98713e+16
3.27000e-07 2.90804e+16
3.29000e-07 2.85232e+16
3.31000e-07 2.79282e+16
3.33000e-07 2.72778e+16
3.35000e-07 2.66650e+16
3.37000e-07 2.61508e+16
3.39000e-07 2.57461e+16
3.41000e-07 2.51961e+16
3.43000e-07 2.45096e+16
3.45000e-07 2.39253e+16
3.47000e-07 2.36406e+16
3.49000e-07 2.31786e+16
3.51000e-07 2.27605e+16
3.53000e-07 2.23715e+16
3.55000e-07 2.19031e+16
3.57000e-07 2.15118e+16
3.59000e-07 2.09585e+16
3.61000e-07 2.05694e+16
3.63000e-07 2.01707e+16
3.64000e-07 2.00316e+16
3.65000e-07 1.98643e+16
3.67000e-07 1.95605e+16
3.69000e-07 1.90226e+16
3.71000e-07 1.80112e+16
3.73000e-07 1.74356e+16
3.75000e-07 1.76333e+16
3.77000e-07 1.72452e+16
3.79000e-07 1.77377e+16
3.81000e-07 1.82226e+16
3.83000e-07 1.64474e+16
3.85000e-07 1.81644e+16
3.87000e-07 1.78722e+16
3.89000e-07 1.53096e+16
3.91000e-07 1.77561e+16
3.93000e-07 1.72929e+16
3.95000e-07 1.68857e+16
3.97000e-07 1.41244e+16
3.99000e-07 1.63938e+16
4.01000e-07 1.62117e+16
4.03000e-07 1.56859e+16
4.05000e-07 1.57050e+16
4.07000e-07 1.50545e+16
4.09000e-07 1.41145e+16
4.11000e-07 1.28623e+16
4.13000e-07 1.43354e+16
4.15000e-07 1.41822e+16
4.17000e-07 1.41009e+16
4.19000e-07 1.38739e+16
4.21000e-07 1.36661e+16
4.23000e-07 1.34325e+16
4.25000e-07 1.30870e+16
4.27000e-07 1.27248e+16
4.29000e-07 1.25595e+16
4.31000e-07 1.22005e+16
4.33000e-07 1.13731e+16
4.35000e-07 1.05540e+16
4.37000e-07 1.16434e+16
4.39000e-07 1.14981e+16
4.41000e-07 1.13710e+16
4.43000e-07 1.12582e+16
4.45000e-07 1.10496e+16
4.47000e-07 1.06059e+16
4.49000e-07 1.07145e+16
4.51000e-07 1.05265e+16
4.53000e-07 1.04004e+16
4.55000e-07 1.01992e+16
4.57000e-07 1.00757e+16
4.59000e-07 9.87491e+15
4.61000e-07 9.67844e+15
4.63000e-07 9.49115e+15
4.65000e-07 9.11174e+15
4.67000e-07 9.21283e+15
4.69000e-07 9.03491e+15
4.71000e-07 8.83149e+15
4.73000e-07 8.87180e+15
4.75000e-07 8.71911e+15
4.77000e-07 8.64333e+15
4.79000e-07 8.50053e+15
4.81000e-07 8.34483e+15
4.83000e-07 8.16815e+15
4.85000e-07 7.69525e+15
4.87000e-07 6.99171e+15
4.89000e-07 7.79658e+15
4.91000e-07 7.71085e+15
4.93000e-07 7.48411e+15
4.95000e-07 7.46573e+15
4.97000e-07 7.40805e+15
4.99000e-07 7.29008e+15
5.01000e-07 7.03522e+15
5.03000e-07 7.05637e+15
5.05000e-07 6.92747e+15
5.07000e-07 6.87248e+15
5.09000e-07 6.76361e+15
5.11000e-07 6.65956e+15
5.13000e-07 6.54575e+15
5.15000e-07 6.45509e+15
5.17000e-07 6.36832e+15
5.19000e-07 6.28409e+15
5.21000e-07 6.19832e+15
5.23000e-07 6.10831e+15
5.25000e-07 6.01320e+15
5.27000e-07 5.92152e+15
5.29000e-07 5.85233e+15
5.31000e-07 5.76785e+15
5.33000e-07 5.68923e+15
5.35000e-07 5.60755e+15
5.37000e-07 5.53033e+15
5.39000e-07 5.44955e+15
5.41000e-07 5.35489e+15
5.43000e-07 5.30516e+15
5.45000e-07 5.23002e+15
5.47000e-07 5.15773e+15
5.49000e-07 5.08609e+15
5.51000e-07 5.01958e+15
5.53000e-07 4.94737e+15
5.55000e-07 4.88572e+15
5.57000e-07 4.81828e+15
5.59000e-07 4.74866e+15
5.61000e-07 4.69164e+15
5.63000e-07 4.62936e+15
5.65000e-07 4.56349e+15
5.67000e-07 4.49045e+15
5.69000e-07 4.39971e+15
5.71000e-07 4.37703e+15
5.73000e-07 4.32657e+15
5.75000e-07 4.25846e+15
5.77000e-07 4.21734e+15
5.79000e-07 4.16005e+15
5.81000e-07 4.10311e+15
5.83000e-07 4.04353e+15
5.85000e-07 3.99963e+15
5.87000e-07 3.85172e+15
5.89000e-07 3.88077e+15
5.91000e-07 3.84215e+15
5.93000e-07 3.79035e+15
5.95000e-07 3.74235e+15
5.97000e-07 3.70580e+15
5.99000e-07 3.65138e+15
6.01000e-07 3.61022e+15
6.03000e-07 3.56062e+15
6.05000e-07 3.51900e+15
6.07000e-07 3.47734e+15
6.09000e-07 3.43595e+15
6.11000e-07 3.39180e+15
6.13000e-07 3.35155e+15
6.15000e-07 3.30310e+15
6.17000e-07 3.26371e+15
6.19000e-07 3.22869e+15
6.21000e-07 3.19112e+15
6.23000e-07 3.15116e+15
6.25000e-07 3.11106e+15
6.27000e-07 3.07533e+15
6.29000e-07 3.04010e+15
6.31000e-07 2.99976e+15
6.33000e-07 2.96786e+15
6.35000e-07 2.92976e+15
6.37000e-07 2.89793e+15
6.39000e-07 2.86265e+15
6.41000e-07 2.82758e+15
6.43000e-07 2.79635e+15
6.45000e-07 2.76246e+15
6.47000e-07 2.72363e+15
6.49000e-07 2.69113e+15
6.51000e-07 2.66289e+15
6.53000e-07 2.62372e+15
6.55000e-07 2.53167e+15
6.56125e-07 2.27653e+15
6.59000e-07 2.51604e+15
6.61000e-07 2.51067e+15
6.63000e-07 2.48697e+15
6.65000e-07 2.45738e+15
6.67000e-07 2.40846e+15
6.69000e-07 2.38137e+15
6.71000e-07 2.37447e+15
6.73000e-07 2.34308e+15
6.75000e-07 2.32161e+15
6.77000e-07 2.29813e+15
6.79000e-07 2.26370e+15
6.81000e-07 2.24571e+15
6.83000e-07 2.22062e+15
6.85000e-07 2.19691e+15
6.87000e-07 2.17217e+15
6.89000e-07 2.14378e+15
6.91000e-07 2.11972e+15
6.93000e-07 2.10216e+15
6.95000e-07 2.07924e+15
6.97000e-07 2.05662e+15
6.99000e-07 2.03392e+15
7.01000e-07 2.01206e+15
7.03000e-07 1.98798e+15
7.05000e-07 1.96762e+15
7.07000e-07 1.92010e+15
7.09000e-07 1.92652e+15
7.11000e-07 1.89878e+15
7.13000e-07 1.87977e+15
7.15000e-07 1.86558e+15
7.17000e-07 1.84405e+15
7.19000e-07 1.82615e+15
7.21000e-07 1.80690e+15
7.23000e-07 1.77249e+15
7.25000e-07 1.76645e+15
7.27000e-07 1.75040e+15
7.29000e-07 1.71919e+15
7.31000e-07 1.71360e+15
7.33000e-07 1.69571e+15
7.35000e-07 1.67840e+15
7.37000e-07 1.66126e+15
7.39000e-07 1.64407e+15
7.41000e-07 1.62711e+15
7.43000e-07 1.61045e+15
7.45000e-07 1.59380e+15
7.47000e-07 1.57428e+15
7.49000e-07 1.55943e+15
7.51000e-07 1.54519e+15
7.53000e-07 1.52909e+15
7.55000e-07 1.51465e+15
7.57000e-07 1.49917e+15
7.59000e-07 1.48232e+15
7.61000e-07 1.46706e+15
7.63000e-07 1.45400e+15
7.65000e-07 1.43959e+15
7.67000e-07 1.42569e+15
7.69000e-07 1.41032e+15
7.71000e-07 1.39661e+15
7.73000e-07 1.38208e+15
7.75000e-07 1.36968e+15
7.77000e-07 1.35603e+15
7.79000e-07 1.34324e+15
7.81000e-07 1.32926e+15
7.83000e-07 1.31707e+15
7.85000e-07 1.30475e+15
7.87000e-07 1.28973e+15
7.89000e-07 1.27588e+15
7.91000e-07 1.26534e+15
7.93000e-07 1.25238e+15
7.95000e-07 1.24161e+15
7.97000e-07 1.22898e+15
7.99000e-07 1.21829e+15
8.01000e-07 1.20517e+15
8.03000e-07 1.19433e+15
8.05000e-07 1.18363e+15
8.07000e-07 1.17309e+15
8.09000e-07 1.16016e+15
8.11000e-07 1.14505e+15
8.13000e-07 1.14045e+15
8.15000e-07 1.12771e+15
8.17000e-07 1.11903e+15
8.19000e-07 1.10504e+15
8.21000e-07 1.08893e+15
8.23000e-07 1.07803e+15
8.25000e-07 1.07247e+15
8.27000e-07 1.05628e+15
8.29000e-07 1.05228e+15
8.31000e-07 1.04346e+15
8.33000e-07 1.03308e+15
8.35000e-07 1.02106e+15
8.37000e-07 1.01264e+15
8.39000e-07 1.00690e+15
8.41000e-07 9.96314e+14
8.43000e-07 9.86450e+14
8.45000e-07 9.72975e+14
8.47000e-07 9.67966e+14
8.49000e-07 9.55832e+14
8.51000e-07 9.45414e+14
8.53000e-07 9.39174e+14
8.55000e-07 9.23087e+14
8.57000e-07 9.31299e+14
8.59000e-07 9.00521e+14
8.61000e-07 8.97257e+14
8.63000e-07 9.13134e+14
8.65000e-07 8.88373e+14
8.67000e-07 8.52956e+14
8.69000e-07 8.86300e+14
8.71000e-07 8.88144e+14
8.73000e-07 8.63961e+14
8.75000e-07 8.09826e+14
8.77000e-07 8.39493e+14
8.79000e-07 8.58886e+14
8.81000e-07 8.54069e+14
8.83000e-07 8.42038e+14
8.85000e-07 8.00046e+14
8.87000e-07 7.58614e+14
8.89000e-07 8.13217e+14
8.91000e-07 8.17637e+14
8.93000e-07 8.12184e+14
8.95000e-07 8.06394e+14
8.97000e-07 7.97980e+14
8.99000e-07 7.74436e+14
9.01000e-07 7.09930e+14
9.03000e-07 7.32939e+14
9.05000e-07 7.65903e+14
9.07000e-07 7.59873e+14
9.09000e-07 7.58767e+14
9.11000e-07 7.55303e+14
9.13000e-07 7.49376e+14
9.15000e-07 7.42954e+14
9.17000e-07 7.33355e+14
9.19000e-07 7.25170e+14
9.21000e-07 6.96531e+14
9.23000e-07 6.28688e+14
9.25000e-07 6.83828e+14
9.27000e-07 7.00038e+14
9.29000e-07 6.98206e+14
9.31000e-07 6.91689e+14
9.33000e-07 6.87385e+14
9.35000e-07 6.81344e+14
9.37000e-07 6.77109e+14
9.39000e-07 6.71920e+14
9.41000e-07 6.65961e+14
9.43000e-07 6.60598e+14
9.45000e-07 6.54978e+14
9.47000e-07 6.46711e+14
9.49000e-07 6.42357e+14
9.51000e-07 6.29286e+14
9.53000e-07 6.03874e+14
9.55000e-07 5.48020e+14
9.57000e-07 6.04966e+14
9.59000e-07 6.14816e+14
9.61000e-07 6.10791e+14
9.63000e-07 6.05616e+14
9.65000e-07 6.04484e+14
9.67000e-07 5.99690e+14
9.69000e-07 5.94408e+14
9.71000e-07 5.84051e+14
9.73000e-07 5.84676e+14
9.75000e-07 5.80655e+14
9.77000e-07 5.76031e+14
9.79000e-07 5.71478e+14
9.81000e-07 5.66645e+14
9.83000e-07 5.62548e+14
9.85000e-07 5.57898e+14
9.87000e-07 5.53280e+14
9.89000e-07 5.48348e+14
9.91000e-07 5.42340e+14
9.93000e-07 5.40769e+14
9.95000e-07 5.36466e+14
9.97000e-07 5.31776e+14
9.99000e-07 5.26743e+14
1.00250e-06 5.00317e+14
1.00750e-06 4.84526e+14
1.01250e-06 4.97502e+14
1.01750e-06 4.91934e+14
1.02250e-06 4.82342e+14
1.02750e-06 4.73484e+14
1.03250e-06 4.62937e+14
1.03750e-06 4.56001e+14
1.04250e-06 4.47512e+14
1.04750e-06 4.39267e+14
1.05250e-06 4.31091e+14
1.05750e-06 4.23285e+14
1.06250e-06 4.15539e+14
1.06750e-06 4.07490e+14
1.07250e-06 4.00654e+14
1.07750e-06 3.93439e+14
1.08250e-06 3.82837e+14
1.08750e-06 3.78210e+14
1.09250e-06 3.45402e+14
1.09750e-06 3.58213e+14
1.10250e-06 3.57946e+14
1.10750e-06 3.53432e+14
1.11250e-06 3.47248e+14
1.11750e-06 3.41282e+14
1.12250e-06 3.35229e+14
1.12750e-06 3.29595e+14
1.13250e-06 3.23666e+14
1.13750e-06 3.18293e+14
1.14250e-06 3.12858e+14
1.14750e-06 3.07677e+14
1.15250e-06 3.02546e+14
1.15750e-06 2.97323e+14
1.16250e-06 2.92206e+14
1.16750e-06 2.87221e+14
1.17250e-06 2.82886e+14
1.17750e-06 2.78179e+14
1.18250e-06 2.73568e+14
1.18750e-06 2.69132e+14
1.19250e-06 2.64753e+14
1.19750e-06 2.58695e+14
1.20250e-06 2.56246e+14
1.20750e-06 2.52118e+14
1.21250e-06 2.48037e+14
1.21750e-06 2.44107e+14
1.22250e-06 2.40219e+14
1.22750e-06 2.36426e+14
1.23250e-06 2.32666e+14
1.23750e-06 2.28994e+14
1.24250e-06 2.25449e+14
1.24750e-06 2.21733e+14
1.25250e-06 2.17964e+14
1.25750e-06 2.15014e+14
1.26250e-06 2.11719e+14
1.26750e-06 2.08523e+14
1.27250e-06 2.05201e+14
1.27750e-06 1.98671e+14
1.28250e-06 1.84450e+14
1.28750e-06 1.94802e+14
1.29250e-06 1.93124e+14
1.29750e-06 1.89372e+14
1.30250e-06 1.87294e+14
1.30750e-06 1.84619e+14
1.31250e-06 1.81879e+14
1.31750e-06 1.79186e+14
1.32250e-06 1.76544e+14
1.32750e-06 1.73951e+14
1.33250e-06 1.71358e+14
1.33750e-06 1.68822e+14
1.34250e-06 1.66266e+14
1.34750e-06 1.64010e+14
1.35250e-06 1.61576e+14
1.35750e-06 1.59329e+14
1.36250e-06 1.56930e+14
1.36750e-06 1.54807e+14
1.37250e-06 1.52488e+14
1.37750e-06 1.50457e+14
1.38250e-06 1.48332e+14
1.38750e-06 1.46232e+14
1.39250e-06 1.44086e+14
1.39750e-06 1.42146e+14
1.40250e-06 1.40110e+14
1.40750e-06 1.38253e+14
1.41250e-06 1.36313e+14
1.41750e-06 1.34451e+14
1.42250e-06 1.32614e+14
1.42750e-06 1.30783e+14
1.43250e-06 1.29003e+14
1.43750e-06 1.27243e+14
1.44250e-06 1.25537e+14
1.44750e-06 1.23844e+14
1.45250e-06 1.22160e+14
1.45700e-06 1.20694e+14
1.46200e-06 1.19098e+14
1.46750e-06 1.17363e+14
1.47250e-06 1.15807e+14
1.47750e-06 1.14234e+14
1.48250e-06 1.12777e+14
1.48750e-06 1.11298e+14
1.49250e-06 1.09844e+14
1.49750e-06 1.08401e+14
1.50250e-06 1.06974e+14
1.50750e-06 1.05404e+14
1.51250e-06 1.04188e+14
1.51750e-06 1.02827e+14
1.52250e-06 1.01434e+14
1.52750e-06 1.00095e+14
1.53250e-06 9.87496e+13
1.53750e-06 9.75251e+13
1.54250e-06 9.61101e+13
1.54750e-06 9.50370e+13
1.55250e-06 9.37490e+13
1.55750e-06 9.23188e+13
1.56250e-06 9.17258e+13
1.56750e-06 9.00422e+13
1.57250e-06 8.87194e+13
1.57750e-06 8.84758e+13
1.58250e-06 8.72391e+13
1.58750e-06 8.48428e+13
1.59250e-06 8.47907e+13
1.59750e-06 8.44807e+13
1.60500e-06 8.24265e+13
1.61500e-06 7.96756e+13
1.62500e-06 7.90804e+13
1.63500e-06 7.64531e+13
1.64500e-06 7.38196e+13
1.65500e-06 7.36151e+13
1.66500e-06 7.19263e+13
1.67500e-06 6.93849e+13
1.68500e-06 6.68468e+13
1.69500e-06 6.69927e+13
1.70500e-06 6.51789e+13
1.71500e-06 6.40021e+13
1.72500e-06 6.24520e+13
1.73500e-06 5.88594e+13
1.74500e-06 5.94462e+13
1.75500e-06 5.84343e+13
1.76500e-06 5.71392e+13
1.77500e-06 5.58742e+13
1.78500e-06 5.46185e+13
1.79500e-06 5.34574e+13
1.80500e-06 5.22400e+13
1.81500e-06 4.92141e+13
1.82500e-06 4.95867e+13
1.83500e-06 4.89929e+13
1.84500e-06 4.79498e+13
1.85500e-06 4.68857e+13
1.86500e-06 4.55665e+13
1.87500e-06 4.31400e+13
1.88500e-06 4.39972e+13
1.89500e-06 4.31270e+13
1.90500e-06 4.21221e+13
1.91500e-06 4.13854e+13
1.92500e-06 4.05438e+13
1.93500e-06 3.95956e+13
1.94500e-06 3.71211e+13
1.95500e-06 3.79724e+13
1.96500e-06 3.73742e+13
1.97500e-06 3.66316e+13
1.98500e-06 3.59059e+13
1.99500e-06 3.51985e+13
2.00500e-06 3.45081e+13
2.01500e-06 3.38352e+13
2.02500e-06 3.31785e+13
2.03500e-06 3.25375e+13
2.04500e-06 3.19012e+13
2.05500e-06 3.12436e+13
2.06500e-06 3.07049e+13
2.07500e-06 3.01201e+13
2.08500e-06 2.95536e+13
2.09500e-06 2.89967e+13
2.10500e-06 2.84523e+13
2.11500e-06 2.78234e+13
2.12500e-06 2.74103e+13
2.13500e-06 2.69046e+13
2.14500e-06 2.64029e+13
2.15500e-06 2.58567e+13
2.16500e-06 2.42367e+13
2.17500e-06 2.48609e+13
2.18500e-06 2.45297e+13
2.19500e-06 2.41050e+13
2.20500e-06 2.36746e+13
2.21500e-06 2.32532e+13
2.22500e-06 2.28369e+13
2.23500e-06 2.24392e+13
2.24500e-06 2.20446e+13
2.25500e-06 2.16599e+13
2.26500e-06 2.12825e+13
2.27500e-06 2.09138e+13
2.28500e-06 2.05667e+13
2.29500e-06 2.02634e+13
2.30500e-06 1.99121e+13
2.31500e-06 1.95766e+13
2.32500e-06 1.92448e+13
2.33500e-06 1.89194e+13
2.34500e-06 1.86008e+13
2.35500e-06 1.82876e+13
2.36500e-06 1.79568e+13
2.37500e-06 1.76443e+13
2.38500e-06 1.73476e+13
2.39500e-06 1.70546e+13
2.40500e-06 1.67724e+13
2.41500e-06 1.64955e+13
2.42500e-06 1.62163e+13
2.43500e-06 1.59550e+13
2.44500e-06 1.56893e+13
2.45500e-06 1.54454e+13
2.46500e-06 1.51858e+13
2.47500e-06 1.49275e+13
2.48500e-06 1.47209e+13
2.49500e-06 1.44585e+13
2.50500e-06 1.43097e+13
2.51500e-06 1.40526e+13
2.52500e-06 1.37654e+13
2.53500e-06 1.35990e+13
2.54500e-06 1.34254e+13
2.55500e-06 1.31740e+13
2.56500e-06 1.28991e+13
2.57500e-06 1.27832e+13
2.58500e-06 1.26287e+13
2.59500e-06 1.24247e+13
2.60500e-06 1.21662e+13
2.61500e-06 1.18563e+13
2.62500e-06 1.12938e+13
2.63500e-06 1.16266e+13
2.64500e-06 1.15254e+13
2.65500e-06 1.13425e+13
2.66500e-06 1.11313e+13
2.67500e-06 1.08302e+13
2.68500e-06 1.08020e+13
2.69500e-06 1.06997e+13
2.70500e-06 1.05435e+13
2.71500e-06 1.03898e+13
2.72500e-06 1.02391e+13
2.73500e-06 1.00908e+13
2.74500e-06 9.91895e+12
2.75500e-06 9.60585e+12
2.76500e-06 9.56261e+12
2.77500e-06 9.51534e+12
2.78500e-06 9.38884e+12
2.79500e-06 9.25620e+12
2.80500e-06 9.12424e+12
2.81500e-06 8.99678e+12
2.82500e-06 8.87088e+12
2.83500e-06 8.74701e+12
2.84500e-06 8.62512e+12
2.85500e-06 8.49594e+12
2.86500e-06 8.31189e+12
2.87500e-06 8.03950e+12
2.88500e-06 8.12870e+12
2.89500e-06 8.04702e+12
2.90500e-06 7.93725e+12
2.91500e-06 7.82969e+12
2.92500e-06 7.72340e+12
2.93500e-06 7.61926e+12
2.94500e-06 7.51678e+12
2.95500e-06 7.41594e+12
2.96500e-06 7.31672e+12
2.97500e-06 7.21952e+12
2.98500e-06 7.12345e+12
2.99500e-06 7.02892e+12
3.00500e-06 6.93633e+12
3.01500e-06 6.84314e+12
3.02500e-06 6.73951e+12
3.03500e-06 6.48209e+12
3.04500e-06 6.46356e+12
3.05500e-06 6.48469e+12
3.06500e-06 6.41036e+12
3.07500e-06 6.32531e+12
3.08500e-06 6.24518e+12
3.09500e-06 6.16713e+12
3.10500e-06 6.08800e+12
3.11500e-06 6.01054e+12
3.12500e-06 5.93356e+12
3.13500e-06 5.85935e+12
3.14500e-06 5.78558e+12
3.15500e-06 5.71301e+12
3.16500e-06 5.64124e+12
3.17500e-06 5.57100e+12
3.18500e-06 5.50154e+12
3.19500e-06 5.43320e+12
3.21000e-06 5.33282e+12
3.23000e-06 5.20235e+12
3.25000e-06 5.07574e+12
3.27000e-06 4.95219e+12
3.29000e-06 4.71257e+12
3.31000e-06 4.69568e+12
3.33000e-06 4.61260e+12
3.35000e-06 4.50465e+12
3.37000e-06 4.39893e+12
3.39000e-06 4.29604e+12
3.41000e-06 4.19655e+12
3.43000e-06 4.09972e+12
3.45000e-06 4.00580e+12
3.47000e-06 3.91439e+12
3.49000e-06 3.82573e+12
3.51000e-06 3.73945e+12
3.53000e-06 3.65547e+12
3.55000e-06 3.57404e+12
3.57000e-06 3.49273e+12
3.59000e-06 3.41563e+12
3.61000e-06 3.33770e+12
3.63000e-06 3.26729e+12
3.65000e-06 3.19284e+12
3.67000e-06 3.12933e+12
3.69000e-06 3.05400e+12
3.71000e-06 2.98968e+12
3.73000e-06 2.89001e+12
3.75000e-06 2.81131e+12
3.77000e-06 2.80780e+12
3.79000e-06 2.75255e+12
3.81000e-06 2.68661e+12
3.83000e-06 2.63243e+12
3.85000e-06 2.58533e+12
3.87000e-06 2.53226e+12
3.89000e-06 2.47716e+12
3.91000e-06 2.41652e+12
3.93000e-06 2.37994e+12
3.95000e-06 2.33359e+12
3.97000e-06 2.28700e+12
3.99000e-06 2.24153e+12
4.01000e-06 2.18659e+12
4.03000e-06 2.13662e+12
4.05000e-06 2.05746e+12
4.07000e-06 2.06884e+12
4.09000e-06 2.03045e+12
4.11000e-06 1.99127e+12
4.13000e-06 1.95154e+12
4.15000e-06 1.91293e+12
4.17000e-06 1.85879e+12
4.19000e-06 1.84025e+12
4.21000e-06 1.80887e+12
4.23000e-06 1.77494e+12
4.25000e-06 1.74102e+12
4.27000e-06 1.70940e+12
4.29000e-06 1.67532e+12
4.31000e-06 1.64685e+12
4.33000e-06 1.61664e+12
4.35000e-06 1.58614e+12
4.37000e-06 1.53826e+12
4.39000e-06 1.52214e+12
4.41000e-06 1.50252e+12
4.43000e-06 1.47560e+12
4.45000e-06 1.44926e+12
4.47000e-06 1.42459e+12
4.49000e-06 1.39939e+12
4.51000e-06 1.37473e+12
4.53000e-06 1.35061e+12
4.55000e-06 1.32702e+12
4.57000e-06 1.30394e+12
4.59000e-06 1.28136e+12
4.61000e-06 1.25892e+12
4.63000e-06 1.23603e+12
4.65000e-06 1.17724e+12
4.67000e-06 1.16965e+12
4.69000e-06 1.16987e+12
4.71000e-06 1.15564e+12
4.73000e-06 1.13624e+12
4.75000e-06 1.11721e+12
4.77000e-06 1.09859e+12
4.79000e-06 1.08037e+12
4.81000e-06 1.06250e+12
4.83000e-06 1.04501e+12
4.85000e-06 1.02788e+12
4.87000e-06 1.01108e+12
4.89000e-06 9.94632e+11
4.91000e-06 9.78514e+11
4.93000e-06 9.62732e+11
4.95000e-06 9.47250e+11
4.97000e-06 9.32092e+11
4.99000e-06 9.17221e+11
5.01000e-06 9.02648e+11
5.03000e-06 8.88367e+11
5.05000e-06 8.74372e+11
5.07000e-06 8.60643e+11
5.09000e-06 8.47175e+11
5.11000e-06 8.31020e+11
5.13000e-06 8.00661e+11
5.15000e-06 8.06584e+11
5.17000e-06 7.95916e+11
5.19000e-06 7.83710e+11
5.21000e-06 7.71737e+11
5.23000e-06 7.59992e+11
5.25000e-06 7.48472e+11
5.27000e-06 7.37159e+11
5.29000e-06 7.26062e+11
5.31000e-06 7.15179e+11
5.33000e-06 7.04491e+11
5.35000e-06 6.94008e+11
5.37000e-06 6.83714e+11
5.39000e-06 6.73605e+11
5.41000e-06 6.63691e+11
5.43000e-06 6.53956e+11
5.45000e-06 6.44396e+11
5.47000e-06 6.35008e+11
5.49000e-06 6.25790e+11
5.51000e-06 6.16751e+11
5.53000e-06 6.07863e+11
5.55000e-06 5.99136e+11
5.57000e-06 5.90567e+11
5.59000e-06 5.82141e+11
5.61000e-06 5.73868e+11
5.63000e-06 5.65745e+11
5.65000e-06 5.57770e+11
5.67000e-06 5.49928e+11
5.69000e-06 5.42229e+11
5.71000e-06 5.34659e+11
5.73000e-06 5.27215e+11
5.75000e-06 5.19908e+11
5.77000e-06 5.12734e+11
5.79000e-06 5.05658e+11
5.81000e-06 4.98734e+11
5.83000e-06 4.91916e+11
5.85000e-06 4.85420e+11
5.87000e-06 4.78816e+11
5.89000e-06 4.70152e+11
5.91000e-06 4.51928e+11
5.93000e-06 4.58495e+11
5.95000e-06 4.53545e+11
5.97000e-06 4.47488e+11
5.99000e-06 4.41534e+11
6.01000e-06 4.35669e+11
6.03000e-06 4.29903e+11
6.05000e-06 4.24235e+11
6.07000e-06 4.18663e+11
6.09000e-06 4.13186e+11
6.11000e-06 4.07790e+11
6.13000e-06 4.02477e+11
6.15000e-06 3.97254e+11
6.17000e-06 3.92120e+11
6.19000e-06 3.87063e+11
6.21000e-06 3.82093e+11
6.23000e-06 3.77197e+11
6.25000e-06 3.72386e+11
6.27000e-06 3.67647e+11
6.29000e-06 3.62980e+11
6.31000e-06 3.58393e+11
6.33000e-06 3.53866e+11
6.35000e-06 3.49426e+11
6.37000e-06 3.45044e+11
6.39000e-06 3.40738e+11
6.42000e-06 3.34389e+11
6.46000e-06 3.26171e+11
6.50000e-06 3.18192e+11
6.54000e-06 3.10454e+11
6.58000e-06 3.02958e+11
6.62000e-06 2.95680e+11
6.66000e-06 2.88623e+11
6.70000e-06 2.81772e+11
6.74000e-06 2.75120e+11
6.78000e-06 2.68670e+11
6.82000e-06 2.62402e+11
6.86000e-06 2.56317e+11
6.90000e-06 2.50402e+11
6.94000e-06 2.44661e+11
6.98000e-06 2.39081e+11
7.02000e-06 2.33666e+11
7.06000e-06 2.28395e+11
7.10000e-06 2.23273e+11
7.14000e-06 2.18296e+11
7.18000e-06 2.13458e+11
7.22000e-06 2.08751e+11
7.26000e-06 2.04177e+11
7.30000e-06 1.99719e+11
7.34000e-06 1.95387e+11
7.38000e-06 1.91172e+11
7.42000e-06 1.86749e+11
7.46000e-06 1.79411e+11
7.50000e-06 1.75285e+11
7.54000e-06 1.75259e+11
7.58000e-06 1.71716e+11
7.62000e-06 1.68127e+11
7.66000e-06 1.64636e+11
7.70000e-06 1.61227e+11
7.74000e-06 1.57911e+11
7.78000e-06 1.54673e+11
7.82000e-06 1.51524e+11
7.86000e-06 1.48455e+11
7.90000e-06 1.45459e+11
7.94000e-06 1.42539e+11
7.98000e-06 1.39694e+11
8.02000e-06 1.36915e+11
8.06000e-06 1.34209e+11
8.10000e-06 1.31566e+11
8.14000e-06 1.28991e+11
8.18000e-06 1.26477e+11
8.22000e-06 1.24022e+11
8.26000e-06 1.21631e+11
8.30000e-06 1.19292e+11
8.34000e-06 1.17013e+11
8.38000e-06 1.14788e+11
8.42000e-06 1.12610e+11
8.46000e-06 1.10490e+11
8.50000e-06 1.08415e+11
8.54000e-06 1.06389e+11
8.58000e-06 1.04412e+11
8.62000e-06 1.02482e+11
8.66000e-06 1.00593e+11
8.70000e-06 9.87493e+10
8.74000e-06 9.69449e+10
8.78000e-06 9.51840e+10
8.82000e-06 9.34606e+10
8.86000e-06 9.17787e+10
8.90000e-06 9.01328e+10
8.94000e-06 8.85220e+10
8.98000e-06 8.69503e+10
9.02000e-06 8.54122e+10
9.06000e-06 8.39070e+10
9.10000e-06 8.24340e+10
9.14000e-06 8.09925e+10
9.18000e-06 7.95863e+10
9.22000e-06 7.82059e+10
9.26000e-06 7.68596e+10
9.30000e-06 7.55378e+10
9.34000e-06 7.42487e+10
9.38000e-06 7.29830e+10
9.42000e-06 7.17490e+10
9.46000e-06 7.05373e+10
9.50000e-06 6.93518e+10
9.54000e-06 6.81878e+10
9.58000e-06 6.70531e+10
9.62000e-06 6.59389e+10
9.66000e-06 6.48490e+10
9.70000e-06 6.37787e+10
9.74000e-06 6.27357e+10
9.78000e-06 6.17076e+10
9.82000e-06 6.07059e+10
9.86000e-06 5.97222e+10
9.90000e-06 5.87563e+10
9.94000e-06 5.78153e+10
9.98000e-06 5.68876e+10
1.00200e-05 5.59803e+10
2.00000e-05 3.46601e+09
4.00000e-05 2.11466e+08
6.00000e-05 4.11201e+07
8.00000e-05 1.28642e+07
1.00000e-04 5.22337e+06
1.20000e-04 2.50173e+06
1.40000e-04 1.34272e+06
1.60000e-04 7.83305e+05
