9.09000e-09 0.00000e+00
9.35000e-09 0.00000e+00
9.61000e-09 0.00000e+00
9.77000e-09 0.00000e+00
9.96000e-09 0.00000e+00
1.02000e-08 0.00000e+00
1.03800e-08 0.00000e+00
1.05600e-08 0.00000e+00
1.07700e-08 0.00000e+00
1.10400e-08 0.00000e+00
1.14000e-08 0.00000e+00
1.17800e-08 0.00000e+00
1.21300e-08 0.00000e+00
1.24800e-08 0.00000e+00
1.27100e-08 0.00000e+00
1.28400e-08 0.00000e+00
1.30500e-08 0.00000e+00
1.32400e-08 0.00000e+00
1.33900e-08 0.00000e+00
1.36600e-08 0.00000e+00
1.39800e-08 0.00000e+00
1.43300e-08 0.00000e+00
1.47200e-08 0.00000e+00
1.51000e-08 0.00000e+00
1.55200e-08 0.00000e+00
1.58800e-08 0.00000e+00
1.62000e-08 0.00000e+00
1.66000e-08 0.00000e+00
1.70300e-08 0.00000e+00
1.73400e-08 0.00000e+00
1.76800e-08 0.00000e+00
1.80200e-08 0.00000e+00
1.81700e-08 0.00000e+00
1.86100e-08 0.00000e+00
1.91000e-08 0.00000e+00
1.93900e-08 0.00000e+00
1.98400e-08 0.00000e+00
2.01800e-08 0.00000e+00
2.05000e-08 0.00000e+00
2.10500e-08 0.00000e+00
2.16200e-08 0.00000e+00
2.19800e-08 0.00000e+00
2.23000e-08 0.00000e+00
2.26800e-08 0.00000e+00
2.30000e-08 0.00000e+00
2.34000e-08 0.00000e+00
2.40000e-08 0.00000e+00
2.46500e-08 0.00000e+00
2.52400e-08 0.00000e+00
2.56800e-08 0.00000e+00
2.60000e-08 0.00000e+00
2.64000e-08 0.00000e+00
2.68500e-08 0.00000e+00
2.73500e-08 0.00000e+00
2.78500e-08 0.00000e+00
2.84000e-08 0.00000e+00
2.90000e-08 0.00000e+00
2.96000e-08 0.00000e+00
3.01000e-08 0.00000e+00
3.08000e-08 0.00000e+00
3.18000e-08 0.00000e+00
3.28000e-08 0.00000e+00
3.38000e-08 0.00000e+00
3.48000e-08 0.00000e+00
3.57000e-08 0.00000e+00
3.66000e-08 0.00000e+00
3.75000e-08 0.00000e+00
3.85000e-08 0.00000e+00
3.95000e-08 0.00000e+00
4.05000e-08 0.00000e+00
4.14000e-08 0.00000e+00
4.22000e-08 0.00000e+00
4.30000e-08 0.00000e+00
4.41000e-08 0.00000e+00
4.51000e-08 0.00000e+00
4.60000e-08 0.00000e+00
4.70000e-08 0.00000e+00
4.80000e-08 0.00000e+00
4.90000e-08 0.00000e+00
5.00000e-08 0.00000e+00
5.06000e-08 2.84700e-01
5.12000e-08 4.99770e-01
5.20000e-08 9.15104e-01
5.30000e-08 1.90954e+00
5.40000e-08 3.83384e+00
5.50000e-08 7.57147e+00
5.60000e-08 1.45719e+01
5.70000e-08 2.74356e+01
5.80000e-08 5.03670e+01
5.90000e-08 9.16101e+01
6.00000e-08 1.62810e+02
6.10000e-08 2.84639e+02
6.20000e-08 4.89289e+02
6.30000e-08 8.28105e+02
6.40000e-08 1.38064e+03
6.50000e-08 2.27099e+03
6.58000e-08 3.34744e+03
6.65000e-08 4.66516e+03
6.75000e-08 7.42051e+03
6.85000e-08 1.16594e+04
6.95000e-08 1.80977e+04
7.05000e-08 2.77288e+04
7.16000e-08 4.38866e+04
7.26000e-08 6.57925e+04
7.35000e-08 9.38784e+04
7.45000e-08 1.38006e+05
7.55000e-08 2.00927e+05
7.65000e-08 2.89778e+05
7.75000e-08 4.14079e+05
7.85000e-08 5.86531e+05
7.95000e-08 8.21919e+05
8.05000e-08 1.14567e+06
8.15000e-08 1.58332e+06
8.25000e-08 2.16975e+06
8.35000e-08 2.95014e+06
8.45000e-08 3.98291e+06
8.55000e-08 5.33795e+06
8.65000e-08 7.10437e+06
8.75000e-08 9.38794e+06
8.85000e-08 1.23338e+07
8.95000e-08 1.60964e+07
9.05000e-08 2.08649e+07
9.15000e-08 7.53213e+08
9.25000e-08 4.64383e+09
9.35000e-08 7.36590e+09
9.45000e-08 1.11759e+10
9.55000e-08 1.57500e+10
9.65000e-08 2.03207e+10
9.75000e-08 1.95442e+10
9.85000e-08 2.82634e+10
9.95000e-08 3.13911e+10
1.00500e-07 4.01115e+10
1.01500e-07 4.72273e+10
1.02500e-07 3.86009e+10
1.03500e-07 6.18960e+10
1.04500e-07 7.36746e+10
1.05500e-07 8.47337e+10
1.06500e-07 9.33900e+10
1.07500e-07 1.10370e+11
1.08500e-07 1.24777e+11
1.09500e-07 1.35642e+11
1.10500e-07 3.70429e+11
1.11500e-07 7.30507e+11
1.12500e-07 9.53178e+11
1.13500e-07 1.07519e+12
1.14500e-07 1.09454e+12
1.15500e-07 1.09665e+12
1.16500e-07 1.24342e+12
1.17500e-07 1.27485e+12
1.18500e-07 1.20255e+12
1.19500e-07 7.55057e+11
1.20500e-07 7.60297e+11
1.21500e-07 1.91353e+11
1.22500e-07 8.34361e+11
1.23500e-07 1.64828e+12
1.24500e-07 3.36184e+12
1.25500e-07 7.91313e+12
1.26500e-07 1.27562e+13
1.27500e-07 5.59479e+13
1.28500e-07 1.41247e+14
1.29500e-07 1.97105e+14
1.30500e-07 1.26938e+14
1.31500e-07 2.90975e+14
1.32500e-07 3.52434e+14
1.33500e-07 3.40621e+14
1.34500e-07 4.80913e+14
1.35500e-07 4.51927e+14
1.36500e-07 4.32611e+14
1.37500e-07 5.10092e+14
1.38500e-07 4.71526e+14
1.39500e-07 5.40832e+14
1.40500e-07 5.54897e+14
1.41500e-07 5.10617e+14
1.42500e-07 5.88019e+14
1.43500e-07 5.20139e+14
1.44200e-07 6.24730e+14
1.44700e-07 7.26901e+14
1.45500e-07 7.26154e+14
1.46500e-07 6.18240e+14
1.47500e-07 6.18370e+14
1.48500e-07 6.85101e+14
1.49500e-07 7.64813e+14
1.50500e-07 7.95832e+14
1.51200e-07 6.89772e+14
1.51700e-07 7.49061e+14
1.52500e-07 6.48661e+14
1.53500e-07 5.70318e+14
1.54500e-07 8.37447e+14
1.55500e-07 7.33760e+14
1.56500e-07 6.55272e+14
1.57500e-07 8.22296e+14
1.58500e-07 8.81578e+14
1.59500e-07 9.80200e+14
1.60500e-07 9.12451e+14
1.61500e-07 8.67084e+14
1.62500e-07 7.29329e+14
1.63500e-07 8.41928e+14
1.64500e-07 9.28397e+14
1.65500e-07 6.53585e+14
1.66500e-07 9.09597e+14
1.67200e-07 5.77146e+14
1.67700e-07 8.95474e+14
1.68500e-07 1.00027e+15
1.69500e-07 8.54265e+14
1.70500e-07 8.39219e+14
1.71500e-07 8.63711e+14
1.72500e-07 8.47459e+14
1.73500e-07 9.21306e+14
1.74500e-07 9.00248e+14
1.75500e-07 1.00403e+15
1.76500e-07 8.13703e+14
1.77500e-07 9.49435e+14
1.78500e-07 9.36155e+14
1.79500e-07 1.06025e+15
1.80500e-07 9.95622e+14
1.81500e-07 9.67676e+14
1.82500e-07 9.33551e+14
1.83500e-07 8.81056e+14
1.84500e-07 7.87321e+14
1.85500e-07 8.60726e+14
1.86500e-07 8.81934e+14
1.87500e-07 9.03928e+14
1.88500e-07 8.96335e+14
1.89500e-07 9.15498e+14
1.90500e-07 8.52916e+14
1.91500e-07 9.12439e+14
1.92500e-07 9.18864e+14
1.93500e-07 8.41948e+14
1.94500e-07 9.38364e+14
1.95500e-07 9.24787e+14
1.96700e-07 9.70840e+14
1.97600e-07 9.48547e+14
1.98400e-07 9.18766e+14
1.99500e-07 8.82064e+14
2.00500e-07 8.49672e+14
2.01500e-07 8.33734e+14
2.02500e-07 8.04289e+14
2.03500e-07 8.50095e+14
2.04500e-07 9.02274e+14
2.05500e-07 8.61078e+14
2.06500e-07 8.38455e+14
2.07400e-07 8.98676e+14
2.07800e-07 9.16507e+14
2.08500e-07 8.97451e+14
2.09500e-07 8.61265e+14
2.10500e-07 8.12546e+14
2.11500e-07 8.16082e+14
2.12500e-07 8.43709e+14
2.13500e-07 7.06554e+14
2.14500e-07 7.98671e+14
2.15500e-07 8.01440e+14
2.16500e-07 7.49189e+14
2.17500e-07 7.37450e+14
2.18500e-07 7.52526e+14
2.19500e-07 8.01232e+14
2.20500e-07 7.62972e+14
2.21500e-07 6.96835e+14
2.22500e-07 6.84528e+14
2.23500e-07 7.72432e+14
2.24500e-07 6.87657e+14
2.25500e-07 6.66117e+14
2.26500e-07 6.67085e+14
2.27500e-07 7.03516e+14
2.28500e-07 7.33658e+14
2.29500e-07 6.83633e+14
2.30500e-07 6.79381e+14
2.31500e-07 6.53251e+14
2.32500e-07 5.04816e+14
2.33500e-07 6.05231e+14
2.34500e-07 5.46774e+14
2.35500e-07 6.48794e+14
2.36500e-07 5.55603e+14
2.37500e-07 5.96330e+14
2.38500e-07 5.11480e+14
2.39500e-07 5.70091e+14
2.40500e-07 5.40779e+14
2.41500e-07 5.54183e+14
2.42500e-07 6.07804e+14
2.43500e-07 5.77362e+14
2.44500e-07 6.20374e+14
2.45500e-07 5.96859e+14
2.46500e-07 5.99857e+14
2.47500e-07 5.66483e+14
2.48500e-07 5.91894e+14
2.49500e-07 5.65935e+14
2.50500e-07 6.44972e+14
2.51300e-07 5.59270e+14
2.51800e-07 5.59725e+14
2.52500e-07 5.18307e+14
2.53500e-07 5.10943e+14
2.54500e-07 5.10809e+14
2.55500e-07 5.66121e+14
2.56500e-07 5.60656e+14
2.57500e-07 6.05439e+14
2.58500e-07 6.07811e+14
2.59500e-07 5.90884e+14
2.60500e-07 5.66648e+14
2.61500e-07 5.53012e+14
2.62500e-07 6.05502e+14
2.63500e-07 6.03954e+14
2.64500e-07 6.80762e+14
2.65500e-07 6.72811e+14
2.66500e-07 6.11120e+14
2.67500e-07 6.40517e+14
2.68500e-07 6.38159e+14
2.69500e-07 6.03399e+14
2.70500e-07 6.19850e+14
2.71500e-07 5.84218e+14
2.72500e-07 5.89882e+14
2.73500e-07 6.36293e+14
2.74500e-07 5.30771e+14
2.75500e-07 5.41666e+14
2.76500e-07 5.63034e+14
2.77500e-07 5.95724e+14
2.78500e-07 5.46574e+14
2.79500e-07 3.21927e+14
2.80500e-07 3.76279e+14
2.81500e-07 5.94793e+14
2.82500e-07 6.25947e+14
2.83500e-07 6.05977e+14
2.84500e-07 5.83712e+14
2.85500e-07 5.66735e+14
2.86500e-07 6.09049e+14
2.87500e-07 5.92240e+14
2.88500e-07 6.03033e+14
2.89500e-07 5.81523e+14
2.91000e-07 6.40096e+14
2.93000e-07 6.13352e+14
2.95000e-07 6.09435e+14
2.97000e-07 6.13812e+14
2.99000e-07 6.18943e+14
3.01000e-07 6.26214e+14
3.03000e-07 6.17851e+14
3.05000e-07 6.13946e+14
3.07000e-07 6.08771e+14
3.09000e-07 6.14804e+14
3.11000e-07 5.98743e+14
3.13000e-07 5.97307e+14
3.15000e-07 6.00870e+14
3.17000e-07 5.94549e+14
3.19000e-07 5.70051e+14
3.21000e-07 5.83773e+14
3.23000e-07 5.69705e+14
3.25000e-07 5.76054e+14
3.27000e-07 5.79528e+14
3.29000e-07 5.80857e+14
3.31000e-07 5.82111e+14
3.33000e-07 5.71063e+14
3.35000e-07 5.62687e+14
3.37000e-07 5.60838e+14
3.39000e-07 5.54502e+14
3.41000e-07 5.60004e+14
3.43000e-07 5.56919e+14
3.45000e-07 5.52380e+14
3.47000e-07 5.45186e+14
3.49000e-07 5.42636e+14
3.51000e-07 5.47233e+14
3.53000e-07 5.45192e+14
3.55000e-07 5.44865e+14
3.57000e-07 5.33782e+14
3.59000e-07 5.29663e+14
3.61000e-07 5.27020e+14
3.63000e-07 5.25946e+14
3.64000e-07 5.22918e+14
3.65000e-07 5.32668e+14
3.67000e-07 5.21508e+14
3.69000e-07 4.75253e+14
3.71000e-07 4.88865e+14
3.73000e-07 4.93032e+14
3.75000e-07 5.95723e+14
3.77000e-07 6.21174e+14
3.79000e-07 7.62006e+14
3.81000e-07 9.03098e+14
3.83000e-07 7.12451e+14
3.85000e-07 1.01659e+15
3.87000e-07 1.17897e+15
3.89000e-07 6.21681e+14
3.91000e-07 1.18294e+15
3.93000e-07 1.09537e+15
3.95000e-07 1.16437e+15
3.97000e-07 5.86241e+14
3.99000e-07 1.12637e+15
4.01000e-07 1.34191e+15
4.03000e-07 1.35615e+15
4.05000e-07 1.33586e+15
4.07000e-07 1.23641e+15
4.09000e-07 8.82636e+14
4.11000e-07 6.64359e+14
4.13000e-07 1.14612e+15
4.15000e-07 1.24830e+15
4.17000e-07 1.25336e+15
4.19000e-07 1.23662e+15
4.21000e-07 1.22673e+15
4.23000e-07 1.19690e+15
4.25000e-07 1.18645e+15
4.27000e-07 1.14857e+15
4.29000e-07 1.13831e+15
4.31000e-07 1.03251e+15
4.33000e-07 7.20150e+14
4.35000e-07 6.11628e+14
4.37000e-07 9.97807e+14
4.39000e-07 1.05669e+15
4.41000e-07 1.05936e+15
4.43000e-07 1.04986e+15
4.45000e-07 1.05701e+15
4.47000e-07 1.04318e+15
4.49000e-07 1.01777e+15
4.51000e-07 1.02187e+15
4.53000e-07 1.00284e+15
4.55000e-07 9.80291e+14
4.57000e-07 9.86340e+14
4.59000e-07 9.66051e+14
4.61000e-07 9.67827e+14
4.63000e-07 9.43105e+14
4.65000e-07 9.42048e+14
4.67000e-07 9.29920e+14
4.69000e-07 9.01864e+14
4.71000e-07 8.71771e+14
4.73000e-07 8.92686e+14
4.75000e-07 8.82280e+14
4.77000e-07 8.67893e+14
4.79000e-07 8.52024e+14
4.81000e-07 8.23834e+14
4.83000e-07 7.63056e+14
4.85000e-07 5.58117e+14
4.87000e-07 4.51421e+14
4.89000e-07 7.07076e+14
4.91000e-07 7.70053e+14
4.93000e-07 7.71243e+14
4.95000e-07 7.74479e+14
4.97000e-07 7.73764e+14
4.99000e-07 7.60206e+14
5.01000e-07 7.41976e+14
5.03000e-07 7.43547e+14
5.05000e-07 7.29397e+14
5.07000e-07 7.30263e+14
5.09000e-07 7.21991e+14
5.11000e-07 7.14071e+14
5.13000e-07 7.04606e+14
5.15000e-07 6.93022e+14
5.17000e-07 6.76564e+14
5.19000e-07 6.70632e+14
5.21000e-07 6.70407e+14
5.23000e-07 6.57094e+14
5.25000e-07 6.59191e+14
5.27000e-07 6.39032e+14
5.29000e-07 6.43673e+14
5.31000e-07 6.31939e+14
5.33000e-07 6.22471e+14
5.35000e-07 6.23301e+14
5.37000e-07 6.13442e+14
5.39000e-07 6.07757e+14
5.41000e-07 5.97620e+14
5.43000e-07 5.93942e+14
5.45000e-07 5.89489e+14
5.47000e-07 5.83147e+14
5.49000e-07 5.77918e+14
5.51000e-07 5.71956e+14
5.53000e-07 5.64044e+14
5.55000e-07 5.59864e+14
5.57000e-07 5.52718e+14
5.59000e-07 5.47540e+14
5.61000e-07 5.42638e+14
5.63000e-07 5.37375e+14
5.65000e-07 5.31276e+14
5.67000e-07 5.24980e+14
5.69000e-07 5.20423e+14
5.71000e-07 5.15027e+14
5.73000e-07 5.10624e+14
5.75000e-07 5.04320e+14
5.77000e-07 4.99472e+14
5.79000e-07 4.94050e+14
5.81000e-07 4.89181e+14
5.83000e-07 4.84323e+14
5.85000e-07 4.79410e+14
5.87000e-07 4.73918e+14
5.89000e-07 4.65493e+14
5.91000e-07 4.64613e+14
5.93000e-07 4.60091e+14
5.95000e-07 4.54673e+14
5.97000e-07 4.50522e+14
5.99000e-07 4.45114e+14
6.01000e-07 4.40561e+14
6.03000e-07 4.37001e+14
6.05000e-07 4.32624e+14
6.07000e-07 4.28776e+14
6.09000e-07 4.24298e+14
6.11000e-07 4.19880e+14
6.13000e-07 4.15109e+14
6.15000e-07 4.06756e+14
6.17000e-07 4.06835e+14
6.19000e-07 4.03896e+14
6.21000e-07 3.99931e+14
6.23000e-07 3.95533e+14
6.25000e-07 3.88868e+14
6.27000e-07 3.88537e+14
6.29000e-07 3.84823e+14
6.31000e-07 3.80164e+14
6.33000e-07 3.77004e+14
6.35000e-07 3.69606e+14
6.37000e-07 3.67261e+14
6.39000e-07 3.65778e+14
6.41000e-07 3.60959e+14
6.43000e-07 3.58070e+14
6.45000e-07 3.51851e+14
6.47000e-07 3.50039e+14
6.49000e-07 3.43815e+14
6.51000e-07 3.36745e+14
6.53000e-07 3.20258e+14
6.55000e-07 2.68842e+14
6.56125e-07 2.17617e+14
6.59000e-07 2.97711e+14
6.61000e-07 3.18184e+14
6.63000e-07 3.21898e+14
6.65000e-07 3.21319e+14
6.67000e-07 3.19437e+14
6.69000e-07 3.17261e+14
6.71000e-07 3.14770e+14
6.73000e-07 3.11879e+14
6.75000e-07 3.09339e+14
6.77000e-07 3.06996e+14
6.79000e-07 3.04168e+14
6.81000e-07 3.01467e+14
6.83000e-07 2.98476e+14
6.85000e-07 2.95893e+14
6.87000e-07 2.93406e+14
6.89000e-07 2.90808e+14
6.91000e-07 2.88173e+14
6.93000e-07 2.85516e+14
6.95000e-07 2.83025e+14
6.97000e-07 2.80449e+14
6.99000e-07 2.78137e+14
7.01000e-07 2.74819e+14
7.03000e-07 2.72900e+14
7.05000e-07 2.70634e+14
7.07000e-07 2.68426e+14
7.09000e-07 2.66127e+14
7.11000e-07 2.60958e+14
7.13000e-07 2.60867e+14
7.15000e-07 2.58724e+14
7.17000e-07 2.56675e+14
7.19000e-07 2.54476e+14
7.21000e-07 2.52392e+14
7.23000e-07 2.50054e+14
7.25000e-07 2.47630e+14
7.27000e-07 2.46020e+14
7.29000e-07 2.43573e+14
7.31000e-07 2.41600e+14
7.33000e-07 2.39688e+14
7.35000e-07 2.37806e+14
7.37000e-07 2.35824e+14
7.39000e-07 2.33611e+14
7.41000e-07 2.30465e+14
7.43000e-07 2.28748e+14
7.45000e-07 2.27257e+14
7.47000e-07 2.24509e+14
7.49000e-07 2.23311e+14
7.51000e-07 2.21890e+14
7.53000e-07 2.20234e+14
7.55000e-07 2.18633e+14
7.57000e-07 2.16749e+14
7.59000e-07 2.15007e+14
7.61000e-07 2.13260e+14
7.63000e-07 2.11458e+14
7.65000e-07 2.09581e+14
7.67000e-07 2.07631e+14
7.69000e-07 2.06139e+14
7.71000e-07 2.04298e+14
7.73000e-07 2.02945e+14
7.75000e-07 2.01241e+14
7.77000e-07 1.95514e+14
7.79000e-07 1.98112e+14
7.81000e-07 1.96468e+14
7.83000e-07 1.94673e+14
7.85000e-07 1.92729e+14
7.87000e-07 1.90826e+14
7.89000e-07 1.89012e+14
7.91000e-07 1.88100e+14
7.93000e-07 1.86889e+14
7.95000e-07 1.84543e+14
7.97000e-07 1.84276e+14
7.99000e-07 1.80788e+14
8.01000e-07 1.81231e+14
8.03000e-07 1.79710e+14
8.05000e-07 1.78411e+14
8.07000e-07 1.76920e+14
8.09000e-07 1.75586e+14
8.11000e-07 1.74280e+14
8.13000e-07 1.73013e+14
8.15000e-07 1.71678e+14
8.17000e-07 1.70358e+14
8.19000e-07 1.67691e+14
8.21000e-07 1.67171e+14
8.23000e-07 1.65731e+14
8.25000e-07 1.64906e+14
8.27000e-07 1.64930e+14
8.29000e-07 1.63543e+14
8.31000e-07 1.62364e+14
8.33000e-07 1.60006e+14
8.35000e-07 1.59127e+14
8.37000e-07 1.57663e+14
8.39000e-07 1.55130e+14
8.41000e-07 1.52891e+14
8.43000e-07 1.50385e+14
8.45000e-07 1.47205e+14
8.47000e-07 1.45486e+14
8.49000e-07 1.45627e+14
8.51000e-07 1.39856e+14
8.53000e-07 1.45337e+14
8.55000e-07 1.31666e+14
8.57000e-07 1.47292e+14
8.59000e-07 1.35665e+14
8.61000e-07 1.33455e+14
8.63000e-07 1.48604e+14
8.65000e-07 1.39575e+14
8.67000e-07 1.18619e+14
8.69000e-07 1.42389e+14
8.71000e-07 1.49860e+14
8.73000e-07 1.40509e+14
8.75000e-07 1.13463e+14
8.77000e-07 1.33141e+14
8.79000e-07 1.47622e+14
8.81000e-07 1.49413e+14
8.83000e-07 1.43075e+14
8.85000e-07 1.24949e+14
8.87000e-07 1.07771e+14
8.89000e-07 1.34738e+14
8.91000e-07 1.43810e+14
8.93000e-07 1.46039e+14
8.95000e-07 1.46267e+14
8.97000e-07 1.41958e+14
8.99000e-07 1.31483e+14
9.01000e-07 1.04206e+14
9.03000e-07 1.13124e+14
9.05000e-07 1.32316e+14
9.07000e-07 1.36230e+14
9.09000e-07 1.36758e+14
9.11000e-07 1.39308e+14
9.13000e-07 1.39060e+14
9.15000e-07 1.37886e+14
9.17000e-07 1.34857e+14
9.19000e-07 1.28953e+14
9.21000e-07 1.16092e+14
9.23000e-07 9.12851e+13
9.25000e-07 1.11312e+14
9.27000e-07 1.22046e+14
9.29000e-07 1.29034e+14
9.31000e-07 1.30306e+14
9.33000e-07 1.30120e+14
9.35000e-07 1.29736e+14
9.37000e-07 1.29033e+14
9.39000e-07 1.27274e+14
9.41000e-07 1.24645e+14
9.43000e-07 1.25608e+14
9.45000e-07 1.24448e+14
9.47000e-07 1.22697e+14
9.49000e-07 1.19871e+14
9.51000e-07 1.14289e+14
9.53000e-07 1.01474e+14
9.55000e-07 8.23414e+13
9.57000e-07 1.02627e+14
9.59000e-07 1.12251e+14
9.61000e-07 1.14852e+14
9.63000e-07 1.14603e+14
9.65000e-07 1.16042e+14
9.67000e-07 1.14793e+14
9.69000e-07 1.14797e+14
9.71000e-07 1.14612e+14
9.73000e-07 1.13788e+14
9.75000e-07 1.12929e+14
9.77000e-07 1.12345e+14
9.79000e-07 1.11552e+14
9.81000e-07 1.10714e+14
9.83000e-07 1.09714e+14
9.85000e-07 1.08729e+14
9.87000e-07 1.07941e+14
9.89000e-07 1.06600e+14
9.91000e-07 1.06320e+14
9.93000e-07 1.05288e+14
9.95000e-07 1.04371e+14
9.97000e-07 1.03130e+14
9.99000e-07 1.00932e+14
1.00250e-06 8.87766e+13
1.00750e-06 8.41974e+13
1.01250e-06 9.64761e+13
1.01750e-06 9.70876e+13
1.02250e-06 9.59999e+13
1.02750e-06 9.46112e+13
1.03250e-06 9.29867e+13
1.03750e-06 9.14696e+13
1.04250e-06 8.99739e+13
1.04750e-06 8.80148e+13
1.05250e-06 8.66977e+13
1.05750e-06 8.54620e+13
1.06250e-06 8.41323e+13
1.06750e-06 8.16270e+13
1.07250e-06 8.08611e+13
1.07750e-06 7.96159e+13
1.08250e-06 7.79369e+13
1.08750e-06 7.48233e+13
1.09250e-06 6.15271e+13
1.09750e-06 6.74139e+13
1.10250e-06 7.26152e+13
1.10750e-06 7.25169e+13
1.11250e-06 7.16017e+13
1.11750e-06 7.06668e+13
1.12250e-06 6.96410e+13
1.12750e-06 6.76082e+13
1.13250e-06 6.66864e+13
1.13750e-06 6.63286e+13
1.14250e-06 6.52182e+13
1.14750e-06 6.44766e+13
1.15250e-06 6.35468e+13
1.15750e-06 6.25547e+13
1.16250e-06 6.12289e+13
1.16750e-06 6.00450e+13
1.17250e-06 5.98190e+13
1.17750e-06 5.81083e+13
1.18250e-06 5.77015e+13
1.18750e-06 5.66529e+13
1.19250e-06 5.63908e+13
1.19750e-06 5.52457e+13
1.20250e-06 5.46700e+13
1.20750e-06 5.37427e+13
1.21250e-06 5.30211e+13
1.21750e-06 5.23578e+13
1.22250e-06 5.15674e+13
1.22750e-06 5.07556e+13
1.23250e-06 5.00594e+13
1.23750e-06 4.94048e+13
1.24250e-06 4.87786e+13
1.24750e-06 4.79332e+13
1.25250e-06 4.73544e+13
1.25750e-06 4.63949e+13
1.26250e-06 4.57988e+13
1.26750e-06 4.51428e+13
1.27250e-06 4.40768e+13
1.27750e-06 4.14102e+13
1.28250e-06 3.52084e+13
1.28750e-06 4.08353e+13
1.29250e-06 4.18257e+13
1.29750e-06 4.16002e+13
1.30250e-06 4.11615e+13
1.30750e-06 4.07085e+13
1.31250e-06 4.01540e+13
1.31750e-06 3.94938e+13
1.32250e-06 3.91010e+13
1.32750e-06 3.85804e+13
1.33250e-06 3.80729e+13
1.33750e-06 3.75634e+13
1.34250e-06 3.70563e+13
1.34750e-06 3.65536e+13
1.35250e-06 3.60264e+13
1.35750e-06 3.55632e+13
1.36250e-06 3.51382e+13
1.36750e-06 3.46481e+13
1.37250e-06 3.40681e+13
1.37750e-06 3.37776e+13
1.38250e-06 3.33464e+13
1.38750e-06 3.29578e+13
1.39250e-06 3.24670e+13
1.39750e-06 3.21001e+13
1.40250e-06 3.16993e+13
1.40750e-06 3.13071e+13
1.41250e-06 3.08932e+13
1.41750e-06 3.05144e+13
1.42250e-06 3.01253e+13
1.42750e-06 2.97409e+13
1.43250e-06 2.93776e+13
1.43750e-06 2.90259e+13
1.44250e-06 2.83470e+13
1.44750e-06 2.82954e+13
1.45250e-06 2.77920e+13
1.45700e-06 2.76366e+13
1.46200e-06 2.72839e+13
1.46750e-06 2.69748e+13
1.47250e-06 2.66408e+13
1.47750e-06 2.62485e+13
1.48250e-06 2.59912e+13
1.48750e-06 2.56005e+13
1.49250e-06 2.54293e+13
1.49750e-06 2.50733e+13
1.50250e-06 2.47181e+13
1.50750e-06 2.43886e+13
1.51250e-06 2.41206e+13
1.51750e-06 2.37574e+13
1.52250e-06 2.34164e+13
1.52750e-06 2.31196e+13
1.53250e-06 2.27460e+13
1.53750e-06 2.25091e+13
1.54250e-06 2.20388e+13
1.54750e-06 2.19517e+13
1.55250e-06 2.16120e+13
1.55750e-06 2.10946e+13
1.56250e-06 2.14705e+13
1.56750e-06 2.06515e+13
1.57250e-06 2.02111e+13
1.57750e-06 2.08568e+13
1.58250e-06 2.04995e+13
1.58750e-06 1.89579e+13
1.59250e-06 1.97319e+13
1.59750e-06 2.03629e+13
1.60500e-06 1.94272e+13
1.61500e-06 1.83048e+13
1.62500e-06 1.92158e+13
1.63500e-06 1.80232e+13
1.64500e-06 1.69694e+13
1.65500e-06 1.80510e+13
1.66500e-06 1.77003e+13
1.67500e-06 1.64341e+13
1.68500e-06 1.54104e+13
1.69500e-06 1.65456e+13
1.70500e-06 1.62950e+13
1.71500e-06 1.59557e+13
1.72500e-06 1.53534e+13
1.73500e-06 1.34536e+13
1.74500e-06 1.44356e+13
1.75500e-06 1.45823e+13
1.76500e-06 1.43316e+13
1.77500e-06 1.40810e+13
1.78500e-06 1.37711e+13
1.79500e-06 1.34789e+13
1.80500e-06 1.30120e+13
1.81500e-06 1.15036e+13
1.82500e-06 1.20825e+13
1.83500e-06 1.23596e+13
1.84500e-06 1.21618e+13
1.85500e-06 1.18832e+13
1.86500e-06 1.14831e+13
1.87500e-06 1.01030e+13
1.88500e-06 1.09662e+13
1.89500e-06 1.09640e+13
1.90500e-06 1.08098e+13
1.91500e-06 1.05986e+13
1.92500e-06 1.03606e+13
1.93500e-06 9.95962e+12
1.94500e-06 8.79550e+12
1.95500e-06 9.58567e+12
1.96500e-06 9.60085e+12
1.97500e-06 9.44882e+12
1.98500e-06 9.28941e+12
1.99500e-06 9.11767e+12
2.00500e-06 8.94964e+12
2.01500e-06 8.78457e+12
2.02500e-06 8.62094e+12
2.03500e-06 8.46110e+12
2.04500e-06 8.31045e+12
2.05500e-06 8.15902e+12
2.06500e-06 8.00651e+12
2.07500e-06 7.86443e+12
2.08500e-06 7.72496e+12
2.09500e-06 7.58692e+12
2.10500e-06 7.45014e+12
2.11500e-06 7.30608e+12
2.12500e-06 7.17891e+12
2.13500e-06 7.04488e+12
2.14500e-06 6.90442e+12
2.15500e-06 6.67509e+12
2.16500e-06 5.93874e+12
2.17500e-06 6.37745e+12
2.18500e-06 6.43221e+12
2.19500e-06 6.35567e+12
2.20500e-06 6.25360e+12
2.21500e-06 6.14297e+12
2.22500e-06 6.04915e+12
2.23500e-06 5.94717e+12
2.24500e-06 5.84811e+12
2.25500e-06 5.74687e+12
2.26500e-06 5.65504e+12
2.27500e-06 5.56184e+12
2.28500e-06 5.49400e+12
2.29500e-06 5.48706e+12
2.30500e-06 5.39836e+12
2.31500e-06 5.29678e+12
2.32500e-06 5.19939e+12
2.33500e-06 5.10182e+12
2.34500e-06 5.00770e+12
2.35500e-06 4.91704e+12
2.36500e-06 4.82934e+12
2.37500e-06 4.74307e+12
2.38500e-06 4.65993e+12
2.39500e-06 4.57946e+12
2.40500e-06 4.50127e+12
2.41500e-06 4.42344e+12
2.42500e-06 4.34648e+12
2.43500e-06 4.28258e+12
2.44500e-06 4.20181e+12
2.45500e-06 4.14683e+12
2.46500e-06 4.06768e+12
2.47500e-06 4.01668e+12
2.48500e-06 3.96184e+12
2.49500e-06 3.87035e+12
2.50500e-06 3.90597e+12
2.51500e-06 3.80702e+12
2.52500e-06 3.67292e+12
2.53500e-06 3.67349e+12
2.54500e-06 3.64945e+12
2.55500e-06 3.55498e+12
2.56500e-06 3.42373e+12
2.57500e-06 3.46576e+12
2.58500e-06 3.44667e+12
2.59500e-06 3.38928e+12
2.60500e-06 3.26637e+12
2.61500e-06 3.11743e+12
2.62500e-06 2.91040e+12
2.63500e-06 3.11678e+12
2.64500e-06 3.15352e+12
2.65500e-06 3.11308e+12
2.66500e-06 3.02202e+12
2.67500e-06 2.84842e+12
2.68500e-06 2.93918e+12
2.69500e-06 2.95092e+12
2.70500e-06 2.92157e+12
2.71500e-06 2.88445e+12
2.72500e-06 2.84262e+12
2.73500e-06 2.79452e+12
2.74500e-06 2.72355e+12
2.75500e-06 2.53868e+12
2.76500e-06 2.57603e+12
2.77500e-06 2.63044e+12
2.78500e-06 2.61338e+12
2.79500e-06 2.58478e+12
2.80500e-06 2.55346e+12
2.81500e-06 2.51856e+12
2.82500e-06 2.48448e+12
2.83500e-06 2.44786e+12
2.84500e-06 2.40741e+12
2.85500e-06 2.36118e+12
2.86500e-06 2.26174e+12
2.87500e-06 2.12421e+12
2.88500e-06 2.24285e+12
2.89500e-06 2.24608e+12
2.90500e-06 2.22739e+12
2.91500e-06 2.20029e+12
2.92500e-06 2.17444e+12
2.93500e-06 2.14644e+12
2.94500e-06 2.11864e+12
2.95500e-06 2.09143e+12
2.96500e-06 2.06440e+12
2.97500e-06 2.03786e+12
2.98500e-06 2.01188e+12
2.99500e-06 1.98570e+12
3.00500e-06 1.95603e+12
3.01500e-06 1.92464e+12
3.02500e-06 1.87904e+12
3.03500e-06 1.74312e+12
3.04500e-06 1.75643e+12
3.05500e-06 1.81547e+12
3.06500e-06 1.80910e+12
3.07500e-06 1.79221e+12
3.08500e-06 1.77044e+12
3.09500e-06 1.75024e+12
3.10500e-06 1.72852e+12
3.11500e-06 1.70660e+12
3.12500e-06 1.68563e+12
3.13500e-06 1.66581e+12
3.14500e-06 1.64484e+12
3.15500e-06 1.62598e+12
3.16500e-06 1.60655e+12
3.17500e-06 1.58654e+12
3.18500e-06 1.56816e+12
3.19500e-06 1.54921e+12
3.21000e-06 1.52150e+12
3.23000e-06 1.48578e+12
3.25000e-06 1.45035e+12
3.27000e-06 1.40843e+12
3.29000e-06 1.29599e+12
3.31000e-06 1.32291e+12
3.33000e-06 1.32609e+12
3.35000e-06 1.29903e+12
3.37000e-06 1.26707e+12
3.39000e-06 1.23790e+12
3.41000e-06 1.20933e+12
3.43000e-06 1.18176e+12
3.45000e-06 1.15505e+12
3.47000e-06 1.12851e+12
3.49000e-06 1.10287e+12
3.51000e-06 1.07817e+12
3.53000e-06 1.05392e+12
3.55000e-06 1.03078e+12
3.57000e-06 1.00762e+12
3.59000e-06 9.85753e+11
3.61000e-06 9.64425e+11
3.63000e-06 9.43963e+11
3.65000e-06 9.22986e+11
3.67000e-06 9.05486e+11
3.69000e-06 8.81669e+11
3.71000e-06 8.65592e+11
3.73000e-06 8.21404e+11
3.75000e-06 7.94154e+11
3.77000e-06 8.14298e+11
3.79000e-06 8.01478e+11
3.81000e-06 7.77747e+11
3.83000e-06 7.63585e+11
3.85000e-06 7.56002e+11
3.87000e-06 7.41090e+11
3.89000e-06 7.21340e+11
3.91000e-06 6.97592e+11
3.93000e-06 6.96486e+11
3.95000e-06 6.86674e+11
3.97000e-06 6.74538e+11
3.99000e-06 6.60931e+11
4.01000e-06 6.34370e+11
4.03000e-06 6.18625e+11
4.05000e-06 5.86967e+11
4.07000e-06 6.05410e+11
4.09000e-06 5.98986e+11
4.11000e-06 5.89402e+11
4.13000e-06 5.76882e+11
4.15000e-06 5.61820e+11
4.17000e-06 5.35255e+11
4.19000e-06 5.40630e+11
4.21000e-06 5.35505e+11
4.23000e-06 5.27232e+11
4.25000e-06 5.17651e+11
4.27000e-06 5.08330e+11
4.29000e-06 4.99159e+11
4.31000e-06 4.90177e+11
4.33000e-06 4.80756e+11
4.35000e-06 4.69557e+11
4.37000e-06 4.45245e+11
4.39000e-06 4.46417e+11
4.41000e-06 4.46484e+11
4.43000e-06 4.40427e+11
4.45000e-06 4.32824e+11
4.47000e-06 4.27074e+11
4.49000e-06 4.19671e+11
4.51000e-06 4.12531e+11
4.53000e-06 4.05426e+11
4.55000e-06 3.98558e+11
4.57000e-06 3.91704e+11
4.59000e-06 3.84865e+11
4.61000e-06 3.77331e+11
4.63000e-06 3.67980e+11
4.65000e-06 3.42067e+11
4.67000e-06 3.38418e+11
4.69000e-06 3.47373e+11
4.71000e-06 3.46620e+11
4.73000e-06 3.42213e+11
4.75000e-06 3.36866e+11
4.77000e-06 3.31464e+11
4.79000e-06 3.26140e+11
4.81000e-06 3.20877e+11
4.83000e-06 3.15722e+11
4.85000e-06 3.10674e+11
4.87000e-06 3.05712e+11
4.89000e-06 3.00854e+11
4.91000e-06 2.96079e+11
4.93000e-06 2.91434e+11
4.95000e-06 2.86855e+11
4.97000e-06 2.82370e+11
4.99000e-06 2.77962e+11
5.01000e-06 2.73661e+11
5.03000e-06 2.69405e+11
5.05000e-06 2.65281e+11
5.07000e-06 2.61170e+11
5.09000e-06 2.56242e+11
5.11000e-06 2.49075e+11
5.13000e-06 2.34568e+11
5.15000e-06 2.42536e+11
5.17000e-06 2.41270e+11
5.19000e-06 2.38393e+11
5.21000e-06 2.34817e+11
5.23000e-06 2.31331e+11
5.25000e-06 2.27904e+11
5.27000e-06 2.24550e+11
5.29000e-06 2.21240e+11
5.31000e-06 2.17999e+11
5.33000e-06 2.14815e+11
5.35000e-06 2.11685e+11
5.37000e-06 2.08609e+11
5.39000e-06 2.05598e+11
5.41000e-06 2.02652e+11
5.43000e-06 1.99731e+11
5.45000e-06 1.96873e+11
5.47000e-06 1.94063e+11
5.49000e-06 1.91327e+11
5.51000e-06 1.88625e+11
5.53000e-06 1.85957e+11
5.55000e-06 1.83348e+11
5.57000e-06 1.80758e+11
5.59000e-06 1.78213e+11
5.61000e-06 1.75772e+11
5.63000e-06 1.73349e+11
5.65000e-06 1.70955e+11
5.67000e-06 1.68603e+11
5.69000e-06 1.66303e+11
5.71000e-06 1.64030e+11
5.73000e-06 1.61786e+11
5.75000e-06 1.59603e+11
5.77000e-06 1.57434e+11
5.79000e-06 1.55304e+11
5.81000e-06 1.53232e+11
5.83000e-06 1.51185e+11
5.85000e-06 1.49349e+11
5.87000e-06 1.46813e+11
5.89000e-06 1.42799e+11
5.91000e-06 1.34640e+11
5.93000e-06 1.39776e+11
5.95000e-06 1.39327e+11
5.97000e-06 1.38004e+11
5.99000e-06 1.36223e+11
6.01000e-06 1.34452e+11
6.03000e-06 1.32723e+11
6.05000e-06 1.31003e+11
6.07000e-06 1.29313e+11
6.09000e-06 1.27652e+11
6.11000e-06 1.26000e+11
6.13000e-06 1.24418e+11
6.15000e-06 1.22833e+11
6.17000e-06 1.21276e+11
6.19000e-06 1.19746e+11
6.21000e-06 1.18234e+11
6.23000e-06 1.16738e+11
6.25000e-06 1.15288e+11
6.27000e-06 1.13844e+11
6.29000e-06 1.12436e+11
6.31000e-06 1.11034e+11
6.33000e-06 1.09656e+11
6.35000e-06 1.08313e+11
6.37000e-06 1.06984e+11
6.39000e-06 1.05678e+11
6.42000e-06 1.03752e+11
6.46000e-06 1.01243e+11
6.50000e-06 9.88148e+10
6.54000e-06 9.64648e+10
6.58000e-06 9.41730e+10
6.62000e-06 9.19467e+10
6.66000e-06 8.98009e+10
6.70000e-06 8.77080e+10
6.74000e-06 8.56831e+10
6.78000e-06 8.37080e+10
6.82000e-06 8.17895e+10
6.86000e-06 7.99218e+10
6.90000e-06 7.81108e+10
6.94000e-06 7.63534e+10
6.98000e-06 7.46457e+10
7.02000e-06 7.29871e+10
7.06000e-06 7.13688e+10
7.10000e-06 6.98061e+10
7.14000e-06 6.82702e+10
7.18000e-06 6.67867e+10
7.22000e-06 6.53260e+10
7.26000e-06 6.39284e+10
7.30000e-06 6.25674e+10
7.34000e-06 6.12307e+10
7.38000e-06 5.99130e+10
7.42000e-06 5.83396e+10
7.46000e-06 5.50437e+10
7.50000e-06 5.38239e+10
7.54000e-06 5.47075e+10
7.58000e-06 5.39232e+10
7.62000e-06 5.28395e+10
7.66000e-06 5.17613e+10
7.70000e-06 5.07102e+10
7.74000e-06 4.96856e+10
7.78000e-06 4.86868e+10
7.82000e-06 4.77132e+10
7.86000e-06 4.67629e+10
7.90000e-06 4.58366e+10
7.94000e-06 4.49332e+10
7.98000e-06 4.40514e+10
8.02000e-06 4.31914e+10
8.06000e-06 4.23520e+10
8.10000e-06 4.15334e+10
8.14000e-06 4.07333e+10
8.18000e-06 3.99536e+10
8.22000e-06 3.91927e+10
8.26000e-06 3.84491e+10
8.30000e-06 3.77228e+10
8.34000e-06 3.70103e+10
8.38000e-06 3.63150e+10
8.42000e-06 3.56419e+10
8.46000e-06 3.49846e+10
8.50000e-06 3.43396e+10
8.54000e-06 3.37082e+10
8.58000e-06 3.30922e+10
8.62000e-06 3.24897e+10
8.66000e-06 3.19019e+10
8.70000e-06 3.13265e+10
8.74000e-06 3.07638e+10
8.78000e-06 3.02143e+10
8.82000e-06 2.96760e+10
8.86000e-06 2.91500e+10
8.90000e-06 2.86360e+10
8.94000e-06 2.81333e+10
8.98000e-06 2.76412e+10
9.02000e-06 2.71600e+10
9.06000e-06 2.66894e+10
9.10000e-06 2.62283e+10
9.14000e-06 2.57778e+10
9.18000e-06 2.53368e+10
9.22000e-06 2.49047e+10
9.26000e-06 2.44822e+10
9.30000e-06 2.40682e+10
9.34000e-06 2.36634e+10
9.38000e-06 2.32668e+10
9.42000e-06 2.28786e+10
9.46000e-06 2.24982e+10
9.50000e-06 2.21259e+10
9.54000e-06 2.17598e+10
9.58000e-06 2.14040e+10
9.62000e-06 2.10538e+10
9.66000e-06 2.07111e+10
9.70000e-06 2.03752e+10
9.74000e-06 2.00458e+10
9.78000e-06 1.97234e+10
9.82000e-06 1.94072e+10
9.86000e-06 1.90978e+10
9.90000e-06 1.87942e+10
9.94000e-06 1.84965e+10
9.98000e-06 1.82044e+10
1.00200e-05 1.79186e+10
2.00000e-05 1.14536e+09
4.00000e-05 7.11714e+07
6.00000e-05 1.39317e+07
8.00000e-05 4.37225e+06
1.00000e-04 1.77817e+06
1.20000e-04 8.52196e+05
1.40000e-04 4.57478e+05
1.60000e-04 2.66860e+05
