9.09000e-09 0.00000e+00
9.35000e-09 0.00000e+00
9.61000e-09 0.00000e+00
9.77000e-09 0.00000e+00
9.96000e-09 0.00000e+00
1.02000e-08 0.00000e+00
1.03800e-08 0.00000e+00
1.05600e-08 0.00000e+00
1.07700e-08 0.00000e+00
1.10400e-08 0.00000e+00
1.14000e-08 0.00000e+00
1.17800e-08 0.00000e+00
1.21300e-08 0.00000e+00
1.24800e-08 0.00000e+00
1.27100e-08 0.00000e+00
1.28400e-08 0.00000e+00
1.30500e-08 0.00000e+00
1.32400e-08 0.00000e+00
1.33900e-08 0.00000e+00
1.36600e-08 0.00000e+00
1.39800e-08 0.00000e+00
1.43300e-08 0.00000e+00
1.47200e-08 0.00000e+00
1.51000e-08 0.00000e+00
1.55200e-08 0.00000e+00
1.58800e-08 0.00000e+00
1.62000e-08 0.00000e+00
1.66000e-08 0.00000e+00
1.70300e-08 0.00000e+00
1.73400e-08 0.00000e+00
1.76800e-08 0.00000e+00
1.80200e-08 0.00000e+00
1.81700e-08 0.00000e+00
1.86100e-08 0.00000e+00
1.91000e-08 0.00000e+00
1.93900e-08 0.00000e+00
1.98400e-08 0.00000e+00
2.01800e-08 0.00000e+00
2.05000e-08 0.00000e+00
2.10500e-08 0.00000e+00
2.16200e-08 0.00000e+00
2.19800e-08 0.00000e+00
2.23000e-08 0.00000e+00
2.26800e-08 0.00000e+00
2.30000e-08 1.60007e-08
2.34000e-08 4.39918e-08
2.40000e-08 1.89575e-07
2.46500e-08 8.55362e-07
2.52400e-08 3.15668e-06
2.56800e-08 8.06117e-06
2.60000e-08 1.56549e-05
2.64000e-08 3.51412e-05
2.68500e-08 8.45409e-05
2.73500e-08 2.16956e-04
2.78500e-08 5.42008e-04
2.84000e-08 1.42867e-03
2.90000e-08 3.94846e-03
2.96000e-08 1.04485e-02
3.01000e-08 2.29545e-02
3.08000e-08 6.61852e-02
3.18000e-08 2.77690e-01
3.28000e-08 1.07093e+00
3.38000e-08 3.81763e+00
3.48000e-08 1.26840e+01
3.57000e-08 3.57106e+01
3.66000e-08 9.46213e+01
3.75000e-08 2.38391e+02
3.85000e-08 6.34691e+02
3.95000e-08 1.60543e+03
4.05000e-08 3.88157e+03
4.14000e-08 8.28321e+03
4.22000e-08 1.57843e+04
4.30000e-08 2.92664e+04
4.41000e-08 6.65280e+04
4.51000e-08 1.34891e+05
4.60000e-08 2.47955e+05
4.70000e-08 4.74384e+05
4.80000e-08 8.82063e+05
4.90000e-08 1.59934e+06
5.00000e-08 2.82503e+06
5.06000e-08 1.10882e+08
5.12000e-08 2.57473e+08
5.20000e-08 3.57197e+08
5.30000e-08 5.35671e+08
5.40000e-08 7.36433e+08
5.50000e-08 1.14237e+09
5.60000e-08 1.60975e+09
5.70000e-08 2.28056e+09
5.80000e-08 2.91305e+09
5.90000e-08 4.30713e+09
6.00000e-08 5.82478e+09
6.10000e-08 7.91802e+09
6.20000e-08 1.02885e+10
6.30000e-08 1.35951e+10
6.40000e-08 1.72362e+10
6.50000e-08 2.24103e+10
6.58000e-08 2.73827e+10
6.65000e-08 3.18968e+10
6.75000e-08 3.98431e+10
6.85000e-08 5.01622e+10
6.95000e-08 6.30285e+10
7.05000e-08 7.74419e+10
7.16000e-08 9.62887e+10
7.26000e-08 1.17935e+11
7.35000e-08 1.38928e+11
7.45000e-08 1.68944e+11
7.55000e-08 2.03029e+11
7.65000e-08 2.41240e+11
7.75000e-08 2.88808e+11
7.85000e-08 3.41960e+11
7.95000e-08 3.98096e+11
8.05000e-08 4.67907e+11
8.15000e-08 5.42665e+11
8.25000e-08 6.32326e+11
8.35000e-08 7.19988e+11
8.45000e-08 8.38750e+11
8.55000e-08 9.62356e+11
8.65000e-08 1.10674e+12
8.75000e-08 1.26075e+12
8.85000e-08 1.44810e+12
8.95000e-08 1.63818e+12
9.05000e-08 1.81372e+12
9.15000e-08 8.42398e+12
9.25000e-08 3.55541e+13
9.35000e-08 5.92228e+13
9.45000e-08 1.74439e+14
9.55000e-08 1.06878e+15
9.65000e-08 1.69929e+15
9.75000e-08 3.95652e+14
9.85000e-08 5.05401e+15
9.95000e-08 5.73910e+15
1.00500e-07 8.33113e+15
1.01500e-07 4.67153e+15
1.02500e-07 2.31673e+14
1.03500e-07 2.43019e+15
1.04500e-07 1.03874e+16
1.05500e-07 1.31057e+16
1.06500e-07 1.07951e+16
1.07500e-07 1.31514e+16
1.08500e-07 1.05826e+16
1.09500e-07 1.31963e+16
1.10500e-07 1.43679e+16
1.11500e-07 1.34726e+16
1.12500e-07 1.41465e+16
1.13500e-07 1.59670e+16
1.14500e-07 1.40908e+16
1.15500e-07 1.55182e+16
1.16500e-07 1.70675e+16
1.17500e-07 1.52125e+16
1.18500e-07 1.54703e+16
1.19500e-07 5.26648e+15
1.20500e-07 4.51187e+15
1.21500e-07 4.50502e+14
1.22500e-07 3.04196e+15
1.23500e-07 1.37660e+16
1.24500e-07 1.80944e+16
1.25500e-07 1.67990e+16
1.26500e-07 1.04318e+16
1.27500e-07 1.91060e+16
1.28500e-07 2.08040e+16
1.29500e-07 1.67464e+16
1.30500e-07 1.51329e+16
1.31500e-07 1.93070e+16
1.32500e-07 1.86382e+16
1.33500e-07 1.60862e+16
1.34500e-07 1.96399e+16
1.35500e-07 1.85121e+16
1.36500e-07 1.64460e+16
1.37500e-07 1.80721e+16
1.38500e-07 1.85220e+16
1.39500e-07 1.82638e+16
1.40500e-07 1.84395e+16
1.41500e-07 1.69412e+16
1.42500e-07 1.74712e+16
1.43500e-07 1.66440e+16
1.44200e-07 1.78161e+16
1.44700e-07 1.82589e+16
1.45500e-07 1.76769e+16
1.46500e-07 1.65591e+16
1.47500e-07 1.58498e+16
1.48500e-07 1.59678e+16
1.49500e-07 1.64758e+16
1.50500e-07 1.58277e+16
1.51200e-07 1.45032e+16
1.51700e-07 1.55917e+16
1.52500e-07 1.41519e+16
1.53500e-07 1.26725e+16
1.54500e-07 1.48342e+16
1.55500e-07 1.36511e+16
1.56500e-07 1.31653e+16
1.57500e-07 1.35587e+16
1.58500e-07 1.42530e+16
1.59500e-07 1.45595e+16
1.60500e-07 1.37280e+16
1.61500e-07 1.38720e+16
1.62500e-07 1.29334e+16
1.63500e-07 1.33578e+16
1.64500e-07 1.34124e+16
1.65500e-07 1.20506e+16
1.66500e-07 1.32045e+16
1.67200e-07 1.19789e+16
1.67700e-07 1.27154e+16
1.68500e-07 1.34771e+16
1.69500e-07 1.27323e+16
1.70500e-07 1.20106e+16
1.71500e-07 1.11974e+16
1.72500e-07 1.10232e+16
1.73500e-07 1.15792e+16
1.74500e-07 1.12820e+16
1.75500e-07 1.20594e+16
1.76500e-07 1.07640e+16
1.77500e-07 1.14066e+16
1.78500e-07 1.15182e+16
1.79500e-07 1.19660e+16
1.80500e-07 1.17285e+16
1.81500e-07 1.11214e+16
1.82500e-07 1.10794e+16
1.83500e-07 1.06206e+16
1.84500e-07 9.94101e+15
1.85500e-07 9.78463e+15
1.86500e-07 9.93332e+15
1.87500e-07 1.07077e+16
1.88500e-07 9.98829e+15
1.89500e-07 9.59822e+15
1.90500e-07 1.00255e+16
1.91500e-07 9.65601e+15
1.92500e-07 9.53989e+15
1.93500e-07 9.74832e+15
1.94500e-07 9.85996e+15
1.95500e-07 9.31579e+15
1.96700e-07 9.93848e+15
1.97600e-07 1.01376e+16
1.98400e-07 9.61672e+15
1.99500e-07 9.19349e+15
2.00500e-07 9.41726e+15
2.01500e-07 8.97357e+15
2.02500e-07 9.47470e+15
2.03500e-07 8.97099e+15
2.04500e-07 9.11913e+15
2.05500e-07 8.68045e+15
2.06500e-07 8.78732e+15
2.07400e-07 8.97449e+15
2.07800e-07 8.77683e+15
2.08500e-07 8.93811e+15
2.09500e-07 8.44304e+15
2.10500e-07 8.51656e+15
2.11500e-07 8.48422e+15
2.12500e-07 8.54054e+15
2.13500e-07 7.95889e+15
2.14500e-07 8.20762e+15
2.15500e-07 8.34254e+15
2.16500e-07 7.99367e+15
2.17500e-07 7.87422e+15
2.18500e-07 7.67621e+15
2.19500e-07 7.96775e+15
2.20500e-07 7.66366e+15
2.21500e-07 7.34760e+15
2.22500e-07 6.99390e+15
2.23500e-07 7.48894e+15
2.24500e-07 7.00820e+15
2.25500e-07 6.82520e+15
2.26500e-07 6.91560e+15
2.27500e-07 7.10890e+15
2.28500e-07 7.17532e+15
2.29500e-07 6.89785e+15
2.30500e-07 6.63441e+15
2.31500e-07 6.35979e+15
2.32500e-07 5.29766e+15
2.33500e-07 6.04568e+15
2.34500e-07 5.83385e+15
2.35500e-07 6.09002e+15
2.36500e-07 5.69323e+15
2.37500e-07 5.78985e+15
2.38500e-07 5.43939e+15
2.39500e-07 5.83706e+15
2.40500e-07 5.52568e+15
2.41500e-07 5.59809e+15
2.42500e-07 5.75375e+15
2.43500e-07 5.45797e+15
2.44500e-07 5.77615e+15
2.45500e-07 5.56311e+15
2.46500e-07 5.57529e+15
2.47500e-07 5.34503e+15
2.48500e-07 5.67180e+15
2.49500e-07 5.48989e+15
2.50500e-07 5.73084e+15
2.51300e-07 5.37490e+15
2.51800e-07 5.52928e+15
2.52500e-07 5.20859e+15
2.53500e-07 5.22785e+15
2.54500e-07 5.10094e+15
2.55500e-07 5.29342e+15
2.56500e-07 5.21862e+15
2.57500e-07 5.46122e+15
2.58500e-07 5.41747e+15
2.59500e-07 5.41703e+15
2.60500e-07 5.18571e+15
2.61500e-07 5.15594e+15
2.62500e-07 5.18988e+15
2.63500e-07 5.20569e+15
2.64500e-07 5.41508e+15
2.65500e-07 5.33690e+15
2.66500e-07 5.09456e+15
2.67500e-07 5.22749e+15
2.68500e-07 5.13542e+15
2.69500e-07 5.03639e+15
2.70500e-07 5.06136e+15
2.71500e-07 4.89126e+15
2.72500e-07 4.87948e+15
2.73500e-07 5.02975e+15
2.74500e-07 4.63549e+15
2.75500e-07 4.59347e+15
2.76500e-07 4.69566e+15
2.77500e-07 4.79676e+15
2.78500e-07 4.78248e+15
2.79500e-07 4.12218e+15
2.80500e-07 4.37261e+15
2.81500e-07 4.74461e+15
2.82500e-07 4.69200e+15
2.83500e-07 4.51544e+15
2.84500e-07 4.38950e+15
2.85500e-07 4.42471e+15
2.86500e-07 4.51119e+15
2.87500e-07 4.41769e+15
2.88500e-07 4.43437e+15
2.89500e-07 4.40060e+15
2.91000e-07 4.48307e+15
2.93000e-07 4.35692e+15
2.95000e-07 4.28791e+15
2.97000e-07 4.23915e+15
2.99000e-07 4.18406e+15
3.01000e-07 4.19139e+15
3.03000e-07 4.13501e+15
3.05000e-07 4.05383e+15
3.07000e-07 3.98311e+15
3.09000e-07 3.95744e+15
3.11000e-07 3.86367e+15
3.13000e-07 3.81399e+15
3.15000e-07 3.76708e+15
3.17000e-07 3.70676e+15
3.19000e-07 3.59120e+15
3.21000e-07 3.59327e+15
3.23000e-07 3.54718e+15
3.25000e-07 3.49456e+15
3.27000e-07 3.46033e+15
3.29000e-07 3.41337e+15
3.31000e-07 3.37744e+15
3.33000e-07 3.32276e+15
3.35000e-07 3.26357e+15
3.37000e-07 3.22027e+15
3.39000e-07 3.17205e+15
3.41000e-07 3.13884e+15
3.43000e-07 3.09056e+15
3.45000e-07 3.04996e+15
3.47000e-07 3.00117e+15
3.49000e-07 2.96467e+15
3.51000e-07 2.93517e+15
3.53000e-07 2.89798e+15
3.55000e-07 2.85909e+15
3.57000e-07 2.81972e+15
3.59000e-07 2.77559e+15
3.61000e-07 2.74342e+15
3.63000e-07 2.70378e+15
3.64000e-07 2.69102e+15
3.65000e-07 2.68560e+15
3.67000e-07 2.64264e+15
3.69000e-07 2.47681e+15
3.71000e-07 2.42451e+15
3.73000e-07 2.39381e+15
3.75000e-07 2.71835e+15
3.77000e-07 2.76036e+15
3.79000e-07 3.11107e+15
3.81000e-07 3.44313e+15
3.83000e-07 2.88540e+15
3.85000e-07 3.61188e+15
3.87000e-07 3.88706e+15
3.89000e-07 2.58496e+15
3.91000e-07 3.83110e+15
3.93000e-07 3.87709e+15
3.95000e-07 3.74280e+15
3.97000e-07 2.43976e+15
3.99000e-07 3.56306e+15
4.01000e-07 3.73518e+15
4.03000e-07 3.63511e+15
4.05000e-07 3.66177e+15
4.07000e-07 3.54149e+15
4.09000e-07 2.98266e+15
4.11000e-07 2.44209e+15
4.13000e-07 3.28164e+15
4.15000e-07 3.35880e+15
4.17000e-07 3.33554e+15
4.19000e-07 3.29755e+15
4.21000e-07 3.25461e+15
4.23000e-07 3.20390e+15
4.25000e-07 3.14816e+15
4.27000e-07 3.07308e+15
4.29000e-07 3.04388e+15
4.31000e-07 2.94228e+15
4.33000e-07 2.40820e+15
4.35000e-07 2.12490e+15
4.37000e-07 2.79398e+15
4.39000e-07 2.78754e+15
4.41000e-07 2.79292e+15
4.43000e-07 2.74184e+15
4.45000e-07 2.72239e+15
4.47000e-07 2.61701e+15
4.49000e-07 2.61206e+15
4.51000e-07 2.60080e+15
4.53000e-07 2.56191e+15
4.55000e-07 2.51724e+15
4.57000e-07 2.49796e+15
4.59000e-07 2.45585e+15
4.61000e-07 2.42785e+15
4.63000e-07 2.38039e+15
4.65000e-07 2.35786e+15
4.67000e-07 2.32268e+15
4.69000e-07 2.29076e+15
4.71000e-07 2.22906e+15
4.73000e-07 2.22338e+15
4.75000e-07 2.18867e+15
4.77000e-07 2.16820e+15
4.79000e-07 2.13289e+15
4.81000e-07 2.08946e+15
4.83000e-07 2.02472e+15
4.85000e-07 1.71561e+15
4.87000e-07 1.46795e+15
4.89000e-07 1.92303e+15
4.91000e-07 1.94990e+15
4.93000e-07 1.91148e+15
4.95000e-07 1.91436e+15
4.97000e-07 1.89426e+15
4.99000e-07 1.86640e+15
5.01000e-07 1.81355e+15
5.03000e-07 1.80943e+15
5.05000e-07 1.75849e+15
5.07000e-07 1.76692e+15
5.09000e-07 1.74361e+15
5.11000e-07 1.71658e+15
5.13000e-07 1.69935e+15
5.15000e-07 1.66956e+15
5.17000e-07 1.65004e+15
5.19000e-07 1.63260e+15
5.21000e-07 1.60274e+15
5.23000e-07 1.58637e+15
5.25000e-07 1.57239e+15
5.27000e-07 1.54556e+15
5.29000e-07 1.53753e+15
5.31000e-07 1.51261e+15
5.33000e-07 1.49743e+15
5.35000e-07 1.47797e+15
5.37000e-07 1.46162e+15
5.39000e-07 1.44275e+15
5.41000e-07 1.42297e+15
5.43000e-07 1.40586e+15
5.45000e-07 1.39061e+15
5.47000e-07 1.37152e+15
5.49000e-07 1.35692e+15
5.51000e-07 1.34027e+15
5.53000e-07 1.32603e+15
5.55000e-07 1.31001e+15
5.57000e-07 1.29418e+15
5.59000e-07 1.27903e+15
5.61000e-07 1.26502e+15
5.63000e-07 1.25070e+15
5.65000e-07 1.23018e+15
5.67000e-07 1.21683e+15
5.69000e-07 1.20550e+15
5.71000e-07 1.19175e+15
5.73000e-07 1.17851e+15
5.75000e-07 1.16475e+15
5.77000e-07 1.15125e+15
5.79000e-07 1.13668e+15
5.81000e-07 1.12385e+15
5.83000e-07 1.11150e+15
5.85000e-07 1.09856e+15
5.87000e-07 1.06708e+15
5.89000e-07 1.07122e+15
5.91000e-07 1.06122e+15
5.93000e-07 1.05015e+15
5.95000e-07 1.03321e+15
5.97000e-07 1.02503e+15
5.99000e-07 1.01041e+15
6.01000e-07 1.00336e+15
6.03000e-07 9.92074e+14
6.05000e-07 9.80811e+14
6.07000e-07 9.69666e+14
6.09000e-07 9.58878e+14
6.11000e-07 9.49009e+14
6.13000e-07 9.38325e+14
6.15000e-07 9.23357e+14
6.17000e-07 9.17410e+14
6.19000e-07 9.07942e+14
6.21000e-07 8.97981e+14
6.23000e-07 8.87371e+14
6.25000e-07 8.74767e+14
6.27000e-07 8.68850e+14
6.29000e-07 8.59363e+14
6.31000e-07 8.49420e+14
6.33000e-07 8.40817e+14
6.35000e-07 8.21804e+14
6.37000e-07 8.16336e+14
6.39000e-07 8.14002e+14
6.41000e-07 8.04227e+14
6.43000e-07 7.97346e+14
6.45000e-07 7.87283e+14
6.47000e-07 7.79813e+14
6.49000e-07 7.69389e+14
6.51000e-07 7.58375e+14
6.53000e-07 7.41527e+14
6.55000e-07 6.74554e+14
6.56125e-07 5.74859e+14
6.59000e-07 7.05939e+14
6.61000e-07 7.18745e+14
6.63000e-07 7.15178e+14
6.65000e-07 7.09716e+14
6.67000e-07 6.99945e+14
6.69000e-07 6.92888e+14
6.71000e-07 6.89006e+14
6.73000e-07 6.82080e+14
6.75000e-07 6.75332e+14
6.77000e-07 6.68669e+14
6.79000e-07 6.61467e+14
6.81000e-07 6.55004e+14
6.83000e-07 6.47871e+14
6.85000e-07 6.41789e+14
6.87000e-07 6.35615e+14
6.89000e-07 6.29232e+14
6.91000e-07 6.22999e+14
6.93000e-07 6.15972e+14
6.95000e-07 6.10763e+14
6.97000e-07 6.04975e+14
6.99000e-07 5.99182e+14
7.01000e-07 5.92747e+14
7.03000e-07 5.87253e+14
7.05000e-07 5.80325e+14
7.07000e-07 5.72683e+14
7.09000e-07 5.70610e+14
7.11000e-07 5.64416e+14
7.13000e-07 5.59209e+14
7.15000e-07 5.53808e+14
7.17000e-07 5.48751e+14
7.19000e-07 5.43662e+14
7.21000e-07 5.38491e+14
7.23000e-07 5.32035e+14
7.25000e-07 5.27878e+14
7.27000e-07 5.23338e+14
7.29000e-07 5.17323e+14
7.31000e-07 5.13445e+14
7.33000e-07 5.08642e+14
7.35000e-07 5.04002e+14
7.37000e-07 4.99259e+14
7.39000e-07 4.94608e+14
7.41000e-07 4.89849e+14
7.43000e-07 4.84574e+14
7.45000e-07 4.80530e+14
7.47000e-07 4.75537e+14
7.49000e-07 4.71584e+14
7.51000e-07 4.67332e+14
7.53000e-07 4.63338e+14
7.55000e-07 4.59076e+14
7.57000e-07 4.54924e+14
7.59000e-07 4.50646e+14
7.61000e-07 4.46797e+14
7.63000e-07 4.42659e+14
7.65000e-07 4.38552e+14
7.67000e-07 4.34609e+14
7.69000e-07 4.30669e+14
7.71000e-07 4.26797e+14
7.73000e-07 4.23002e+14
7.75000e-07 4.19178e+14
7.77000e-07 4.10477e+14
7.79000e-07 4.11743e+14
7.81000e-07 4.08247e+14
7.83000e-07 4.04585e+14
7.85000e-07 3.99824e+14
7.87000e-07 3.95988e+14
7.89000e-07 3.91980e+14
7.91000e-07 3.90295e+14
7.93000e-07 3.87089e+14
7.95000e-07 3.82307e+14
7.97000e-07 3.80325e+14
7.99000e-07 3.74729e+14
8.01000e-07 3.73747e+14
8.03000e-07 3.70439e+14
8.05000e-07 3.67188e+14
8.07000e-07 3.64138e+14
8.09000e-07 3.60854e+14
8.11000e-07 3.57719e+14
8.13000e-07 3.54742e+14
8.15000e-07 3.51732e+14
8.17000e-07 3.48827e+14
8.19000e-07 3.45508e+14
8.21000e-07 3.42077e+14
8.23000e-07 3.38637e+14
8.25000e-07 3.37556e+14
8.27000e-07 3.34972e+14
8.29000e-07 3.31664e+14
8.31000e-07 3.29399e+14
8.33000e-07 3.26391e+14
8.35000e-07 3.23165e+14
8.37000e-07 3.19902e+14
8.39000e-07 3.15772e+14
8.41000e-07 3.12221e+14
8.43000e-07 3.06887e+14
8.45000e-07 3.02107e+14
8.47000e-07 2.98482e+14
8.49000e-07 2.98206e+14
8.51000e-07 2.90923e+14
8.53000e-07 2.96550e+14
8.55000e-07 2.78998e+14
8.57000e-07 2.98343e+14
8.59000e-07 2.79893e+14
8.61000e-07 2.75804e+14
8.63000e-07 2.98079e+14
8.65000e-07 2.83505e+14
8.67000e-07 2.54263e+14
8.69000e-07 2.87486e+14
8.71000e-07 2.95975e+14
8.73000e-07 2.82287e+14
8.75000e-07 2.41619e+14
8.77000e-07 2.69589e+14
8.79000e-07 2.88125e+14
8.81000e-07 2.89372e+14
8.83000e-07 2.81602e+14
8.85000e-07 2.55887e+14
8.87000e-07 2.29025e+14
8.89000e-07 2.67761e+14
8.91000e-07 2.77570e+14
8.93000e-07 2.77816e+14
8.95000e-07 2.76547e+14
8.97000e-07 2.71851e+14
8.99000e-07 2.59217e+14
9.01000e-07 2.19207e+14
9.03000e-07 2.31950e+14
9.05000e-07 2.57710e+14
9.07000e-07 2.61081e+14
9.09000e-07 2.60886e+14
9.11000e-07 2.60473e+14
9.13000e-07 2.58442e+14
9.15000e-07 2.56612e+14
9.17000e-07 2.52931e+14
9.19000e-07 2.46710e+14
9.21000e-07 2.30944e+14
9.23000e-07 1.93121e+14
9.25000e-07 2.23024e+14
9.27000e-07 2.35671e+14
9.29000e-07 2.41057e+14
9.31000e-07 2.40909e+14
9.33000e-07 2.39479e+14
9.35000e-07 2.38124e+14
9.37000e-07 2.36413e+14
9.39000e-07 2.34518e+14
9.41000e-07 2.30736e+14
9.43000e-07 2.30783e+14
9.45000e-07 2.28909e+14
9.47000e-07 2.26326e+14
9.49000e-07 2.23361e+14
9.51000e-07 2.17395e+14
9.53000e-07 2.00924e+14
9.55000e-07 1.71846e+14
9.57000e-07 2.01695e+14
9.59000e-07 2.12251e+14
9.61000e-07 2.13738e+14
9.63000e-07 2.11685e+14
9.65000e-07 2.12225e+14
9.67000e-07 2.10574e+14
9.69000e-07 2.09501e+14
9.71000e-07 2.08056e+14
9.73000e-07 2.06565e+14
9.75000e-07 2.04953e+14
9.77000e-07 2.03547e+14
9.79000e-07 2.01993e+14
9.81000e-07 2.00442e+14
9.83000e-07 1.98781e+14
9.85000e-07 1.97450e+14
9.87000e-07 1.95951e+14
9.89000e-07 1.94185e+14
9.91000e-07 1.92888e+14
9.93000e-07 1.91336e+14
9.95000e-07 1.89673e+14
9.97000e-07 1.87818e+14
9.99000e-07 1.85492e+14
1.00250e-06 1.70716e+14
1.00750e-06 1.63076e+14
1.01250e-06 1.76345e+14
1.01750e-06 1.74915e+14
1.02250e-06 1.72239e+14
1.02750e-06 1.69222e+14
1.03250e-06 1.66064e+14
1.03750e-06 1.63315e+14
1.04250e-06 1.60491e+14
1.04750e-06 1.57627e+14
1.05250e-06 1.54817e+14
1.05750e-06 1.52228e+14
1.06250e-06 1.49670e+14
1.06750e-06 1.46542e+14
1.07250e-06 1.44468e+14
1.07750e-06 1.42063e+14
1.08250e-06 1.38561e+14
1.08750e-06 1.35595e+14
1.09250e-06 1.18370e+14
1.09750e-06 1.25714e+14
1.10250e-06 1.29653e+14
1.10750e-06 1.28316e+14
1.11250e-06 1.26368e+14
1.11750e-06 1.24283e+14
1.12250e-06 1.22269e+14
1.12750e-06 1.19664e+14
1.13250e-06 1.17864e+14
1.13750e-06 1.16422e+14
1.14250e-06 1.14551e+14
1.14750e-06 1.12743e+14
1.15250e-06 1.10947e+14
1.15750e-06 1.09186e+14
1.16250e-06 1.07309e+14
1.16750e-06 1.05627e+14
1.17250e-06 1.04086e+14
1.17750e-06 1.02164e+14
1.18250e-06 1.00860e+14
1.18750e-06 9.92428e+13
1.19250e-06 9.78056e+13
1.19750e-06 9.61867e+13
1.20250e-06 9.48231e+13
1.20750e-06 9.33754e+13
1.21250e-06 9.19406e+13
1.21750e-06 9.05618e+13
1.22250e-06 8.91898e+13
1.22750e-06 8.78371e+13
1.23250e-06 8.65257e+13
1.23750e-06 8.52449e+13
1.24250e-06 8.39965e+13
1.24750e-06 8.26201e+13
1.25250e-06 8.15079e+13
1.25750e-06 8.02369e+13
1.26250e-06 7.91275e+13
1.26750e-06 7.78924e+13
1.27250e-06 7.64486e+13
1.27750e-06 7.35545e+13
1.28250e-06 6.55016e+13
1.28750e-06 7.20641e+13
1.29250e-06 7.22225e+13
1.29750e-06 7.14185e+13
1.30250e-06 7.04938e+13
1.30750e-06 6.94973e+13
1.31250e-06 6.85161e+13
1.31750e-06 6.74826e+13
1.32250e-06 6.66072e+13
1.32750e-06 6.56788e+13
1.33250e-06 6.47646e+13
1.33750e-06 6.38664e+13
1.34250e-06 6.29714e+13
1.34750e-06 6.21045e+13
1.35250e-06 6.12467e+13
1.35750e-06 6.04161e+13
1.36250e-06 5.95940e+13
1.36750e-06 5.87662e+13
1.37250e-06 5.79768e+13
1.37750e-06 5.72192e+13
1.38250e-06 5.64493e+13
1.38750e-06 5.56948e+13
1.39250e-06 5.49459e+13
1.39750e-06 5.42178e+13
1.40250e-06 5.35024e+13
1.40750e-06 5.27940e+13
1.41250e-06 5.20942e+13
1.41750e-06 5.14180e+13
1.42250e-06 5.07444e+13
1.42750e-06 5.00845e+13
1.43250e-06 4.94326e+13
1.43750e-06 4.87903e+13
1.44250e-06 4.81050e+13
1.44750e-06 4.75324e+13
1.45250e-06 4.69057e+13
1.45700e-06 4.63928e+13
1.46200e-06 4.58257e+13
1.46750e-06 4.52012e+13
1.47250e-06 4.46324e+13
1.47750e-06 4.40582e+13
1.48250e-06 4.35301e+13
1.48750e-06 4.29842e+13
1.49250e-06 4.24566e+13
1.49750e-06 4.19064e+13
1.50250e-06 4.13760e+13
1.50750e-06 4.08284e+13
1.51250e-06 4.02675e+13
1.51750e-06 3.96917e+13
1.52250e-06 3.91682e+13
1.52750e-06 3.86474e+13
1.53250e-06 3.80635e+13
1.53750e-06 3.76682e+13
1.54250e-06 3.69874e+13
1.54750e-06 3.67519e+13
1.55250e-06 3.62295e+13
1.55750e-06 3.54568e+13
1.56250e-06 3.57950e+13
1.56750e-06 3.47130e+13
1.57250e-06 3.40492e+13
1.57750e-06 3.47103e+13
1.58250e-06 3.41423e+13
1.58750e-06 3.22578e+13
1.59250e-06 3.29647e+13
1.59750e-06 3.34244e+13
1.60500e-06 3.23011e+13
1.61500e-06 3.07959e+13
1.62500e-06 3.14153e+13
1.63500e-06 2.99964e+13
1.64500e-06 2.85984e+13
1.65500e-06 2.93679e+13
1.66500e-06 2.87336e+13
1.67500e-06 2.73159e+13
1.68500e-06 2.59922e+13
1.69500e-06 2.68220e+13
1.70500e-06 2.63152e+13
1.71500e-06 2.57466e+13
1.72500e-06 2.50286e+13
1.73500e-06 2.28562e+13
1.74500e-06 2.37332e+13
1.75500e-06 2.35699e+13
1.76500e-06 2.30956e+13
1.77500e-06 2.26005e+13
1.78500e-06 2.21269e+13
1.79500e-06 2.16648e+13
1.80500e-06 2.10681e+13
1.81500e-06 1.93533e+13
1.82500e-06 1.98544e+13
1.83500e-06 1.98780e+13
1.84500e-06 1.95115e+13
1.85500e-06 1.90959e+13
1.86500e-06 1.85797e+13
1.87500e-06 1.70715e+13
1.88500e-06 1.78281e+13
1.89500e-06 1.76090e+13
1.90500e-06 1.72616e+13
1.91500e-06 1.69287e+13
1.92500e-06 1.65754e+13
1.93500e-06 1.61016e+13
1.94500e-06 1.47534e+13
1.95500e-06 1.54802e+13
1.96500e-06 1.53288e+13
1.97500e-06 1.50465e+13
1.98500e-06 1.47595e+13
1.99500e-06 1.44794e+13
2.00500e-06 1.42051e+13
2.01500e-06 1.39373e+13
2.02500e-06 1.36760e+13
2.03500e-06 1.34200e+13
2.04500e-06 1.31711e+13
2.05500e-06 1.29219e+13
2.06500e-06 1.26892e+13
2.07500e-06 1.24561e+13
2.08500e-06 1.22295e+13
2.09500e-06 1.20066e+13
2.10500e-06 1.17899e+13
2.11500e-06 1.15717e+13
2.12500e-06 1.13688e+13
2.13500e-06 1.11642e+13
2.14500e-06 1.09555e+13
2.15500e-06 1.06805e+13
2.16500e-06 9.82571e+12
2.17500e-06 1.02508e+13
2.18500e-06 1.02014e+13
2.19500e-06 1.00398e+13
2.20500e-06 9.86762e+12
2.21500e-06 9.69733e+12
2.22500e-06 9.53122e+12
2.23500e-06 9.36844e+12
2.24500e-06 9.20967e+12
2.25500e-06 9.05334e+12
2.26500e-06 8.90088e+12
2.27500e-06 8.75146e+12
2.28500e-06 8.62525e+12
2.29500e-06 8.55025e+12
2.30500e-06 8.40815e+12
2.31500e-06 8.26748e+12
2.32500e-06 8.11149e+12
2.33500e-06 7.96684e+12
2.34500e-06 7.82642e+12
2.35500e-06 7.68945e+12
2.36500e-06 7.55923e+12
2.37500e-06 7.42758e+12
2.38500e-06 7.30251e+12
2.39500e-06 7.18320e+12
2.40500e-06 7.05780e+12
2.41500e-06 6.93682e+12
2.42500e-06 6.82399e+12
2.43500e-06 6.72040e+12
2.44500e-06 6.60315e+12
2.45500e-06 6.50946e+12
2.46500e-06 6.39352e+12
2.47500e-06 6.30383e+12
2.48500e-06 6.21964e+12
2.49500e-06 6.08394e+12
2.50500e-06 6.08290e+12
2.51500e-06 5.95535e+12
2.52500e-06 5.78477e+12
2.53500e-06 5.75745e+12
2.54500e-06 5.70154e+12
2.55500e-06 5.57845e+12
2.56500e-06 5.41096e+12
2.57500e-06 5.42668e+12
2.58500e-06 5.37694e+12
2.59500e-06 5.28987e+12
2.60500e-06 5.14502e+12
2.61500e-06 4.96758e+12
2.62500e-06 4.71171e+12
2.63500e-06 4.92593e+12
2.64500e-06 4.91756e+12
2.65500e-06 4.84826e+12
2.66500e-06 4.73725e+12
2.67500e-06 4.53137e+12
2.68500e-06 4.60235e+12
2.69500e-06 4.58107e+12
2.70500e-06 4.53028e+12
2.71500e-06 4.46604e+12
2.72500e-06 4.40283e+12
2.73500e-06 4.33277e+12
2.74500e-06 4.24492e+12
2.75500e-06 4.03527e+12
2.76500e-06 4.05857e+12
2.77500e-06 4.08416e+12
2.78500e-06 4.04488e+12
2.79500e-06 3.99062e+12
2.80500e-06 3.93574e+12
2.81500e-06 3.88163e+12
2.82500e-06 3.82852e+12
2.83500e-06 3.77620e+12
2.84500e-06 3.72387e+12
2.85500e-06 3.65937e+12
2.86500e-06 3.54983e+12
2.87500e-06 3.38407e+12
2.88500e-06 3.49350e+12
2.89500e-06 3.47386e+12
2.90500e-06 3.43556e+12
2.91500e-06 3.38969e+12
2.92500e-06 3.34524e+12
2.93500e-06 3.30105e+12
2.94500e-06 3.25782e+12
2.95500e-06 3.21536e+12
2.96500e-06 3.17339e+12
2.97500e-06 3.13218e+12
2.98500e-06 3.09165e+12
2.99500e-06 3.05172e+12
3.00500e-06 3.01238e+12
3.01500e-06 2.96922e+12
3.02500e-06 2.91368e+12
3.03500e-06 2.75766e+12
3.04500e-06 2.76501e+12
3.05500e-06 2.80866e+12
3.06500e-06 2.78719e+12
3.07500e-06 2.75451e+12
3.08500e-06 2.71867e+12
3.09500e-06 2.68595e+12
3.10500e-06 2.65250e+12
3.11500e-06 2.61954e+12
3.12500e-06 2.58699e+12
3.13500e-06 2.55514e+12
3.14500e-06 2.52356e+12
3.15500e-06 2.49272e+12
3.16500e-06 2.46210e+12
3.17500e-06 2.43212e+12
3.18500e-06 2.40261e+12
3.19500e-06 2.37342e+12
3.21000e-06 2.33056e+12
3.23000e-06 2.27492e+12
3.25000e-06 2.22086e+12
3.27000e-06 2.16419e+12
3.29000e-06 2.03121e+12
3.31000e-06 2.04652e+12
3.33000e-06 2.02768e+12
3.35000e-06 1.98216e+12
3.37000e-06 1.93641e+12
3.39000e-06 1.89088e+12
3.41000e-06 1.84518e+12
3.43000e-06 1.80262e+12
3.45000e-06 1.76149e+12
3.47000e-06 1.72169e+12
3.49000e-06 1.68216e+12
3.51000e-06 1.64476e+12
3.53000e-06 1.60861e+12
3.55000e-06 1.57260e+12
3.57000e-06 1.53738e+12
3.59000e-06 1.50457e+12
3.61000e-06 1.47147e+12
3.63000e-06 1.44080e+12
3.65000e-06 1.40846e+12
3.67000e-06 1.38129e+12
3.69000e-06 1.34738e+12
3.71000e-06 1.32222e+12
3.73000e-06 1.26978e+12
3.75000e-06 1.23002e+12
3.77000e-06 1.24274e+12
3.79000e-06 1.21998e+12
3.81000e-06 1.18756e+12
3.83000e-06 1.16469e+12
3.85000e-06 1.14924e+12
3.87000e-06 1.12710e+12
3.89000e-06 1.09882e+12
3.91000e-06 1.06698e+12
3.93000e-06 1.05836e+12
3.95000e-06 1.04077e+12
3.97000e-06 1.02063e+12
3.99000e-06 1.00070e+12
4.01000e-06 9.69067e+11
4.03000e-06 9.46947e+11
4.05000e-06 9.07644e+11
4.07000e-06 9.21761e+11
4.09000e-06 9.08152e+11
4.11000e-06 8.90994e+11
4.13000e-06 8.74103e+11
4.15000e-06 8.53405e+11
4.17000e-06 8.20887e+11
4.19000e-06 8.21352e+11
4.21000e-06 8.10761e+11
4.23000e-06 7.95912e+11
4.25000e-06 7.81305e+11
4.27000e-06 7.67061e+11
4.29000e-06 7.53068e+11
4.31000e-06 7.39484e+11
4.33000e-06 7.26158e+11
4.35000e-06 7.11054e+11
4.37000e-06 6.81736e+11
4.39000e-06 6.79663e+11
4.41000e-06 6.75140e+11
4.43000e-06 6.63913e+11
4.45000e-06 6.52270e+11
4.47000e-06 6.42298e+11
4.49000e-06 6.31114e+11
4.51000e-06 6.20194e+11
4.53000e-06 6.09443e+11
4.55000e-06 5.99038e+11
4.57000e-06 5.88792e+11
4.59000e-06 5.78754e+11
4.61000e-06 5.68727e+11
4.63000e-06 5.56461e+11
4.65000e-06 5.24678e+11
4.67000e-06 5.19192e+11
4.69000e-06 5.26506e+11
4.71000e-06 5.22248e+11
4.73000e-06 5.14254e+11
4.75000e-06 5.05725e+11
4.77000e-06 4.97486e+11
4.79000e-06 4.89366e+11
4.81000e-06 4.81414e+11
4.83000e-06 4.73608e+11
4.85000e-06 4.65978e+11
4.87000e-06 4.58489e+11
4.89000e-06 4.51139e+11
4.91000e-06 4.43955e+11
4.93000e-06 4.36904e+11
4.95000e-06 4.29998e+11
4.97000e-06 4.23219e+11
4.99000e-06 4.16580e+11
5.01000e-06 4.10064e+11
5.03000e-06 4.03668e+11
5.05000e-06 3.97419e+11
5.07000e-06 3.91271e+11
5.09000e-06 3.84916e+11
5.11000e-06 3.76065e+11
5.13000e-06 3.57907e+11
5.15000e-06 3.65516e+11
5.17000e-06 3.62144e+11
5.19000e-06 3.56813e+11
5.21000e-06 3.51456e+11
5.23000e-06 3.46183e+11
5.25000e-06 3.41022e+11
5.27000e-06 3.35929e+11
5.29000e-06 3.30957e+11
5.31000e-06 3.26077e+11
5.33000e-06 3.21274e+11
5.35000e-06 3.16560e+11
5.37000e-06 3.11946e+11
5.39000e-06 3.07392e+11
5.41000e-06 3.02936e+11
5.43000e-06 2.98562e+11
5.45000e-06 2.94269e+11
5.47000e-06 2.90044e+11
5.49000e-06 2.85897e+11
5.51000e-06 2.81815e+11
5.53000e-06 2.77821e+11
5.55000e-06 2.73890e+11
5.57000e-06 2.70020e+11
5.59000e-06 2.66235e+11
5.61000e-06 2.62509e+11
5.63000e-06 2.58840e+11
5.65000e-06 2.55241e+11
5.67000e-06 2.51709e+11
5.69000e-06 2.48232e+11
5.71000e-06 2.44821e+11
5.73000e-06 2.41462e+11
5.75000e-06 2.38156e+11
5.77000e-06 2.34913e+11
5.79000e-06 2.31731e+11
5.81000e-06 2.28598e+11
5.83000e-06 2.25514e+11
5.85000e-06 2.22752e+11
5.87000e-06 2.19488e+11
5.89000e-06 2.14622e+11
5.91000e-06 2.03972e+11
5.93000e-06 2.09637e+11
5.95000e-06 2.08187e+11
5.97000e-06 2.05579e+11
5.99000e-06 2.02875e+11
6.01000e-06 2.00224e+11
6.03000e-06 1.97613e+11
6.05000e-06 1.95042e+11
6.07000e-06 1.92512e+11
6.09000e-06 1.90020e+11
6.11000e-06 1.87578e+11
6.13000e-06 1.85162e+11
6.15000e-06 1.82795e+11
6.17000e-06 1.80464e+11
6.19000e-06 1.78169e+11
6.21000e-06 1.75909e+11
6.23000e-06 1.73685e+11
6.25000e-06 1.71495e+11
6.27000e-06 1.69348e+11
6.29000e-06 1.67226e+11
6.31000e-06 1.65136e+11
6.33000e-06 1.63079e+11
6.35000e-06 1.61063e+11
6.37000e-06 1.59069e+11
6.39000e-06 1.57106e+11
6.42000e-06 1.54224e+11
6.46000e-06 1.50479e+11
6.50000e-06 1.46840e+11
6.54000e-06 1.43323e+11
6.58000e-06 1.39898e+11
6.62000e-06 1.36579e+11
6.66000e-06 1.33364e+11
6.70000e-06 1.30240e+11
6.74000e-06 1.27206e+11
6.78000e-06 1.24259e+11
6.82000e-06 1.21396e+11
6.86000e-06 1.18608e+11
6.90000e-06 1.15907e+11
6.94000e-06 1.13284e+11
6.98000e-06 1.10737e+11
7.02000e-06 1.08256e+11
7.06000e-06 1.05846e+11
7.10000e-06 1.03498e+11
7.14000e-06 1.01218e+11
7.18000e-06 9.90050e+10
7.22000e-06 9.68486e+10
7.26000e-06 9.47480e+10
7.30000e-06 9.27016e+10
7.34000e-06 9.07150e+10
7.38000e-06 8.87797e+10
7.42000e-06 8.67098e+10
7.46000e-06 8.24857e+10
7.50000e-06 8.05299e+10
7.54000e-06 8.12946e+10
7.58000e-06 7.98488e+10
7.62000e-06 7.82016e+10
7.66000e-06 7.65973e+10
7.70000e-06 7.50284e+10
7.74000e-06 7.35003e+10
7.78000e-06 7.20120e+10
7.82000e-06 7.05626e+10
7.86000e-06 6.91510e+10
7.90000e-06 6.77704e+10
7.94000e-06 6.64260e+10
7.98000e-06 6.51169e+10
8.02000e-06 6.38364e+10
8.06000e-06 6.25897e+10
8.10000e-06 6.13701e+10
8.14000e-06 6.01828e+10
8.18000e-06 5.90214e+10
8.22000e-06 5.78908e+10
8.26000e-06 5.67849e+10
8.30000e-06 5.57030e+10
8.34000e-06 5.46500e+10
8.38000e-06 5.36215e+10
8.42000e-06 5.26169e+10
8.46000e-06 5.16357e+10
8.50000e-06 5.06769e+10
8.54000e-06 4.97404e+10
8.58000e-06 4.88259e+10
8.62000e-06 4.79317e+10
8.66000e-06 4.70579e+10
8.70000e-06 4.62041e+10
8.74000e-06 4.53694e+10
8.78000e-06 4.45532e+10
8.82000e-06 4.37554e+10
8.86000e-06 4.29753e+10
8.90000e-06 4.22123e+10
8.94000e-06 4.14663e+10
8.98000e-06 4.07370e+10
9.02000e-06 4.00232e+10
9.06000e-06 3.93250e+10
9.10000e-06 3.86420e+10
9.14000e-06 3.79736e+10
9.18000e-06 3.73197e+10
9.22000e-06 3.66797e+10
9.26000e-06 3.60533e+10
9.30000e-06 3.54407e+10
9.34000e-06 3.48407e+10
9.38000e-06 3.42530e+10
9.42000e-06 3.36779e+10
9.46000e-06 3.31146e+10
9.50000e-06 3.25633e+10
9.54000e-06 3.20230e+10
9.58000e-06 3.14942e+10
9.62000e-06 3.09764e+10
9.66000e-06 3.04689e+10
9.70000e-06 2.99715e+10
9.74000e-06 2.94848e+10
9.78000e-06 2.90074e+10
9.82000e-06 2.85398e+10
9.86000e-06 2.80817e+10
9.90000e-06 2.76327e+10
9.94000e-06 2.71922e+10
9.98000e-06 2.67610e+10
1.00200e-05 2.63380e+10
2.00000e-05 1.65940e+09
4.00000e-05 1.02030e+08
6.00000e-05 1.98662e+07
8.00000e-05 6.21370e+06
1.00000e-04 2.52134e+06
1.20000e-04 1.20650e+06
1.40000e-04 6.46958e+05
1.60000e-04 3.77069e+05
