9.09000e-09 0.00000e+00
9.35000e-09 0.00000e+00
9.61000e-09 0.00000e+00
9.77000e-09 0.00000e+00
9.96000e-09 0.00000e+00
1.02000e-08 0.00000e+00
1.03800e-08 0.00000e+00
1.05600e-08 0.00000e+00
1.07700e-08 0.00000e+00
1.10400e-08 0.00000e+00
1.14000e-08 0.00000e+00
1.17800e-08 0.00000e+00
1.21300e-08 0.00000e+00
1.24800e-08 0.00000e+00
1.27100e-08 0.00000e+00
1.28400e-08 0.00000e+00
1.30500e-08 0.00000e+00
1.32400e-08 0.00000e+00
1.33900e-08 0.00000e+00
1.36600e-08 0.00000e+00
1.39800e-08 0.00000e+00
1.43300e-08 0.00000e+00
1.47200e-08 0.00000e+00
1.51000e-08 0.00000e+00
1.55200e-08 0.00000e+00
1.58800e-08 0.00000e+00
1.62000e-08 0.00000e+00
1.66000e-08 0.00000e+00
1.70300e-08 0.00000e+00
1.73400e-08 0.00000e+00
1.76800e-08 0.00000e+00
1.80200e-08 0.00000e+00
1.81700e-08 0.00000e+00
1.86100e-08 0.00000e+00
1.91000e-08 0.00000e+00
1.93900e-08 0.00000e+00
1.98400e-08 0.00000e+00
2.01800e-08 0.00000e+00
2.05000e-08 0.00000e+00
2.10500e-08 0.00000e+00
2.16200e-08 0.00000e+00
2.19800e-08 0.00000e+00
2.23000e-08 0.00000e+00
2.26800e-08 0.00000e+00
2.30000e-08 0.00000e+00
2.34000e-08 0.00000e+00
2.40000e-08 0.00000e+00
2.46500e-08 0.00000e+00
2.52400e-08 0.00000e+00
2.56800e-08 0.00000e+00
2.60000e-08 0.00000e+00
2.64000e-08 0.00000e+00
2.68500e-08 0.00000e+00
2.73500e-08 0.00000e+00
2.78500e-08 0.00000e+00
2.84000e-08 0.00000e+00
2.90000e-08 0.00000e+00
2.96000e-08 0.00000e+00
3.01000e-08 0.00000e+00
3.08000e-08 0.00000e+00
3.18000e-08 0.00000e+00
3.28000e-08 0.00000e+00
3.38000e-08 0.00000e+00
3.48000e-08 0.00000e+00
3.57000e-08 0.00000e+00
3.66000e-08 0.00000e+00
3.75000e-08 0.00000e+00
3.85000e-08 0.00000e+00
3.95000e-08 0.00000e+00
4.05000e-08 0.00000e+00
4.14000e-08 0.00000e+00
4.22000e-08 0.00000e+00
4.30000e-08 0.00000e+00
4.41000e-08 0.00000e+00
4.51000e-08 0.00000e+00
4.60000e-08 0.00000e+00
4.70000e-08 0.00000e+00
4.80000e-08 0.00000e+00
4.90000e-08 0.00000e+00
5.00000e-08 0.00000e+00
5.06000e-08 0.00000e+00
5.12000e-08 0.00000e+00
5.20000e-08 0.00000e+00
5.30000e-08 0.00000e+00
5.40000e-08 0.00000e+00
5.50000e-08 0.00000e+00
5.60000e-08 0.00000e+00
5.70000e-08 0.00000e+00
5.80000e-08 0.00000e+00
5.90000e-08 0.00000e+00
6.00000e-08 0.00000e+00
6.10000e-08 0.00000e+00
6.20000e-08 0.00000e+00
6.30000e-08 0.00000e+00
6.40000e-08 0.00000e+00
6.50000e-08 0.00000e+00
6.58000e-08 0.00000e+00
6.65000e-08 0.00000e+00
6.75000e-08 0.00000e+00
6.85000e-08 0.00000e+00
6.95000e-08 0.00000e+00
7.05000e-08 0.00000e+00
7.16000e-08 0.00000e+00
7.26000e-08 0.00000e+00
7.35000e-08 0.00000e+00
7.45000e-08 0.00000e+00
7.55000e-08 0.00000e+00
7.65000e-08 0.00000e+00
7.75000e-08 0.00000e+00
7.85000e-08 0.00000e+00
7.95000e-08 0.00000e+00
8.05000e-08 0.00000e+00
8.15000e-08 0.00000e+00
8.25000e-08 0.00000e+00
8.35000e-08 0.00000e+00
8.45000e-08 0.00000e+00
8.55000e-08 0.00000e+00
8.65000e-08 0.00000e+00
8.75000e-08 0.00000e+00
8.85000e-08 0.00000e+00
8.95000e-08 0.00000e+00
9.05000e-08 0.00000e+00
9.15000e-08 0.00000e+00
9.25000e-08 4.67245e-02
9.35000e-08 6.86645e-02
9.45000e-08 1.00512e-01
9.55000e-08 1.58123e-01
9.65000e-08 2.65581e-01
9.75000e-08 3.61534e-01
9.85000e-08 5.59762e-01
9.95000e-08 8.19159e-01
1.00500e-07 1.21267e+00
1.01500e-07 1.76531e+00
1.02500e-07 2.07150e+00
1.03500e-07 4.00601e+00
1.04500e-07 5.79951e+00
1.05500e-07 7.04298e+00
1.06500e-07 1.11545e+01
1.07500e-07 1.57639e+01
1.08500e-07 2.24302e+01
1.09500e-07 2.84122e+01
1.10500e-07 3.73267e+01
1.11500e-07 5.08843e+01
1.12500e-07 7.57911e+01
1.13500e-07 1.11786e+02
1.14500e-07 1.52459e+02
1.15500e-07 2.02425e+02
1.16500e-07 2.66552e+02
1.17500e-07 3.63462e+02
1.18500e-07 4.59516e+02
1.19500e-07 5.58675e+02
1.20500e-07 6.28730e+02
1.21500e-07 4.37078e+02
1.22500e-07 1.01020e+03
1.23500e-07 1.60330e+03
1.24500e-07 2.08691e+03
1.25500e-07 2.57010e+03
1.26500e-07 3.23119e+03
1.27500e-07 4.06156e+03
1.28500e-07 4.73940e+03
1.29500e-07 5.90584e+03
1.30500e-07 7.13101e+03
1.31500e-07 9.08088e+03
1.32500e-07 1.05232e+04
1.33500e-07 1.25994e+04
1.34500e-07 1.59851e+04
1.35500e-07 1.98597e+04
1.36500e-07 2.35494e+04
1.37500e-07 2.77134e+04
1.38500e-07 3.23365e+04
1.39500e-07 3.99492e+04
1.40500e-07 4.96480e+04
1.41500e-07 6.11093e+04
1.42500e-07 7.08165e+04
1.43500e-07 8.92071e+04
1.44200e-07 1.08033e+05
1.44700e-07 1.07815e+05
1.45500e-07 1.25578e+05
1.46500e-07 1.61358e+05
1.47500e-07 1.87497e+05
1.48500e-07 2.17730e+05
1.49500e-07 2.77328e+05
1.50500e-07 3.43012e+05
1.51200e-07 3.12703e+05
1.51700e-07 3.73671e+05
1.52500e-07 9.11459e+05
1.53500e-07 1.56258e+06
1.54500e-07 1.31633e+06
1.55500e-07 2.22889e+06
1.56500e-07 2.19065e+06
1.57500e-07 5.99671e+06
1.58500e-07 7.04597e+06
1.59500e-07 8.17085e+06
1.60500e-07 8.43877e+06
1.61500e-07 9.15356e+06
1.62500e-07 1.02632e+07
1.63500e-07 1.41294e+07
1.64500e-07 2.03288e+07
1.65500e-07 1.48875e+07
1.66500e-07 2.50345e+07
1.67200e-07 1.71050e+07
1.67700e-07 5.81506e+07
1.68500e-07 6.77995e+07
1.69500e-07 8.78523e+07
1.70500e-07 9.39848e+07
1.71500e-07 9.37310e+07
1.72500e-07 1.36671e+08
1.73500e-07 1.60205e+08
1.74500e-07 2.31913e+08
1.75500e-07 2.74436e+08
1.76500e-07 2.89088e+08
1.77500e-07 2.84082e+08
1.78500e-07 4.58098e+08
1.79500e-07 4.60421e+08
1.80500e-07 6.17091e+08
1.81500e-07 5.20010e+08
1.82500e-07 7.56328e+08
1.83500e-07 7.53757e+08
1.84500e-07 6.63490e+08
1.85500e-07 7.85227e+08
1.86500e-07 1.05009e+09
1.87500e-07 1.09527e+09
1.88500e-07 1.24251e+09
1.89500e-07 1.69082e+09
1.90500e-07 1.60584e+09
1.91500e-07 2.05119e+09
1.92500e-07 1.91536e+09
1.93500e-07 1.20991e+09
1.94500e-07 2.48872e+09
1.95500e-07 2.99510e+09
1.96700e-07 3.65018e+09
1.97600e-07 3.84992e+09
1.98400e-07 4.30609e+09
1.99500e-07 4.22115e+09
2.00500e-07 4.33715e+09
2.01500e-07 4.96950e+09
2.02500e-07 3.94974e+09
2.03500e-07 5.56341e+09
2.04500e-07 6.27466e+09
2.05500e-07 6.97130e+09
2.06500e-07 6.91322e+09
2.07400e-07 6.99681e+09
2.07800e-07 1.29524e+10
2.08500e-07 1.61049e+10
2.09500e-07 1.65034e+10
2.10500e-07 1.63997e+10
2.11500e-07 1.90857e+10
2.12500e-07 1.81039e+10
2.13500e-07 2.20333e+10
2.14500e-07 2.16695e+10
2.15500e-07 2.11881e+10
2.16500e-07 2.03981e+10
2.17500e-07 2.21119e+10
2.18500e-07 2.26012e+10
2.19500e-07 2.89005e+10
2.20500e-07 2.83267e+10
2.21500e-07 2.72315e+10
2.22500e-07 3.01780e+10
2.23500e-07 4.31904e+10
2.24500e-07 4.63100e+10
2.25500e-07 4.35820e+10
2.26500e-07 3.13840e+10
2.27500e-07 3.99497e+10
2.28500e-07 5.19297e+10
2.29500e-07 5.40044e+10
2.30500e-07 4.11232e+10
2.31500e-07 6.26053e+10
2.32500e-07 6.30381e+10
2.33500e-07 7.98826e+10
2.34500e-07 5.49172e+10
2.35500e-07 6.35338e+10
2.36500e-07 6.20762e+10
2.37500e-07 6.87858e+10
2.38500e-07 7.03494e+10
2.39500e-07 7.66856e+10
2.40500e-07 9.77254e+10
2.41500e-07 7.59956e+10
2.42500e-07 1.06357e+11
2.43500e-07 1.24414e+11
2.44500e-07 1.56212e+11
2.45500e-07 1.70450e+11
2.46500e-07 1.24789e+11
2.47500e-07 1.31169e+11
2.48500e-07 5.45650e+10
2.49500e-07 7.79783e+10
2.50500e-07 1.36079e+11
2.51300e-07 8.09814e+10
2.51800e-07 5.96796e+10
2.52500e-07 6.65049e+10
2.53500e-07 1.58414e+11
2.54500e-07 1.62214e+11
2.55500e-07 3.59589e+11
2.56500e-07 2.45952e+11
2.57500e-07 3.86712e+11
2.58500e-07 3.58868e+11
2.59500e-07 3.78984e+11
2.60500e-07 3.96420e+11
2.61500e-07 3.51954e+11
2.62500e-07 4.91296e+11
2.63500e-07 1.03222e+12
2.64500e-07 1.13649e+12
2.65500e-07 2.36363e+12
2.66500e-07 1.22977e+12
2.67500e-07 1.21049e+12
2.68500e-07 1.75002e+12
2.69500e-07 8.42570e+11
2.70500e-07 1.42181e+12
2.71500e-07 8.68585e+11
2.72500e-07 4.82443e+11
2.73500e-07 7.18687e+11
2.74500e-07 6.22366e+11
2.75500e-07 8.46871e+11
2.76500e-07 1.19550e+12
2.77500e-07 1.28479e+12
2.78500e-07 7.68739e+11
2.79500e-07 4.08818e+11
2.80500e-07 4.90878e+11
2.81500e-07 1.04977e+12
2.82500e-07 1.16910e+12
2.83500e-07 8.38702e+11
2.84500e-07 5.17386e+11
2.85500e-07 2.49836e+11
2.86500e-07 6.95243e+11
2.87500e-07 1.15080e+12
2.88500e-07 1.59034e+12
2.89500e-07 2.74535e+12
2.91000e-07 5.41822e+12
2.93000e-07 4.19266e+12
2.95000e-07 3.12289e+12
2.97000e-07 3.06039e+12
2.99000e-07 3.00875e+12
3.01000e-07 2.61608e+12
3.03000e-07 3.44375e+12
3.05000e-07 3.58369e+12
3.07000e-07 5.46495e+12
3.09000e-07 4.70869e+12
3.11000e-07 7.51778e+12
3.13000e-07 6.26147e+12
3.15000e-07 6.98636e+12
3.17000e-07 8.05504e+12
3.19000e-07 6.45796e+12
3.21000e-07 6.74920e+12
3.23000e-07 5.66130e+12
3.25000e-07 9.77056e+12
3.27000e-07 1.23170e+13
3.29000e-07 1.22057e+13
3.31000e-07 1.02314e+13
3.33000e-07 1.08281e+13
3.35000e-07 1.00399e+13
3.37000e-07 5.89200e+12
3.39000e-07 7.09002e+12
3.41000e-07 7.19760e+12
3.43000e-07 8.05534e+12
3.45000e-07 8.32178e+12
3.47000e-07 8.75551e+12
3.49000e-07 1.13538e+13
3.51000e-07 1.29332e+13
3.53000e-07 1.09428e+13
3.55000e-07 1.32989e+13
3.57000e-07 6.69252e+12
3.59000e-07 7.44277e+12
3.61000e-07 1.07977e+13
3.63000e-07 1.16737e+13
3.64000e-07 1.26588e+13
3.65000e-07 1.52440e+13
3.67000e-07 1.72384e+13
3.69000e-07 1.38968e+13
3.71000e-07 1.37775e+13
3.73000e-07 6.63622e+12
3.75000e-07 8.04951e+12
3.77000e-07 1.34071e+13
3.79000e-07 1.40198e+13
3.81000e-07 1.17708e+13
3.83000e-07 5.06326e+12
3.85000e-07 7.94000e+12
3.87000e-07 7.67678e+12
3.89000e-07 1.15722e+13
3.91000e-07 1.60486e+13
3.93000e-07 7.02414e+12
3.95000e-07 1.42386e+13
3.97000e-07 9.75284e+12
3.99000e-07 2.34506e+13
4.01000e-07 2.54596e+13
4.03000e-07 2.45418e+13
4.05000e-07 2.29665e+13
4.07000e-07 2.09085e+13
4.09000e-07 2.87748e+13
4.11000e-07 2.73001e+13
4.13000e-07 2.56603e+13
4.15000e-07 2.42280e+13
4.17000e-07 2.57727e+13
4.19000e-07 2.40380e+13
4.21000e-07 2.46519e+13
4.23000e-07 2.25580e+13
4.25000e-07 2.43506e+13
4.27000e-07 2.21952e+13
4.29000e-07 2.07156e+13
4.31000e-07 1.78457e+13
4.33000e-07 2.83579e+13
4.35000e-07 2.87030e+13
4.37000e-07 3.09186e+13
4.39000e-07 2.62920e+13
4.41000e-07 2.82934e+13
4.43000e-07 3.19200e+13
4.45000e-07 3.18925e+13
4.47000e-07 3.48375e+13
4.49000e-07 3.58079e+13
4.51000e-07 4.16161e+13
4.53000e-07 3.57493e+13
4.55000e-07 3.82144e+13
4.57000e-07 4.10536e+13
4.59000e-07 3.87010e+13
4.61000e-07 3.95874e+13
4.63000e-07 3.90668e+13
4.65000e-07 3.93082e+13
4.67000e-07 4.14563e+13
4.69000e-07 4.05245e+13
4.71000e-07 3.92114e+13
4.73000e-07 4.06200e+13
4.75000e-07 4.13873e+13
4.77000e-07 4.14003e+13
4.79000e-07 4.16283e+13
4.81000e-07 4.16900e+13
4.83000e-07 4.26777e+13
4.85000e-07 4.06432e+13
4.87000e-07 3.65136e+13
4.89000e-07 3.97557e+13
4.91000e-07 4.01325e+13
4.93000e-07 3.85846e+13
4.95000e-07 4.06874e+13
4.97000e-07 4.07998e+13
4.99000e-07 3.74989e+13
5.01000e-07 3.51033e+13
5.03000e-07 3.77030e+13
5.05000e-07 3.69027e+13
5.07000e-07 3.87387e+13
5.09000e-07 3.65285e+13
5.11000e-07 3.70280e+13
5.13000e-07 3.58709e+13
5.15000e-07 3.38145e+13
5.17000e-07 2.82228e+13
5.19000e-07 2.98281e+13
5.21000e-07 3.50151e+13
5.23000e-07 3.83136e+13
5.25000e-07 4.11318e+13
5.27000e-07 3.42481e+13
5.29000e-07 4.09577e+13
5.31000e-07 4.39272e+13
5.33000e-07 3.75286e+13
5.35000e-07 4.19382e+13
5.37000e-07 4.10882e+13
5.39000e-07 4.04142e+13
5.41000e-07 3.91828e+13
5.43000e-07 3.99845e+13
5.45000e-07 4.14559e+13
5.47000e-07 4.14227e+13
5.49000e-07 4.21064e+13
5.51000e-07 4.12404e+13
5.53000e-07 4.23249e+13
5.55000e-07 4.29952e+13
5.57000e-07 4.14860e+13
5.59000e-07 4.02698e+13
5.61000e-07 4.23282e+13
5.63000e-07 4.23560e+13
5.65000e-07 4.27943e+13
5.67000e-07 4.16949e+13
5.69000e-07 4.24228e+13
5.71000e-07 4.10342e+13
5.73000e-07 4.43695e+13
5.75000e-07 4.29082e+13
5.77000e-07 4.33898e+13
5.79000e-07 4.16398e+13
5.81000e-07 4.32464e+13
5.83000e-07 4.42902e+13
5.85000e-07 4.29587e+13
5.87000e-07 4.31486e+13
5.89000e-07 3.85243e+13
5.91000e-07 4.26269e+13
5.93000e-07 4.26055e+13
5.95000e-07 4.27282e+13
5.97000e-07 4.31464e+13
5.99000e-07 4.26047e+13
6.01000e-07 4.17646e+13
6.03000e-07 4.24278e+13
6.05000e-07 4.31471e+13
6.07000e-07 4.27293e+13
6.09000e-07 4.13450e+13
6.11000e-07 4.13522e+13
6.13000e-07 3.91268e+13
6.15000e-07 4.06268e+13
6.17000e-07 3.82293e+13
6.19000e-07 4.12597e+13
6.21000e-07 4.11634e+13
6.23000e-07 3.98823e+13
6.25000e-07 3.88154e+13
6.27000e-07 4.04359e+13
6.29000e-07 4.07638e+13
6.31000e-07 3.95076e+13
6.33000e-07 3.98516e+13
6.35000e-07 4.00625e+13
6.37000e-07 3.98967e+13
6.39000e-07 4.03024e+13
6.41000e-07 3.92372e+13
6.43000e-07 3.97415e+13
6.45000e-07 3.92120e+13
6.47000e-07 3.88674e+13
6.49000e-07 3.82731e+13
6.51000e-07 3.94864e+13
6.53000e-07 3.96407e+13
6.55000e-07 3.86236e+13
6.56125e-07 3.61685e+13
6.59000e-07 3.86888e+13
6.61000e-07 3.93362e+13
6.63000e-07 3.89767e+13
6.65000e-07 3.89070e+13
6.67000e-07 3.82701e+13
6.69000e-07 3.91132e+13
6.71000e-07 3.79098e+13
6.73000e-07 3.87993e+13
6.75000e-07 3.82539e+13
6.77000e-07 3.84228e+13
6.79000e-07 3.80546e+13
6.81000e-07 3.78939e+13
6.83000e-07 3.82191e+13
6.85000e-07 3.70906e+13
6.87000e-07 3.75765e+13
6.89000e-07 3.77563e+13
6.91000e-07 3.74300e+13
6.93000e-07 3.71962e+13
6.95000e-07 3.70011e+13
6.97000e-07 3.70613e+13
6.99000e-07 3.67755e+13
7.01000e-07 3.58583e+13
7.03000e-07 3.64138e+13
7.05000e-07 3.65577e+13
7.07000e-07 3.60760e+13
7.09000e-07 3.59050e+13
7.11000e-07 3.61169e+13
7.13000e-07 3.53803e+13
7.15000e-07 3.50397e+13
7.17000e-07 3.53501e+13
7.19000e-07 3.41226e+13
7.21000e-07 3.48118e+13
7.23000e-07 3.52227e+13
7.25000e-07 3.51218e+13
7.27000e-07 3.50529e+13
7.29000e-07 3.40775e+13
7.31000e-07 3.45674e+13
7.33000e-07 3.43650e+13
7.35000e-07 3.43679e+13
7.37000e-07 3.45818e+13
7.39000e-07 3.37064e+13
7.41000e-07 3.29827e+13
7.43000e-07 3.37669e+13
7.45000e-07 3.37019e+13
7.47000e-07 3.39119e+13
7.49000e-07 3.35968e+13
7.51000e-07 3.36271e+13
7.53000e-07 3.37624e+13
7.55000e-07 3.38170e+13
7.57000e-07 3.34689e+13
7.59000e-07 3.32634e+13
7.61000e-07 3.31440e+13
7.63000e-07 3.32287e+13
7.65000e-07 3.32361e+13
7.67000e-07 3.19916e+13
7.69000e-07 3.30314e+13
7.71000e-07 3.23729e+13
7.73000e-07 3.25082e+13
7.75000e-07 3.20465e+13
7.77000e-07 3.27703e+13
7.79000e-07 3.25451e+13
7.81000e-07 3.23694e+13
7.83000e-07 3.19369e+13
7.85000e-07 3.18209e+13
7.87000e-07 3.21539e+13
7.89000e-07 3.18192e+13
7.91000e-07 3.12207e+13
7.93000e-07 3.07633e+13
7.95000e-07 3.04901e+13
7.97000e-07 3.12702e+13
7.99000e-07 3.11912e+13
8.01000e-07 3.07473e+13
8.03000e-07 3.07737e+13
8.05000e-07 3.04390e+13
8.07000e-07 3.05741e+13
8.09000e-07 2.99096e+13
8.11000e-07 3.01335e+13
8.13000e-07 3.03063e+13
8.15000e-07 3.01271e+13
8.17000e-07 3.00689e+13
8.19000e-07 2.89192e+13
8.21000e-07 2.91926e+13
8.23000e-07 2.91899e+13
8.25000e-07 2.94670e+13
8.27000e-07 2.97114e+13
8.29000e-07 2.94854e+13
8.31000e-07 2.88074e+13
8.33000e-07 2.85270e+13
8.35000e-07 2.87179e+13
8.37000e-07 2.88223e+13
8.39000e-07 2.77897e+13
8.41000e-07 2.87512e+13
8.43000e-07 2.79825e+13
8.45000e-07 2.84506e+13
8.47000e-07 2.81048e+13
8.49000e-07 2.83582e+13
8.51000e-07 2.70978e+13
8.53000e-07 2.82394e+13
8.55000e-07 2.66423e+13
8.57000e-07 2.82683e+13
8.59000e-07 2.76533e+13
8.61000e-07 2.75834e+13
8.63000e-07 2.77860e+13
8.65000e-07 2.78843e+13
8.67000e-07 2.58242e+13
8.69000e-07 2.66100e+13
8.71000e-07 2.71434e+13
8.73000e-07 2.71759e+13
8.75000e-07 2.68815e+13
8.77000e-07 2.71137e+13
8.79000e-07 2.68685e+13
8.81000e-07 2.59026e+13
8.83000e-07 2.64749e+13
8.85000e-07 2.67002e+13
8.87000e-07 2.61529e+13
8.89000e-07 2.66779e+13
8.91000e-07 2.67732e+13
8.93000e-07 2.61574e+13
8.95000e-07 2.60166e+13
8.97000e-07 2.61175e+13
8.99000e-07 2.61562e+13
9.01000e-07 2.50299e+13
9.03000e-07 2.58312e+13
9.05000e-07 2.62332e+13
9.07000e-07 2.58960e+13
9.09000e-07 2.50732e+13
9.11000e-07 2.52324e+13
9.13000e-07 2.56151e+13
9.15000e-07 2.54623e+13
9.17000e-07 2.53917e+13
9.19000e-07 2.55904e+13
9.21000e-07 2.49806e+13
9.23000e-07 2.50502e+13
9.25000e-07 2.47571e+13
9.27000e-07 2.48911e+13
9.29000e-07 2.47796e+13
9.31000e-07 2.49532e+13
9.33000e-07 2.47646e+13
9.35000e-07 2.46354e+13
9.37000e-07 2.43262e+13
9.39000e-07 2.45260e+13
9.41000e-07 2.36777e+13
9.43000e-07 2.43412e+13
9.45000e-07 2.37857e+13
9.47000e-07 2.41986e+13
9.49000e-07 2.42356e+13
9.51000e-07 2.40272e+13
9.53000e-07 2.39227e+13
9.55000e-07 2.34653e+13
9.57000e-07 2.34915e+13
9.59000e-07 2.38111e+13
9.61000e-07 2.34555e+13
9.63000e-07 2.33488e+13
9.65000e-07 2.29459e+13
9.67000e-07 2.29892e+13
9.69000e-07 2.32339e+13
9.71000e-07 2.29940e+13
9.73000e-07 2.28566e+13
9.75000e-07 2.27213e+13
9.77000e-07 2.27176e+13
9.79000e-07 2.24091e+13
9.81000e-07 2.27645e+13
9.83000e-07 2.25990e+13
9.85000e-07 2.26716e+13
9.87000e-07 2.24208e+13
9.89000e-07 2.23876e+13
9.91000e-07 2.23189e+13
9.93000e-07 2.23677e+13
9.95000e-07 2.23053e+13
9.97000e-07 2.22485e+13
9.99000e-07 2.21119e+13
1.00250e-06 2.19646e+13
1.00750e-06 2.16643e+13
1.01250e-06 2.15865e+13
1.01750e-06 2.12482e+13
1.02250e-06 2.11368e+13
1.02750e-06 2.10825e+13
1.03250e-06 2.06844e+13
1.03750e-06 2.04891e+13
1.04250e-06 2.05159e+13
1.04750e-06 2.02178e+13
1.05250e-06 2.01758e+13
1.05750e-06 1.98723e+13
1.06250e-06 1.97104e+13
1.06750e-06 1.93599e+13
1.07250e-06 1.93344e+13
1.07750e-06 1.90558e+13
1.08250e-06 1.86901e+13
1.08750e-06 1.86553e+13
1.09250e-06 1.87050e+13
1.09750e-06 1.83745e+13
1.10250e-06 1.84360e+13
1.10750e-06 1.83832e+13
1.11250e-06 1.81840e+13
1.11750e-06 1.79562e+13
1.12250e-06 1.79143e+13
1.12750e-06 1.75193e+13
1.13250e-06 1.75092e+13
1.13750e-06 1.73046e+13
1.14250e-06 1.70384e+13
1.14750e-06 1.72258e+13
1.15250e-06 1.71152e+13
1.15750e-06 1.68513e+13
1.16250e-06 1.65614e+13
1.16750e-06 1.65478e+13
1.17250e-06 1.66142e+13
1.17750e-06 1.62685e+13
1.18250e-06 1.60520e+13
1.18750e-06 1.58869e+13
1.19250e-06 1.61256e+13
1.19750e-06 1.54522e+13
1.20250e-06 1.57007e+13
1.20750e-06 1.54823e+13
1.21250e-06 1.55237e+13
1.21750e-06 1.55510e+13
1.22250e-06 1.54074e+13
1.22750e-06 1.52344e+13
1.23250e-06 1.51508e+13
1.23750e-06 1.50574e+13
1.24250e-06 1.48749e+13
1.24750e-06 1.48602e+13
1.25250e-06 1.46804e+13
1.25750e-06 1.46284e+13
1.26250e-06 1.44998e+13
1.26750e-06 1.43206e+13
1.27250e-06 1.43265e+13
1.27750e-06 1.42799e+13
1.28250e-06 1.37265e+13
1.28750e-06 1.39483e+13
1.29250e-06 1.38009e+13
1.29750e-06 1.38599e+13
1.30250e-06 1.36600e+13
1.30750e-06 1.36753e+13
1.31250e-06 1.33408e+13
1.31750e-06 1.32932e+13
1.32250e-06 1.33658e+13
1.32750e-06 1.31142e+13
1.33250e-06 1.31324e+13
1.33750e-06 1.30230e+13
1.34250e-06 1.30642e+13
1.34750e-06 1.29384e+13
1.35250e-06 1.28727e+13
1.35750e-06 1.26272e+13
1.36250e-06 1.25783e+13
1.36750e-06 1.25528e+13
1.37250e-06 1.25363e+13
1.37750e-06 1.24208e+13
1.38250e-06 1.23808e+13
1.38750e-06 1.22536e+13
1.39250e-06 1.22509e+13
1.39750e-06 1.21815e+13
1.40250e-06 1.19632e+13
1.40750e-06 1.20265e+13
1.41250e-06 1.18386e+13
1.41750e-06 1.19193e+13
1.42250e-06 1.16523e+13
1.42750e-06 1.14173e+13
1.43250e-06 1.16293e+13
1.43750e-06 1.16390e+13
1.44250e-06 1.12354e+13
1.44750e-06 1.14624e+13
1.45250e-06 1.12139e+13
1.45700e-06 1.12420e+13
1.46200e-06 1.12440e+13
1.46750e-06 1.11748e+13
1.47250e-06 1.09560e+13
1.47750e-06 1.09421e+13
1.48250e-06 1.09066e+13
1.48750e-06 1.06018e+13
1.49250e-06 1.09135e+13
1.49750e-06 1.07161e+13
1.50250e-06 1.01621e+13
1.50750e-06 1.03098e+13
1.51250e-06 1.05792e+13
1.51750e-06 1.05454e+13
1.52250e-06 1.03956e+13
1.52750e-06 1.04360e+13
1.53250e-06 1.03316e+13
1.53750e-06 1.03205e+13
1.54250e-06 1.03112e+13
1.54750e-06 1.02176e+13
1.55250e-06 1.00325e+13
1.55750e-06 9.95387e+12
1.56250e-06 1.00432e+13
1.56750e-06 9.76441e+12
1.57250e-06 9.84745e+12
1.57750e-06 9.35200e+12
1.58250e-06 9.58469e+12
1.58750e-06 9.26236e+12
1.59250e-06 9.43335e+12
1.59750e-06 9.48275e+12
1.60500e-06 9.40735e+12
1.61500e-06 9.23820e+12
1.62500e-06 9.17678e+12
1.63500e-06 9.00624e+12
1.64500e-06 8.81967e+12
1.65500e-06 8.74862e+12
1.66500e-06 8.58718e+12
1.67500e-06 8.32328e+12
1.68500e-06 8.13907e+12
1.69500e-06 8.14402e+12
1.70500e-06 7.86319e+12
1.71500e-06 7.73257e+12
1.72500e-06 7.54012e+12
1.73500e-06 7.32217e+12
1.74500e-06 7.26521e+12
1.75500e-06 7.15684e+12
1.76500e-06 7.03038e+12
1.77500e-06 6.86841e+12
1.78500e-06 6.77972e+12
1.79500e-06 6.63833e+12
1.80500e-06 6.49005e+12
1.81500e-06 6.31009e+12
1.82500e-06 6.21964e+12
1.83500e-06 6.11343e+12
1.84500e-06 5.94276e+12
1.85500e-06 5.89375e+12
1.86500e-06 5.71200e+12
1.87500e-06 5.48407e+12
1.88500e-06 5.54574e+12
1.89500e-06 5.31322e+12
1.90500e-06 5.36347e+12
1.91500e-06 5.24791e+12
1.92500e-06 5.16049e+12
1.93500e-06 5.00999e+12
1.94500e-06 4.84688e+12
1.95500e-06 4.87243e+12
1.96500e-06 4.77740e+12
1.97500e-06 4.65931e+12
1.98500e-06 4.59700e+12
1.99500e-06 4.52992e+12
2.00500e-06 4.49337e+12
2.01500e-06 4.43228e+12
2.02500e-06 4.30298e+12
2.03500e-06 4.21449e+12
2.04500e-06 4.19698e+12
2.05500e-06 4.11457e+12
2.06500e-06 4.01580e+12
2.07500e-06 3.96398e+12
2.08500e-06 3.89823e+12
2.09500e-06 3.79827e+12
2.10500e-06 3.77417e+12
2.11500e-06 3.70151e+12
2.12500e-06 3.63922e+12
2.13500e-06 3.59141e+12
2.14500e-06 3.53114e+12
2.15500e-06 3.47403e+12
2.16500e-06 3.35360e+12
2.17500e-06 3.33342e+12
2.18500e-06 3.28610e+12
2.19500e-06 3.24692e+12
2.20500e-06 3.15694e+12
2.21500e-06 3.14624e+12
2.22500e-06 3.07480e+12
2.23500e-06 3.02789e+12
2.24500e-06 2.98258e+12
2.25500e-06 2.94078e+12
2.26500e-06 2.87757e+12
2.27500e-06 2.85334e+12
2.28500e-06 2.78643e+12
2.29500e-06 2.61922e+12
2.30500e-06 2.65554e+12
2.31500e-06 2.62238e+12
2.32500e-06 2.43944e+12
2.33500e-06 2.48368e+12
2.34500e-06 2.49323e+12
2.35500e-06 2.30222e+12
2.36500e-06 2.37567e+12
2.37500e-06 2.36138e+12
2.38500e-06 2.19559e+12
2.39500e-06 2.25170e+12
2.40500e-06 2.24663e+12
2.41500e-06 2.11819e+12
2.42500e-06 2.14201e+12
2.43500e-06 2.13379e+12
2.44500e-06 2.05569e+12
2.45500e-06 2.02116e+12
2.46500e-06 2.04962e+12
2.47500e-06 1.98930e+12
2.48500e-06 1.92391e+12
2.49500e-06 1.94658e+12
2.50500e-06 1.94434e+12
2.51500e-06 1.86334e+12
2.52500e-06 1.87768e+12
2.53500e-06 1.85586e+12
2.54500e-06 1.81344e+12
2.55500e-06 1.79137e+12
2.56500e-06 1.77313e+12
2.57500e-06 1.76586e+12
2.58500e-06 1.70115e+12
2.59500e-06 1.70541e+12
2.60500e-06 1.69212e+12
2.61500e-06 1.66510e+12
2.62500e-06 1.61564e+12
2.63500e-06 1.61745e+12
2.64500e-06 1.59410e+12
2.65500e-06 1.57452e+12
2.66500e-06 1.53912e+12
2.67500e-06 1.54728e+12
2.68500e-06 1.52835e+12
2.69500e-06 1.50178e+12
2.70500e-06 1.48735e+12
2.71500e-06 1.46752e+12
2.72500e-06 1.44901e+12
2.73500e-06 1.42942e+12
2.74500e-06 1.41542e+12
2.75500e-06 1.39499e+12
2.76500e-06 1.37260e+12
2.77500e-06 1.35446e+12
2.78500e-06 1.34042e+12
2.79500e-06 1.32743e+12
2.80500e-06 1.30878e+12
2.81500e-06 1.29175e+12
2.82500e-06 1.27493e+12
2.83500e-06 1.26178e+12
2.84500e-06 1.24148e+12
2.85500e-06 1.22725e+12
2.86500e-06 1.21089e+12
2.87500e-06 1.19442e+12
2.88500e-06 1.18108e+12
2.89500e-06 1.16696e+12
2.90500e-06 1.15184e+12
2.91500e-06 1.13836e+12
2.92500e-06 1.11681e+12
2.93500e-06 1.10908e+12
2.94500e-06 1.09244e+12
2.95500e-06 1.08092e+12
2.96500e-06 1.06910e+12
2.97500e-06 1.05596e+12
2.98500e-06 1.04180e+12
2.99500e-06 1.02733e+12
3.00500e-06 1.01500e+12
3.01500e-06 1.00467e+12
3.02500e-06 9.90095e+11
3.03500e-06 9.74666e+11
3.04500e-06 9.67015e+11
3.05500e-06 9.55003e+11
3.06500e-06 9.41924e+11
3.07500e-06 9.33058e+11
3.08500e-06 9.18509e+11
3.09500e-06 9.08650e+11
3.10500e-06 9.00110e+11
3.11500e-06 8.81877e+11
3.12500e-06 8.77747e+11
3.13500e-06 8.68055e+11
3.14500e-06 8.57630e+11
3.15500e-06 8.44330e+11
3.16500e-06 8.35317e+11
3.17500e-06 8.26999e+11
3.18500e-06 8.17246e+11
3.19500e-06 8.08632e+11
3.21000e-06 7.93086e+11
3.23000e-06 7.74701e+11
3.25000e-06 7.56528e+11
3.27000e-06 7.38706e+11
3.29000e-06 7.19972e+11
3.31000e-06 7.04661e+11
3.33000e-06 6.87559e+11
3.35000e-06 6.74405e+11
3.37000e-06 6.58695e+11
3.39000e-06 6.42390e+11
3.41000e-06 6.27684e+11
3.43000e-06 6.16287e+11
3.45000e-06 6.03623e+11
3.47000e-06 5.89927e+11
3.49000e-06 5.77339e+11
3.51000e-06 5.65458e+11
3.53000e-06 5.52055e+11
3.55000e-06 5.41278e+11
3.57000e-06 5.29171e+11
3.59000e-06 5.17825e+11
3.61000e-06 5.08114e+11
3.63000e-06 4.97441e+11
3.65000e-06 4.85727e+11
3.67000e-06 4.75105e+11
3.69000e-06 4.63218e+11
3.71000e-06 4.53283e+11
3.73000e-06 4.46350e+11
3.75000e-06 4.34288e+11
3.77000e-06 4.28606e+11
3.79000e-06 4.19583e+11
3.81000e-06 4.12153e+11
3.83000e-06 4.04804e+11
3.85000e-06 3.97127e+11
3.87000e-06 3.87876e+11
3.89000e-06 3.81010e+11
3.91000e-06 3.74214e+11
3.93000e-06 3.66976e+11
3.95000e-06 3.58440e+11
3.97000e-06 3.52304e+11
3.99000e-06 3.43693e+11
4.01000e-06 3.38470e+11
4.03000e-06 3.33031e+11
4.05000e-06 3.25225e+11
4.07000e-06 3.20194e+11
4.09000e-06 3.14526e+11
4.11000e-06 3.08818e+11
4.13000e-06 3.03537e+11
4.15000e-06 2.97425e+11
4.17000e-06 2.92131e+11
4.19000e-06 2.86173e+11
4.21000e-06 2.79783e+11
4.23000e-06 2.77038e+11
4.25000e-06 2.71121e+11
4.27000e-06 2.66996e+11
4.29000e-06 2.53315e+11
4.31000e-06 2.41803e+11
4.33000e-06 2.41584e+11
4.35000e-06 2.29035e+11
4.37000e-06 2.23037e+11
4.39000e-06 2.19817e+11
4.41000e-06 2.08355e+11
4.43000e-06 2.06382e+11
4.45000e-06 2.03390e+11
4.47000e-06 1.93862e+11
4.49000e-06 1.94942e+11
4.51000e-06 1.89883e+11
4.53000e-06 1.82868e+11
4.55000e-06 1.83156e+11
4.57000e-06 1.81755e+11
4.59000e-06 1.74127e+11
4.61000e-06 1.75037e+11
4.63000e-06 1.71934e+11
4.65000e-06 1.70162e+11
4.67000e-06 1.68770e+11
4.69000e-06 1.66305e+11
4.71000e-06 1.62900e+11
4.73000e-06 1.63273e+11
4.75000e-06 1.59510e+11
4.77000e-06 1.57150e+11
4.79000e-06 1.55294e+11
4.81000e-06 1.51488e+11
4.83000e-06 1.52212e+11
4.85000e-06 1.49243e+11
4.87000e-06 1.46047e+11
4.89000e-06 1.44292e+11
4.91000e-06 1.42342e+11
4.93000e-06 1.39979e+11
4.95000e-06 1.37596e+11
4.97000e-06 1.36187e+11
4.99000e-06 1.33943e+11
5.01000e-06 1.32796e+11
5.03000e-06 1.30953e+11
5.05000e-06 1.27850e+11
5.07000e-06 1.26660e+11
5.09000e-06 1.25315e+11
5.11000e-06 1.22580e+11
5.13000e-06 1.21894e+11
5.15000e-06 1.19585e+11
5.17000e-06 1.19170e+11
5.19000e-06 1.16654e+11
5.21000e-06 1.15368e+11
5.23000e-06 1.13258e+11
5.25000e-06 1.12551e+11
5.27000e-06 1.11614e+11
5.29000e-06 1.08814e+11
5.31000e-06 1.07686e+11
5.33000e-06 1.06526e+11
5.35000e-06 1.05280e+11
5.37000e-06 1.03974e+11
5.39000e-06 1.02781e+11
5.41000e-06 1.01381e+11
5.43000e-06 9.93174e+10
5.45000e-06 9.88358e+10
5.47000e-06 9.74345e+10
5.49000e-06 9.60747e+10
5.51000e-06 9.50000e+10
5.53000e-06 9.47244e+10
5.55000e-06 9.22584e+10
5.57000e-06 9.20780e+10
5.59000e-06 9.03726e+10
5.61000e-06 8.93930e+10
5.63000e-06 8.79377e+10
5.65000e-06 8.74107e+10
5.67000e-06 8.63310e+10
5.69000e-06 8.46861e+10
5.71000e-06 8.42776e+10
5.73000e-06 8.31017e+10
5.75000e-06 8.21224e+10
5.77000e-06 8.09249e+10
5.79000e-06 8.02837e+10
5.81000e-06 7.89518e+10
5.83000e-06 7.80586e+10
5.85000e-06 7.72351e+10
5.87000e-06 7.59728e+10
5.89000e-06 7.50538e+10
5.91000e-06 7.43773e+10
5.93000e-06 7.34618e+10
5.95000e-06 7.24048e+10
5.97000e-06 7.17778e+10
5.99000e-06 7.08793e+10
6.01000e-06 6.99932e+10
6.03000e-06 6.91577e+10
6.05000e-06 6.81537e+10
6.07000e-06 6.73393e+10
6.09000e-06 6.65138e+10
6.11000e-06 6.55724e+10
6.13000e-06 6.49528e+10
6.15000e-06 6.42232e+10
6.17000e-06 6.35017e+10
6.19000e-06 6.27833e+10
6.21000e-06 6.20679e+10
6.23000e-06 6.11508e+10
6.25000e-06 6.03743e+10
6.27000e-06 5.96697e+10
6.29000e-06 5.90604e+10
6.31000e-06 5.82769e+10
6.33000e-06 5.77644e+10
6.35000e-06 5.69910e+10
6.37000e-06 5.64127e+10
6.39000e-06 5.56643e+10
6.42000e-06 5.47111e+10
6.46000e-06 5.33974e+10
6.50000e-06 5.21618e+10
6.54000e-06 5.09840e+10
6.58000e-06 4.98413e+10
6.62000e-06 4.86657e+10
6.66000e-06 4.75674e+10
6.70000e-06 4.64791e+10
6.74000e-06 4.53991e+10
6.78000e-06 4.43938e+10
6.82000e-06 4.33870e+10
6.86000e-06 4.24286e+10
6.90000e-06 4.14767e+10
6.94000e-06 4.05526e+10
6.98000e-06 3.96724e+10
7.02000e-06 3.87598e+10
7.06000e-06 3.79432e+10
7.10000e-06 3.71208e+10
7.14000e-06 3.63180e+10
7.18000e-06 3.55323e+10
7.22000e-06 3.47740e+10
7.26000e-06 3.40259e+10
7.30000e-06 3.33140e+10
7.34000e-06 3.25953e+10
7.38000e-06 3.19227e+10
7.42000e-06 3.12311e+10
7.46000e-06 3.05674e+10
7.50000e-06 2.99549e+10
7.54000e-06 2.93258e+10
7.58000e-06 2.87549e+10
7.62000e-06 2.81670e+10
7.66000e-06 2.75962e+10
7.70000e-06 2.70294e+10
7.74000e-06 2.64961e+10
7.78000e-06 2.59679e+10
7.82000e-06 2.54509e+10
7.86000e-06 2.49474e+10
7.90000e-06 2.44558e+10
7.94000e-06 2.39758e+10
7.98000e-06 2.35106e+10
8.02000e-06 2.30418e+10
8.06000e-06 2.25933e+10
8.10000e-06 2.21709e+10
8.14000e-06 2.17329e+10
8.18000e-06 2.13323e+10
8.22000e-06 2.09300e+10
8.26000e-06 2.05323e+10
8.30000e-06 2.01484e+10
8.34000e-06 1.97634e+10
8.38000e-06 1.93949e+10
8.42000e-06 1.90447e+10
8.46000e-06 1.86919e+10
8.50000e-06 1.83495e+10
8.54000e-06 1.80143e+10
8.58000e-06 1.76886e+10
8.62000e-06 1.73676e+10
8.66000e-06 1.70568e+10
8.70000e-06 1.67505e+10
8.74000e-06 1.64516e+10
8.78000e-06 1.61584e+10
8.82000e-06 1.58654e+10
8.86000e-06 1.55876e+10
8.90000e-06 1.53094e+10
8.94000e-06 1.50506e+10
8.98000e-06 1.47814e+10
9.02000e-06 1.45329e+10
9.06000e-06 1.42846e+10
9.10000e-06 1.40270e+10
9.14000e-06 1.37944e+10
9.18000e-06 1.35609e+10
9.22000e-06 1.33345e+10
9.26000e-06 1.31084e+10
9.30000e-06 1.28887e+10
9.34000e-06 1.26715e+10
9.38000e-06 1.24608e+10
9.42000e-06 1.22542e+10
9.46000e-06 1.20498e+10
9.50000e-06 1.18512e+10
9.54000e-06 1.16573e+10
9.58000e-06 1.14682e+10
9.62000e-06 1.12802e+10
9.66000e-06 1.10986e+10
9.70000e-06 1.09195e+10
9.74000e-06 1.07327e+10
9.78000e-06 1.05675e+10
9.82000e-06 1.04023e+10
9.86000e-06 1.02375e+10
9.90000e-06 1.00761e+10
9.94000e-06 9.91589e+09
9.98000e-06 9.76053e+09
1.00200e-05 9.60809e+09
2.00000e-05 6.23640e+08
4.00000e-05 3.92600e+07
6.00000e-05 7.72768e+06
8.00000e-05 2.43244e+06
1.00000e-04 9.91102e+05
1.20000e-04 4.75570e+05
1.40000e-04 2.55504e+05
1.60000e-04 1.49132e+05
