9.09000e-09 0.00000e+00
9.35000e-09 0.00000e+00
9.61000e-09 0.00000e+00
9.77000e-09 0.00000e+00
9.96000e-09 0.00000e+00
1.02000e-08 0.00000e+00
1.03800e-08 0.00000e+00
1.05600e-08 0.00000e+00
1.07700e-08 0.00000e+00
1.10400e-08 0.00000e+00
1.14000e-08 0.00000e+00
1.17800e-08 0.00000e+00
1.21300e-08 0.00000e+00
1.24800e-08 0.00000e+00
1.27100e-08 0.00000e+00
1.28400e-08 0.00000e+00
1.30500e-08 0.00000e+00
1.32400e-08 0.00000e+00
1.33900e-08 0.00000e+00
1.36600e-08 0.00000e+00
1.39800e-08 0.00000e+00
1.43300e-08 0.00000e+00
1.47200e-08 0.00000e+00
1.51000e-08 0.00000e+00
1.55200e-08 0.00000e+00
1.58800e-08 0.00000e+00
1.62000e-08 0.00000e+00
1.66000e-08 0.00000e+00
1.70300e-08 0.00000e+00
1.73400e-08 0.00000e+00
1.76800e-08 0.00000e+00
1.80200e-08 0.00000e+00
1.81700e-08 0.00000e+00
1.86100e-08 0.00000e+00
1.91000e-08 0.00000e+00
1.93900e-08 0.00000e+00
1.98400e-08 0.00000e+00
2.01800e-08 0.00000e+00
2.05000e-08 0.00000e+00
2.10500e-08 0.00000e+00
2.16200e-08 0.00000e+00
2.19800e-08 0.00000e+00
2.23000e-08 0.00000e+00
2.26800e-08 0.00000e+00
2.30000e-08 2.39242e+04
2.34000e-08 5.39330e+04
2.40000e-08 1.24798e+05
2.46500e-08 2.94596e+05
2.52400e-08 6.24831e+05
2.56800e-08 1.01749e+06
2.60000e-08 1.60523e+06
2.64000e-08 2.49500e+06
2.68500e-08 4.09776e+06
2.73500e-08 6.94110e+06
2.78500e-08 1.16008e+07
2.84000e-08 2.06950e+07
2.90000e-08 3.60846e+07
2.96000e-08 6.20804e+07
3.01000e-08 9.51005e+07
3.08000e-08 1.70232e+08
3.18000e-08 3.93517e+08
3.28000e-08 8.02492e+08
3.38000e-08 1.65246e+09
3.48000e-08 3.16804e+09
3.57000e-08 8.11580e+09
3.66000e-08 1.43851e+10
3.75000e-08 2.23657e+10
3.85000e-08 3.72499e+10
3.95000e-08 6.24113e+10
4.05000e-08 9.66212e+10
4.14000e-08 1.43783e+11
4.22000e-08 1.97940e+11
4.30000e-08 2.76751e+11
4.41000e-08 4.18957e+11
4.51000e-08 5.92282e+11
4.60000e-08 7.93164e+11
4.70000e-08 1.11065e+12
4.80000e-08 1.51634e+12
4.90000e-08 2.05939e+12
5.00000e-08 2.73371e+12
5.06000e-08 1.71241e+13
5.12000e-08 1.07641e+14
5.20000e-08 1.24172e+14
5.30000e-08 1.49713e+14
5.40000e-08 1.56067e+14
5.50000e-08 2.29762e+14
5.60000e-08 2.66931e+14
5.70000e-08 3.22325e+14
5.80000e-08 3.14431e+14
5.90000e-08 4.09393e+14
6.00000e-08 4.62897e+14
6.10000e-08 5.45363e+14
6.20000e-08 6.00583e+14
6.30000e-08 6.67959e+14
6.40000e-08 6.83633e+14
6.50000e-08 7.85891e+14
6.58000e-08 8.74383e+14
6.65000e-08 9.21327e+14
6.75000e-08 9.36069e+14
6.85000e-08 9.94846e+14
6.95000e-08 1.20392e+15
7.05000e-08 1.23837e+15
7.16000e-08 1.38492e+15
7.26000e-08 1.45946e+15
7.35000e-08 1.51320e+15
7.45000e-08 1.70634e+15
7.55000e-08 1.83123e+15
7.65000e-08 1.96835e+15
7.75000e-08 2.11151e+15
7.85000e-08 2.26133e+15
7.95000e-08 2.34255e+15
8.05000e-08 2.46022e+15
8.15000e-08 2.54785e+15
8.25000e-08 2.76477e+15
8.35000e-08 2.50583e+15
8.45000e-08 2.91212e+15
8.55000e-08 3.00627e+15
8.65000e-08 3.20180e+15
8.75000e-08 3.40955e+15
8.85000e-08 3.66593e+15
8.95000e-08 3.83519e+15
9.05000e-08 3.83697e+15
9.15000e-08 4.86648e+15
9.25000e-08 2.47043e+16
9.35000e-08 6.62341e+16
9.45000e-08 1.68840e+17
9.55000e-08 2.42753e+17
9.65000e-08 2.97574e+17
9.75000e-08 4.26892e+16
9.85000e-08 2.54056e+17
9.95000e-08 2.37639e+17
1.00500e-07 3.12003e+17
1.01500e-07 3.00302e+17
1.02500e-07 1.13185e+17
1.03500e-07 2.29655e+17
1.04500e-07 3.69719e+17
1.05500e-07 3.40336e+17
1.06500e-07 2.70229e+17
1.07500e-07 3.10799e+17
1.08500e-07 2.60013e+17
1.09500e-07 3.13179e+17
1.10500e-07 2.83798e+17
1.11500e-07 2.73918e+17
1.12500e-07 2.24819e+17
1.13500e-07 2.81665e+17
1.14500e-07 2.51643e+17
1.15500e-07 2.59408e+17
1.16500e-07 2.55232e+17
1.17500e-07 1.57937e+17
1.18500e-07 2.42343e+17
1.19500e-07 2.15271e+17
1.20500e-07 1.59667e+17
1.21500e-07 9.52375e+16
1.22500e-07 1.89474e+17
1.23500e-07 2.27573e+17
1.24500e-07 2.27802e+17
1.25500e-07 2.16015e+17
1.26500e-07 2.14078e+17
1.27500e-07 2.26255e+17
1.28500e-07 2.23112e+17
1.29500e-07 1.79141e+17
1.30500e-07 1.86677e+17
1.31500e-07 2.13641e+17
1.32500e-07 1.97319e+17
1.33500e-07 1.87424e+17
1.34500e-07 1.93092e+17
1.35500e-07 1.89401e+17
1.36500e-07 1.72268e+17
1.37500e-07 1.68379e+17
1.38500e-07 1.65709e+17
1.39500e-07 1.24827e+17
1.40500e-07 1.31010e+17
1.41500e-07 1.46733e+17
1.42500e-07 1.42833e+17
1.43500e-07 1.46644e+17
1.44200e-07 1.49503e+17
1.44700e-07 1.46202e+17
1.45500e-07 1.41907e+17
1.46500e-07 1.29214e+17
1.47500e-07 1.31004e+17
1.48500e-07 1.28769e+17
1.49500e-07 1.26577e+17
1.50500e-07 1.13404e+17
1.51200e-07 9.95982e+16
1.51700e-07 1.02888e+17
1.52500e-07 1.07144e+17
1.53500e-07 8.98359e+16
1.54500e-07 8.69990e+16
1.55500e-07 8.49894e+16
1.56500e-07 9.21913e+16
1.57500e-07 9.79465e+16
1.58500e-07 9.79441e+16
1.59500e-07 9.69479e+16
1.60500e-07 9.89639e+16
1.61500e-07 9.65953e+16
1.62500e-07 9.44542e+16
1.63500e-07 1.00015e+17
1.64500e-07 9.91825e+16
1.65500e-07 9.78239e+16
1.66500e-07 9.97330e+16
1.67200e-07 9.51615e+16
1.67700e-07 1.02230e+17
1.68500e-07 9.98250e+16
1.69500e-07 9.44493e+16
1.70500e-07 9.11221e+16
1.71500e-07 8.61713e+16
1.72500e-07 8.44965e+16
1.73500e-07 8.80895e+16
1.74500e-07 8.54571e+16
1.75500e-07 8.64602e+16
1.76500e-07 8.39776e+16
1.77500e-07 7.93632e+16
1.78500e-07 8.07182e+16
1.79500e-07 8.30776e+16
1.80500e-07 8.34444e+16
1.81500e-07 7.41939e+16
1.82500e-07 7.73702e+16
1.83500e-07 7.43364e+16
1.84500e-07 6.73993e+16
1.85500e-07 6.77595e+16
1.86500e-07 6.86790e+16
1.87500e-07 7.21233e+16
1.88500e-07 6.38705e+16
1.89500e-07 5.89682e+16
1.90500e-07 6.44008e+16
1.91500e-07 6.00554e+16
1.92500e-07 5.70683e+16
1.93500e-07 6.06737e+16
1.94500e-07 6.21905e+16
1.95500e-07 5.58192e+16
1.96700e-07 6.05637e+16
1.97600e-07 6.32001e+16
1.98400e-07 5.81923e+16
1.99500e-07 5.72210e+16
2.00500e-07 5.90526e+16
2.01500e-07 5.81571e+16
2.02500e-07 6.00279e+16
2.03500e-07 5.44988e+16
2.04500e-07 5.54634e+16
2.05500e-07 5.36983e+16
2.06500e-07 5.39313e+16
2.07400e-07 5.68536e+16
2.07800e-07 5.12476e+16
2.08500e-07 5.37405e+16
2.09500e-07 5.05094e+16
2.10500e-07 5.23713e+16
2.11500e-07 5.22840e+16
2.12500e-07 5.27733e+16
2.13500e-07 5.16057e+16
2.14500e-07 4.88920e+16
2.15500e-07 5.09459e+16
2.16500e-07 5.05761e+16
2.17500e-07 4.98246e+16
2.18500e-07 4.82648e+16
2.19500e-07 4.88621e+16
2.20500e-07 4.83827e+16
2.21500e-07 4.75422e+16
2.22500e-07 4.61882e+16
2.23500e-07 4.56581e+16
2.24500e-07 4.58974e+16
2.25500e-07 4.44658e+16
2.26500e-07 4.49222e+16
2.27500e-07 4.42042e+16
2.28500e-07 4.41732e+16
2.29500e-07 4.15489e+16
2.30500e-07 4.26321e+16
2.31500e-07 4.12221e+16
2.32500e-07 3.62372e+16
2.33500e-07 3.93699e+16
2.34500e-07 3.95438e+16
2.35500e-07 3.94193e+16
2.36500e-07 3.88422e+16
2.37500e-07 3.81130e+16
2.38500e-07 3.77974e+16
2.39500e-07 3.75297e+16
2.40500e-07 3.66614e+16
2.41500e-07 3.64010e+16
2.42500e-07 3.63756e+16
2.43500e-07 3.52578e+16
2.44500e-07 3.53021e+16
2.45500e-07 3.53245e+16
2.46500e-07 3.45790e+16
2.47500e-07 3.41274e+16
2.48500e-07 3.36952e+16
2.49500e-07 3.07108e+16
2.50500e-07 3.27775e+16
2.51300e-07 3.12013e+16
2.51800e-07 3.23924e+16
2.52500e-07 3.18213e+16
2.53500e-07 3.13784e+16
2.54500e-07 3.05949e+16
2.55500e-07 3.08747e+16
2.56500e-07 3.04787e+16
2.57500e-07 3.04396e+16
2.58500e-07 3.01042e+16
2.59500e-07 2.97517e+16
2.60500e-07 2.93483e+16
2.61500e-07 2.89563e+16
2.62500e-07 2.87093e+16
2.63500e-07 2.84516e+16
2.64500e-07 2.83387e+16
2.65500e-07 2.82010e+16
2.66500e-07 2.71888e+16
2.67500e-07 2.72849e+16
2.68500e-07 2.71458e+16
2.69500e-07 2.62471e+16
2.70500e-07 2.58587e+16
2.71500e-07 2.57729e+16
2.72500e-07 2.56084e+16
2.73500e-07 2.55167e+16
2.74500e-07 2.47086e+16
2.75500e-07 2.46517e+16
2.76500e-07 2.44013e+16
2.77500e-07 2.45775e+16
2.78500e-07 2.41759e+16
2.79500e-07 2.31559e+16
2.80500e-07 2.34125e+16
2.81500e-07 2.35336e+16
2.82500e-07 2.31610e+16
2.83500e-07 2.22193e+16
2.84500e-07 2.25814e+16
2.85500e-07 2.22650e+16
2.86500e-07 2.22452e+16
2.87500e-07 2.19823e+16
2.88500e-07 2.17242e+16
2.89500e-07 2.14306e+16
2.91000e-07 2.10273e+16
2.93000e-07 2.06741e+16
2.95000e-07 2.00562e+16
2.97000e-07 1.98037e+16
2.99000e-07 1.93534e+16
3.01000e-07 1.87511e+16
3.03000e-07 1.86332e+16
3.05000e-07 1.82726e+16
3.07000e-07 1.79378e+16
3.09000e-07 1.73496e+16
3.11000e-07 1.71716e+16
3.13000e-07 1.67567e+16
3.15000e-07 1.64782e+16
3.17000e-07 1.60688e+16
3.19000e-07 1.56873e+16
3.21000e-07 1.55279e+16
3.23000e-07 1.51918e+16
3.25000e-07 1.49312e+16
3.27000e-07 1.46092e+16
3.29000e-07 1.43180e+16
3.31000e-07 1.40692e+16
3.33000e-07 1.37818e+16
3.35000e-07 1.35146e+16
3.37000e-07 1.32668e+16
3.39000e-07 1.30396e+16
3.41000e-07 1.27960e+16
3.43000e-07 1.23696e+16
3.45000e-07 1.21329e+16
3.47000e-07 1.20442e+16
3.49000e-07 1.18344e+16
3.51000e-07 1.16483e+16
3.53000e-07 1.14577e+16
3.55000e-07 1.12474e+16
3.57000e-07 1.10886e+16
3.59000e-07 1.07707e+16
3.61000e-07 1.05884e+16
3.63000e-07 1.04246e+16
3.64000e-07 1.04177e+16
3.65000e-07 1.02920e+16
3.67000e-07 1.01628e+16
3.69000e-07 9.79946e+15
3.71000e-07 9.27505e+15
3.73000e-07 8.95246e+15
3.75000e-07 9.36515e+15
3.77000e-07 9.28036e+15
3.79000e-07 9.74367e+15
3.81000e-07 1.02302e+16
3.83000e-07 8.98160e+15
3.85000e-07 1.03693e+16
3.87000e-07 1.04367e+16
3.89000e-07 8.31928e+15
3.91000e-07 1.03731e+16
3.93000e-07 1.01022e+16
3.95000e-07 9.98441e+15
3.97000e-07 7.73018e+15
3.99000e-07 9.58385e+15
4.01000e-07 9.62343e+15
4.03000e-07 9.19459e+15
4.05000e-07 9.33116e+15
4.07000e-07 8.93538e+15
4.09000e-07 8.20253e+15
4.11000e-07 7.24820e+15
4.13000e-07 8.45942e+15
4.15000e-07 8.43846e+15
4.17000e-07 8.39844e+15
4.19000e-07 8.30686e+15
4.21000e-07 8.22154e+15
4.23000e-07 8.04312e+15
4.25000e-07 7.85247e+15
4.27000e-07 7.57205e+15
4.29000e-07 7.55299e+15
4.31000e-07 7.31757e+15
4.33000e-07 6.60030e+15
4.35000e-07 6.02888e+15
4.37000e-07 6.94658e+15
4.39000e-07 6.90727e+15
4.41000e-07 6.86666e+15
4.43000e-07 6.77370e+15
4.45000e-07 6.68631e+15
4.47000e-07 6.31947e+15
4.49000e-07 6.46493e+15
4.51000e-07 6.41717e+15
4.53000e-07 6.30463e+15
4.55000e-07 6.21112e+15
4.57000e-07 6.10979e+15
4.59000e-07 6.00588e+15
4.61000e-07 5.87110e+15
4.63000e-07 5.78534e+15
4.65000e-07 5.63985e+15
4.67000e-07 5.62257e+15
4.69000e-07 5.57334e+15
4.71000e-07 5.35680e+15
4.73000e-07 5.36195e+15
4.75000e-07 5.28082e+15
4.77000e-07 5.26610e+15
4.79000e-07 5.17115e+15
4.81000e-07 5.05757e+15
4.83000e-07 4.95505e+15
4.85000e-07 4.54655e+15
4.87000e-07 4.05324e+15
4.89000e-07 4.73558e+15
4.91000e-07 4.70942e+15
4.93000e-07 4.54326e+15
4.95000e-07 4.57689e+15
4.97000e-07 4.53646e+15
4.99000e-07 4.46114e+15
5.01000e-07 4.26784e+15
5.03000e-07 4.32674e+15
5.05000e-07 4.21572e+15
5.07000e-07 4.21403e+15
5.09000e-07 4.14972e+15
5.11000e-07 4.08195e+15
5.13000e-07 3.99307e+15
5.15000e-07 3.94507e+15
5.17000e-07 3.91883e+15
5.19000e-07 3.86729e+15
5.21000e-07 3.80171e+15
5.23000e-07 3.75892e+15
5.25000e-07 3.70901e+15
5.27000e-07 3.65120e+15
5.29000e-07 3.60978e+15
5.31000e-07 3.55645e+15
5.33000e-07 3.50926e+15
5.35000e-07 3.45609e+15
5.37000e-07 3.41903e+15
5.39000e-07 3.37166e+15
5.41000e-07 3.32850e+15
5.43000e-07 3.27898e+15
5.45000e-07 3.23492e+15
5.47000e-07 3.19116e+15
5.49000e-07 3.15058e+15
5.51000e-07 3.11410e+15
5.53000e-07 3.06808e+15
5.55000e-07 3.03366e+15
5.57000e-07 2.99187e+15
5.59000e-07 2.95616e+15
5.61000e-07 2.91537e+15
5.63000e-07 2.88055e+15
5.65000e-07 2.82951e+15
5.67000e-07 2.78228e+15
5.69000e-07 2.74309e+15
5.71000e-07 2.72506e+15
5.73000e-07 2.69333e+15
5.75000e-07 2.65366e+15
5.77000e-07 2.63111e+15
5.79000e-07 2.59678e+15
5.81000e-07 2.56432e+15
5.83000e-07 2.52824e+15
5.85000e-07 2.49954e+15
5.87000e-07 2.38730e+15
5.89000e-07 2.41629e+15
5.91000e-07 2.40223e+15
5.93000e-07 2.36881e+15
5.95000e-07 2.33716e+15
5.97000e-07 2.32227e+15
5.99000e-07 2.28495e+15
6.01000e-07 2.26444e+15
6.03000e-07 2.23380e+15
6.05000e-07 2.20835e+15
6.07000e-07 2.18411e+15
6.09000e-07 2.15780e+15
6.11000e-07 2.13189e+15
6.13000e-07 2.10778e+15
6.15000e-07 2.07228e+15
6.17000e-07 2.05293e+15
6.19000e-07 2.03231e+15
6.21000e-07 2.00957e+15
6.23000e-07 1.98640e+15
6.25000e-07 1.95866e+15
6.27000e-07 1.93794e+15
6.29000e-07 1.91678e+15
6.31000e-07 1.89349e+15
6.33000e-07 1.87317e+15
6.35000e-07 1.84271e+15
6.37000e-07 1.82642e+15
6.39000e-07 1.80762e+15
6.41000e-07 1.78673e+15
6.43000e-07 1.76853e+15
6.45000e-07 1.74725e+15
6.47000e-07 1.72216e+15
6.49000e-07 1.70324e+15
6.51000e-07 1.68479e+15
6.53000e-07 1.65770e+15
6.55000e-07 1.57515e+15
6.56125e-07 1.38561e+15
6.59000e-07 1.57691e+15
6.61000e-07 1.58868e+15
6.63000e-07 1.57765e+15
6.65000e-07 1.56076e+15
6.67000e-07 1.52796e+15
6.69000e-07 1.51101e+15
6.71000e-07 1.51130e+15
6.73000e-07 1.49152e+15
6.75000e-07 1.47798e+15
6.77000e-07 1.46293e+15
6.79000e-07 1.43504e+15
6.81000e-07 1.42890e+15
6.83000e-07 1.41433e+15
6.85000e-07 1.40006e+15
6.87000e-07 1.38521e+15
6.89000e-07 1.36925e+15
6.91000e-07 1.35431e+15
6.93000e-07 1.34062e+15
6.95000e-07 1.32722e+15
6.97000e-07 1.31326e+15
6.99000e-07 1.29912e+15
7.01000e-07 1.28536e+15
7.03000e-07 1.27188e+15
7.05000e-07 1.25831e+15
7.07000e-07 1.22414e+15
7.09000e-07 1.23268e+15
7.11000e-07 1.21309e+15
7.13000e-07 1.20162e+15
7.15000e-07 1.19417e+15
7.17000e-07 1.18210e+15
7.19000e-07 1.17028e+15
7.21000e-07 1.15829e+15
7.23000e-07 1.12991e+15
7.25000e-07 1.13358e+15
7.27000e-07 1.12300e+15
7.29000e-07 1.10118e+15
7.31000e-07 1.10010e+15
7.33000e-07 1.08899e+15
7.35000e-07 1.07833e+15
7.37000e-07 1.06756e+15
7.39000e-07 1.05682e+15
7.41000e-07 1.04625e+15
7.43000e-07 1.03517e+15
7.45000e-07 1.02534e+15
7.47000e-07 1.01270e+15
7.49000e-07 1.00481e+15
7.51000e-07 9.94593e+14
7.53000e-07 9.84733e+14
7.55000e-07 9.75821e+14
7.57000e-07 9.66267e+14
7.59000e-07 9.56669e+14
7.61000e-07 9.46703e+14
7.63000e-07 9.38058e+14
7.65000e-07 9.29040e+14
7.67000e-07 9.20167e+14
7.69000e-07 9.11118e+14
7.71000e-07 9.02278e+14
7.73000e-07 8.93580e+14
7.75000e-07 8.85085e+14
7.77000e-07 8.71799e+14
7.79000e-07 8.68445e+14
7.81000e-07 8.59371e+14
7.83000e-07 8.52037e+14
7.85000e-07 8.43421e+14
7.87000e-07 8.33727e+14
7.89000e-07 8.24422e+14
7.91000e-07 8.19114e+14
7.93000e-07 8.11093e+14
7.95000e-07 8.03024e+14
7.97000e-07 7.96093e+14
7.99000e-07 7.88158e+14
8.01000e-07 7.81174e+14
8.03000e-07 7.74834e+14
8.05000e-07 7.67849e+14
8.07000e-07 7.61445e+14
8.09000e-07 7.52850e+14
8.11000e-07 7.44501e+14
8.13000e-07 7.40729e+14
8.15000e-07 7.32390e+14
8.17000e-07 7.27398e+14
8.19000e-07 7.19020e+14
8.21000e-07 7.08590e+14
8.23000e-07 7.02536e+14
8.25000e-07 6.99190e+14
8.27000e-07 6.88265e+14
8.29000e-07 6.86483e+14
8.31000e-07 6.80783e+14
8.33000e-07 6.74640e+14
8.35000e-07 6.66819e+14
8.37000e-07 6.59872e+14
8.39000e-07 6.56944e+14
8.41000e-07 6.50308e+14
8.43000e-07 6.40652e+14
8.45000e-07 6.29920e+14
8.47000e-07 6.28996e+14
8.49000e-07 6.20914e+14
8.51000e-07 6.14150e+14
8.53000e-07 6.11377e+14
8.55000e-07 5.96203e+14
8.57000e-07 6.09633e+14
8.59000e-07 5.82495e+14
8.61000e-07 5.80859e+14
8.63000e-07 6.00578e+14
8.65000e-07 5.79628e+14
8.67000e-07 5.46886e+14
8.69000e-07 5.82236e+14
8.71000e-07 5.87809e+14
8.73000e-07 5.66829e+14
8.75000e-07 5.18135e+14
8.77000e-07 5.48249e+14
8.79000e-07 5.69308e+14
8.81000e-07 5.67211e+14
8.83000e-07 5.57977e+14
8.85000e-07 5.21066e+14
8.87000e-07 4.86398e+14
8.89000e-07 5.36456e+14
8.91000e-07 5.43541e+14
8.93000e-07 5.40920e+14
8.95000e-07 5.38129e+14
8.97000e-07 5.31471e+14
8.99000e-07 5.11117e+14
9.01000e-07 4.57315e+14
9.03000e-07 4.77584e+14
9.05000e-07 5.08364e+14
9.07000e-07 5.05803e+14
9.09000e-07 5.06316e+14
9.11000e-07 5.04367e+14
9.13000e-07 5.00624e+14
9.15000e-07 4.96188e+14
9.17000e-07 4.89635e+14
9.19000e-07 4.83313e+14
9.21000e-07 4.58699e+14
9.23000e-07 4.04373e+14
9.25000e-07 4.49765e+14
9.27000e-07 4.63784e+14
9.29000e-07 4.67115e+14
9.31000e-07 4.62459e+14
9.33000e-07 4.60651e+14
9.35000e-07 4.57735e+14
9.37000e-07 4.54538e+14
9.39000e-07 4.50852e+14
9.41000e-07 4.46172e+14
9.43000e-07 4.43519e+14
9.45000e-07 4.39703e+14
9.47000e-07 4.32639e+14
9.49000e-07 4.30483e+14
9.51000e-07 4.19635e+14
9.53000e-07 3.97778e+14
9.55000e-07 3.54749e+14
9.57000e-07 4.00655e+14
9.59000e-07 4.11229e+14
9.61000e-07 4.09478e+14
9.63000e-07 4.05452e+14
9.65000e-07 4.06415e+14
9.67000e-07 4.03043e+14
9.69000e-07 3.99495e+14
9.71000e-07 3.95286e+14
9.73000e-07 3.93766e+14
9.75000e-07 3.90555e+14
9.77000e-07 3.87699e+14
9.79000e-07 3.84627e+14
9.81000e-07 3.81435e+14
9.83000e-07 3.78637e+14
9.85000e-07 3.75727e+14
9.87000e-07 3.72543e+14
9.89000e-07 3.69343e+14
9.91000e-07 3.64566e+14
9.93000e-07 3.64314e+14
9.95000e-07 3.61336e+14
9.97000e-07 3.57565e+14
9.99000e-07 3.54281e+14
1.00250e-06 3.32829e+14
1.00750e-06 3.21354e+14
1.01250e-06 3.35820e+14
1.01750e-06 3.31927e+14
1.02250e-06 3.25633e+14
1.02750e-06 3.19788e+14
1.03250e-06 3.12486e+14
1.03750e-06 3.08183e+14
1.04250e-06 3.02582e+14
1.04750e-06 2.97077e+14
1.05250e-06 2.91626e+14
1.05750e-06 2.86462e+14
1.06250e-06 2.81350e+14
1.06750e-06 2.75672e+14
1.07250e-06 2.71434e+14
1.07750e-06 2.66617e+14
1.08250e-06 2.58653e+14
1.08750e-06 2.55856e+14
1.09250e-06 2.29664e+14
1.09750e-06 2.40950e+14
1.10250e-06 2.42225e+14
1.10750e-06 2.39975e+14
1.11250e-06 2.35893e+14
1.11750e-06 2.31878e+14
1.12250e-06 2.27780e+14
1.12750e-06 2.23717e+14
1.13250e-06 2.19969e+14
1.13750e-06 2.16604e+14
1.14250e-06 2.12842e+14
1.14750e-06 2.09466e+14
1.15250e-06 2.06002e+14
1.15750e-06 2.02452e+14
1.16250e-06 1.99217e+14
1.16750e-06 1.95939e+14
1.17250e-06 1.92816e+14
1.17750e-06 1.89614e+14
1.18250e-06 1.86627e+14
1.18750e-06 1.83637e+14
1.19250e-06 1.80699e+14
1.19750e-06 1.76450e+14
1.20250e-06 1.74981e+14
1.20750e-06 1.72220e+14
1.21250e-06 1.69495e+14
1.21750e-06 1.66833e+14
1.22250e-06 1.64226e+14
1.22750e-06 1.61673e+14
1.23250e-06 1.59153e+14
1.23750e-06 1.56692e+14
1.24250e-06 1.54291e+14
1.24750e-06 1.51752e+14
1.25250e-06 1.49198e+14
1.25750e-06 1.47244e+14
1.26250e-06 1.45050e+14
1.26750e-06 1.42885e+14
1.27250e-06 1.40469e+14
1.27750e-06 1.35408e+14
1.28250e-06 1.24146e+14
1.28750e-06 1.33138e+14
1.29250e-06 1.32369e+14
1.29750e-06 1.29768e+14
1.30250e-06 1.28632e+14
1.30750e-06 1.26769e+14
1.31250e-06 1.24917e+14
1.31750e-06 1.23067e+14
1.32250e-06 1.21312e+14
1.32750e-06 1.19557e+14
1.33250e-06 1.17815e+14
1.33750e-06 1.16127e+14
1.34250e-06 1.14340e+14
1.34750e-06 1.12843e+14
1.35250e-06 1.11224e+14
1.35750e-06 1.09668e+14
1.36250e-06 1.08096e+14
1.36750e-06 1.06591e+14
1.37250e-06 1.05084e+14
1.37750e-06 1.03652e+14
1.38250e-06 1.02209e+14
1.38750e-06 1.00787e+14
1.39250e-06 9.93187e+13
1.39750e-06 9.79901e+13
1.40250e-06 9.66779e+13
1.40750e-06 9.53685e+13
1.41250e-06 9.40600e+13
1.41750e-06 9.27864e+13
1.42250e-06 9.15395e+13
1.42750e-06 9.03041e+13
1.43250e-06 8.90836e+13
1.43750e-06 8.78871e+13
1.44250e-06 8.67212e+13
1.44750e-06 8.55658e+13
1.45250e-06 8.44313e+13
1.45700e-06 8.34332e+13
1.46200e-06 8.23471e+13
1.46750e-06 8.11694e+13
1.47250e-06 8.01118e+13
1.47750e-06 7.90648e+13
1.48250e-06 7.80542e+13
1.48750e-06 7.70468e+13
1.49250e-06 7.60579e+13
1.49750e-06 7.50653e+13
1.50250e-06 7.40960e+13
1.50750e-06 7.29670e+13
1.51250e-06 7.21511e+13
1.51750e-06 7.12020e+13
1.52250e-06 7.02475e+13
1.52750e-06 6.93137e+13
1.53250e-06 6.83520e+13
1.53750e-06 6.75512e+13
1.54250e-06 6.65060e+13
1.54750e-06 6.58472e+13
1.55250e-06 6.49455e+13
1.55750e-06 6.38474e+13
1.56250e-06 6.37048e+13
1.56750e-06 6.23362e+13
1.57250e-06 6.13447e+13
1.57750e-06 6.15332e+13
1.58250e-06 6.06366e+13
1.58750e-06 5.84883e+13
1.59250e-06 5.88376e+13
1.59750e-06 5.88684e+13
1.60500e-06 5.73090e+13
1.61500e-06 5.51628e+13
1.62500e-06 5.51508e+13
1.63500e-06 5.31761e+13
1.64500e-06 5.11240e+13
1.65500e-06 5.14461e+13
1.66500e-06 5.02892e+13
1.67500e-06 4.83021e+13
1.68500e-06 4.63213e+13
1.69500e-06 4.68700e+13
1.70500e-06 4.55935e+13
1.71500e-06 4.48340e+13
1.72500e-06 4.37131e+13
1.73500e-06 4.07477e+13
1.74500e-06 4.15662e+13
1.75500e-06 4.09850e+13
1.76500e-06 4.00902e+13
1.77500e-06 3.92105e+13
1.78500e-06 3.83207e+13
1.79500e-06 3.75383e+13
1.80500e-06 3.66274e+13
1.81500e-06 3.41859e+13
1.82500e-06 3.47036e+13
1.83500e-06 3.44282e+13
1.84500e-06 3.37129e+13
1.85500e-06 3.29585e+13
1.86500e-06 3.19984e+13
1.87500e-06 3.00227e+13
1.88500e-06 3.09200e+13
1.89500e-06 3.03480e+13
1.90500e-06 2.96337e+13
1.91500e-06 2.91504e+13
1.92500e-06 2.85657e+13
1.93500e-06 2.78516e+13
1.94500e-06 2.58362e+13
1.95500e-06 2.67100e+13
1.96500e-06 2.63579e+13
1.97500e-06 2.58396e+13
1.98500e-06 2.53342e+13
1.99500e-06 2.48404e+13
2.00500e-06 2.43589e+13
2.01500e-06 2.38895e+13
2.02500e-06 2.34309e+13
2.03500e-06 2.29838e+13
2.04500e-06 2.25352e+13
2.05500e-06 2.20676e+13
2.06500e-06 2.17024e+13
2.07500e-06 2.12960e+13
2.08500e-06 2.08980e+13
2.09500e-06 2.05093e+13
2.10500e-06 2.01296e+13
2.11500e-06 1.96677e+13
2.12500e-06 1.93979e+13
2.13500e-06 1.90430e+13
2.14500e-06 1.86890e+13
2.15500e-06 1.82783e+13
2.16500e-06 1.69565e+13
2.17500e-06 1.75662e+13
2.18500e-06 1.73727e+13
2.19500e-06 1.70810e+13
2.20500e-06 1.67808e+13
2.21500e-06 1.64852e+13
2.22500e-06 1.61905e+13
2.23500e-06 1.59140e+13
2.24500e-06 1.56372e+13
2.25500e-06 1.53670e+13
2.26500e-06 1.51023e+13
2.27500e-06 1.48432e+13
2.28500e-06 1.46046e+13
2.29500e-06 1.44125e+13
2.30500e-06 1.41630e+13
2.31500e-06 1.39291e+13
2.32500e-06 1.36945e+13
2.33500e-06 1.34600e+13
2.34500e-06 1.32105e+13
2.35500e-06 1.29831e+13
2.36500e-06 1.27624e+13
2.37500e-06 1.25456e+13
2.38500e-06 1.23373e+13
2.39500e-06 1.21268e+13
2.40500e-06 1.19232e+13
2.41500e-06 1.17272e+13
2.42500e-06 1.15352e+13
2.43500e-06 1.13466e+13
2.44500e-06 1.11550e+13
2.45500e-06 1.09875e+13
2.46500e-06 1.07993e+13
2.47500e-06 1.06169e+13
2.48500e-06 1.04810e+13
2.49500e-06 1.02791e+13
2.50500e-06 1.02092e+13
2.51500e-06 1.00114e+13
2.52500e-06 9.78280e+12
2.53500e-06 9.68760e+12
2.54500e-06 9.56509e+12
2.55500e-06 9.38475e+12
2.56500e-06 9.15998e+12
2.57500e-06 9.11340e+12
2.58500e-06 9.00751e+12
2.59500e-06 8.85990e+12
2.60500e-06 8.66266e+12
2.61500e-06 8.40316e+12
2.62500e-06 7.96584e+12
2.63500e-06 8.28368e+12
2.64500e-06 8.22654e+12
2.65500e-06 8.09521e+12
2.66500e-06 7.93963e+12
2.67500e-06 7.67557e+12
2.68500e-06 7.70525e+12
2.69500e-06 7.64870e+12
2.70500e-06 7.54282e+12
2.71500e-06 7.43370e+12
2.72500e-06 7.32647e+12
2.73500e-06 7.22112e+12
2.74500e-06 7.08711e+12
2.75500e-06 6.81091e+12
2.76500e-06 6.81101e+12
2.77500e-06 6.80555e+12
2.78500e-06 6.72276e+12
2.79500e-06 6.62845e+12
2.80500e-06 6.53435e+12
2.81500e-06 6.44427e+12
2.82500e-06 6.35435e+12
2.83500e-06 6.26601e+12
2.84500e-06 6.17968e+12
2.85500e-06 6.08193e+12
2.86500e-06 5.93261e+12
2.87500e-06 5.69314e+12
2.88500e-06 5.81488e+12
2.89500e-06 5.76579e+12
2.90500e-06 5.69045e+12
2.91500e-06 5.61379e+12
2.92500e-06 5.53848e+12
2.93500e-06 5.46407e+12
2.94500e-06 5.39097e+12
2.95500e-06 5.31960e+12
2.96500e-06 5.24864e+12
2.97500e-06 5.17936e+12
2.98500e-06 5.11131e+12
2.99500e-06 5.04406e+12
3.00500e-06 4.97800e+12
3.01500e-06 4.91064e+12
3.02500e-06 4.82841e+12
3.03500e-06 4.60523e+12
3.04500e-06 4.60673e+12
3.05500e-06 4.64887e+12
3.06500e-06 4.60295e+12
3.07500e-06 4.54158e+12
3.08500e-06 4.48527e+12
3.09500e-06 4.42920e+12
3.10500e-06 4.37297e+12
3.11500e-06 4.31698e+12
3.12500e-06 4.26201e+12
3.13500e-06 4.20956e+12
3.14500e-06 4.15694e+12
3.15500e-06 4.10527e+12
3.16500e-06 4.05380e+12
3.17500e-06 4.00363e+12
3.18500e-06 3.95402e+12
3.19500e-06 3.90532e+12
3.21000e-06 3.83344e+12
3.23000e-06 3.74026e+12
3.25000e-06 3.65014e+12
3.27000e-06 3.55982e+12
3.29000e-06 3.36085e+12
3.31000e-06 3.37074e+12
3.33000e-06 3.32147e+12
3.35000e-06 3.24443e+12
3.37000e-06 3.16875e+12
3.39000e-06 3.09525e+12
3.41000e-06 3.02386e+12
3.43000e-06 2.95450e+12
3.45000e-06 2.88714e+12
3.47000e-06 2.81826e+12
3.49000e-06 2.75280e+12
3.51000e-06 2.69088e+12
3.53000e-06 2.62942e+12
3.55000e-06 2.57058e+12
3.57000e-06 2.51337e+12
3.59000e-06 2.45858e+12
3.61000e-06 2.40392e+12
3.63000e-06 2.35238e+12
3.65000e-06 2.30003e+12
3.67000e-06 2.25307e+12
3.69000e-06 2.20027e+12
3.71000e-06 2.15346e+12
3.73000e-06 2.07464e+12
3.75000e-06 2.01496e+12
3.77000e-06 2.02447e+12
3.79000e-06 1.98679e+12
3.81000e-06 1.93609e+12
3.83000e-06 1.89738e+12
3.85000e-06 1.86770e+12
3.87000e-06 1.82966e+12
3.89000e-06 1.78707e+12
3.91000e-06 1.74020e+12
3.93000e-06 1.71875e+12
3.95000e-06 1.68656e+12
3.97000e-06 1.65322e+12
3.99000e-06 1.62052e+12
4.01000e-06 1.57596e+12
4.03000e-06 1.53864e+12
4.05000e-06 1.47654e+12
4.07000e-06 1.49476e+12
4.09000e-06 1.46856e+12
4.11000e-06 1.44034e+12
4.13000e-06 1.41127e+12
4.15000e-06 1.38219e+12
4.17000e-06 1.33666e+12
4.19000e-06 1.32962e+12
4.21000e-06 1.30894e+12
4.23000e-06 1.28451e+12
4.25000e-06 1.25981e+12
4.27000e-06 1.23729e+12
4.29000e-06 1.21198e+12
4.31000e-06 1.19220e+12
4.33000e-06 1.17042e+12
4.35000e-06 1.14756e+12
4.37000e-06 1.10648e+12
4.39000e-06 1.09881e+12
4.41000e-06 1.08805e+12
4.43000e-06 1.06873e+12
4.45000e-06 1.04973e+12
4.47000e-06 1.03244e+12
4.49000e-06 1.01423e+12
4.51000e-06 9.96442e+11
4.53000e-06 9.78997e+11
4.55000e-06 9.61984e+11
4.57000e-06 9.45321e+11
4.59000e-06 9.29001e+11
4.61000e-06 9.12643e+11
4.63000e-06 8.95145e+11
4.65000e-06 8.45490e+11
4.67000e-06 8.39697e+11
4.69000e-06 8.46064e+11
4.71000e-06 8.38181e+11
4.73000e-06 8.24153e+11
4.75000e-06 8.10365e+11
4.77000e-06 7.96944e+11
4.79000e-06 7.83768e+11
4.81000e-06 7.70848e+11
4.83000e-06 7.58212e+11
4.85000e-06 7.45805e+11
4.87000e-06 7.33672e+11
4.89000e-06 7.21775e+11
4.91000e-06 7.10125e+11
4.93000e-06 6.98702e+11
4.95000e-06 6.87501e+11
4.97000e-06 6.76534e+11
4.99000e-06 6.65781e+11
5.01000e-06 6.55238e+11
5.03000e-06 6.44901e+11
5.05000e-06 6.34780e+11
5.07000e-06 6.24843e+11
5.09000e-06 6.15086e+11
5.11000e-06 6.01898e+11
5.13000e-06 5.75455e+11
5.15000e-06 5.84559e+11
5.17000e-06 5.77987e+11
5.19000e-06 5.69150e+11
5.21000e-06 5.60486e+11
5.23000e-06 5.51979e+11
5.25000e-06 5.43626e+11
5.27000e-06 5.35438e+11
5.29000e-06 5.27413e+11
5.31000e-06 5.19519e+11
5.33000e-06 5.11782e+11
5.35000e-06 5.04185e+11
5.37000e-06 4.96726e+11
5.39000e-06 4.89416e+11
5.41000e-06 4.82226e+11
5.43000e-06 4.75179e+11
5.45000e-06 4.68248e+11
5.47000e-06 4.61443e+11
5.49000e-06 4.54775e+11
5.51000e-06 4.48216e+11
5.53000e-06 4.41777e+11
5.55000e-06 4.35455e+11
5.57000e-06 4.29237e+11
5.59000e-06 4.23133e+11
5.61000e-06 4.17141e+11
5.63000e-06 4.11259e+11
5.65000e-06 4.05473e+11
5.67000e-06 3.99782e+11
5.69000e-06 3.94207e+11
5.71000e-06 3.88712e+11
5.73000e-06 3.83318e+11
5.75000e-06 3.78024e+11
5.77000e-06 3.72816e+11
5.79000e-06 3.67683e+11
5.81000e-06 3.62656e+11
5.83000e-06 3.57712e+11
5.85000e-06 3.53112e+11
5.87000e-06 3.48195e+11
5.89000e-06 3.41024e+11
5.91000e-06 3.25475e+11
5.93000e-06 3.32818e+11
5.95000e-06 3.29978e+11
5.97000e-06 3.25582e+11
5.99000e-06 3.21260e+11
6.01000e-06 3.17008e+11
6.03000e-06 3.12826e+11
6.05000e-06 3.08713e+11
6.07000e-06 3.04667e+11
6.09000e-06 3.00679e+11
6.11000e-06 2.96766e+11
6.13000e-06 2.92918e+11
6.15000e-06 2.89123e+11
6.17000e-06 2.85391e+11
6.19000e-06 2.81721e+11
6.21000e-06 2.78112e+11
6.23000e-06 2.74553e+11
6.25000e-06 2.71063e+11
6.27000e-06 2.67621e+11
6.29000e-06 2.64236e+11
6.31000e-06 2.60899e+11
6.33000e-06 2.57617e+11
6.35000e-06 2.54389e+11
6.37000e-06 2.51207e+11
6.39000e-06 2.48078e+11
6.42000e-06 2.43470e+11
6.46000e-06 2.37494e+11
6.50000e-06 2.31700e+11
6.54000e-06 2.26083e+11
6.58000e-06 2.20636e+11
6.62000e-06 2.15348e+11
6.66000e-06 2.10220e+11
6.70000e-06 2.05242e+11
6.74000e-06 2.00408e+11
6.78000e-06 1.95715e+11
6.82000e-06 1.91166e+11
6.86000e-06 1.86742e+11
6.90000e-06 1.82446e+11
6.94000e-06 1.78269e+11
6.98000e-06 1.74221e+11
7.02000e-06 1.70276e+11
7.06000e-06 1.66448e+11
7.10000e-06 1.62724e+11
7.14000e-06 1.59103e+11
7.18000e-06 1.55581e+11
7.22000e-06 1.52164e+11
7.26000e-06 1.48834e+11
7.30000e-06 1.45595e+11
7.34000e-06 1.42439e+11
7.38000e-06 1.39371e+11
7.42000e-06 1.36025e+11
7.46000e-06 1.30156e+11
7.50000e-06 1.26963e+11
7.54000e-06 1.27674e+11
7.58000e-06 1.25222e+11
7.62000e-06 1.22613e+11
7.66000e-06 1.20071e+11
7.70000e-06 1.17588e+11
7.74000e-06 1.15174e+11
7.78000e-06 1.12823e+11
7.82000e-06 1.10532e+11
7.86000e-06 1.08294e+11
7.90000e-06 1.06114e+11
7.94000e-06 1.03989e+11
7.98000e-06 1.01914e+11
8.02000e-06 9.98985e+10
8.06000e-06 9.79236e+10
8.10000e-06 9.59999e+10
8.14000e-06 9.41263e+10
8.18000e-06 9.22959e+10
8.22000e-06 9.05078e+10
8.26000e-06 8.87664e+10
8.30000e-06 8.70653e+10
8.34000e-06 8.54034e+10
8.38000e-06 8.37800e+10
8.42000e-06 8.21994e+10
8.46000e-06 8.06502e+10
8.50000e-06 7.91421e+10
8.54000e-06 7.76638e+10
8.58000e-06 7.62249e+10
8.62000e-06 7.48143e+10
8.66000e-06 7.34416e+10
8.70000e-06 7.20959e+10
8.74000e-06 7.07816e+10
8.78000e-06 6.94979e+10
8.82000e-06 6.82443e+10
8.86000e-06 6.70152e+10
8.90000e-06 6.58196e+10
8.94000e-06 6.46428e+10
8.98000e-06 6.34982e+10
9.02000e-06 6.23760e+10
9.06000e-06 6.12803e+10
9.10000e-06 6.02059e+10
9.14000e-06 5.91570e+10
9.18000e-06 5.81285e+10
9.22000e-06 5.71244e+10
9.26000e-06 5.61399e+10
9.30000e-06 5.51789e+10
9.34000e-06 5.42365e+10
9.38000e-06 5.33125e+10
9.42000e-06 5.24107e+10
9.46000e-06 5.15264e+10
9.50000e-06 5.06635e+10
9.54000e-06 4.98173e+10
9.58000e-06 4.89876e+10
9.62000e-06 4.81739e+10
9.66000e-06 4.73802e+10
9.70000e-06 4.66018e+10
9.74000e-06 4.58386e+10
9.78000e-06 4.50902e+10
9.82000e-06 4.43564e+10
9.86000e-06 4.36408e+10
9.90000e-06 4.29352e+10
9.94000e-06 4.22472e+10
9.98000e-06 4.15726e+10
1.00200e-05 4.09111e+10
2.00000e-05 2.54472e+09
4.00000e-05 1.56209e+08
6.00000e-05 3.04691e+07
8.00000e-05 9.54658e+06
1.00000e-04 3.87844e+06
1.20000e-04 1.85728e+06
1.40000e-04 9.96356e+05
1.60000e-04 5.80886e+05
