9.09000e-09 0.00000e+00
9.35000e-09 0.00000e+00
9.61000e-09 0.00000e+00
9.77000e-09 0.00000e+00
9.96000e-09 0.00000e+00
1.02000e-08 0.00000e+00
1.03800e-08 0.00000e+00
1.05600e-08 0.00000e+00
1.07700e-08 0.00000e+00
1.10400e-08 0.00000e+00
1.14000e-08 0.00000e+00
1.17800e-08 0.00000e+00
1.21300e-08 0.00000e+00
1.24800e-08 0.00000e+00
1.27100e-08 0.00000e+00
1.28400e-08 0.00000e+00
1.30500e-08 0.00000e+00
1.32400e-08 0.00000e+00
1.33900e-08 0.00000e+00
1.36600e-08 0.00000e+00
1.39800e-08 0.00000e+00
1.43300e-08 0.00000e+00
1.47200e-08 0.00000e+00
1.51000e-08 0.00000e+00
1.55200e-08 0.00000e+00
1.58800e-08 0.00000e+00
1.62000e-08 0.00000e+00
1.66000e-08 0.00000e+00
1.70300e-08 0.00000e+00
1.73400e-08 0.00000e+00
1.76800e-08 0.00000e+00
1.80200e-08 0.00000e+00
1.81700e-08 0.00000e+00
1.86100e-08 0.00000e+00
1.91000e-08 0.00000e+00
1.93900e-08 0.00000e+00
1.98400e-08 0.00000e+00
2.01800e-08 0.00000e+00
2.05000e-08 0.00000e+00
2.10500e-08 0.00000e+00
2.16200e-08 0.00000e+00
2.19800e-08 0.00000e+00
2.23000e-08 0.00000e+00
2.26800e-08 0.00000e+00
2.30000e-08 0.00000e+00
2.34000e-08 0.00000e+00
2.40000e-08 0.00000e+00
2.46500e-08 0.00000e+00
2.52400e-08 0.00000e+00
2.56800e-08 0.00000e+00
2.60000e-08 0.00000e+00
2.64000e-08 0.00000e+00
2.68500e-08 0.00000e+00
2.73500e-08 0.00000e+00
2.78500e-08 0.00000e+00
2.84000e-08 0.00000e+00
2.90000e-08 0.00000e+00
2.96000e-08 0.00000e+00
3.01000e-08 0.00000e+00
3.08000e-08 0.00000e+00
3.18000e-08 0.00000e+00
3.28000e-08 0.00000e+00
3.38000e-08 0.00000e+00
3.48000e-08 0.00000e+00
3.57000e-08 0.00000e+00
3.66000e-08 0.00000e+00
3.75000e-08 0.00000e+00
3.85000e-08 0.00000e+00
3.95000e-08 0.00000e+00
4.05000e-08 0.00000e+00
4.14000e-08 0.00000e+00
4.22000e-08 0.00000e+00
4.30000e-08 0.00000e+00
4.41000e-08 0.00000e+00
4.51000e-08 0.00000e+00
4.60000e-08 0.00000e+00
4.70000e-08 0.00000e+00
4.80000e-08 0.00000e+00
4.90000e-08 0.00000e+00
5.00000e-08 0.00000e+00
5.06000e-08 1.34577e-02
5.12000e-08 2.41938e-02
5.20000e-08 4.53832e-02
5.30000e-08 9.73705e-02
5.40000e-08 2.00677e-01
5.50000e-08 4.06097e-01
5.60000e-08 8.00312e-01
5.70000e-08 1.54159e+00
5.80000e-08 2.89211e+00
5.90000e-08 5.37931e+00
6.00000e-08 9.76904e+00
6.10000e-08 1.74515e+01
6.20000e-08 3.06530e+01
6.30000e-08 5.30204e+01
6.40000e-08 9.03822e+01
6.50000e-08 1.52030e+02
6.58000e-08 2.28198e+02
6.65000e-08 3.23176e+02
6.75000e-08 5.26236e+02
6.85000e-08 8.46795e+02
6.95000e-08 1.34649e+03
7.05000e-08 2.11353e+03
7.16000e-08 3.43826e+03
7.26000e-08 5.28476e+03
7.35000e-08 7.71348e+03
7.45000e-08 1.16286e+04
7.55000e-08 1.73645e+04
7.65000e-08 2.56864e+04
7.75000e-08 3.76445e+04
7.85000e-08 5.46848e+04
7.95000e-08 7.85559e+04
8.05000e-08 1.12282e+05
8.15000e-08 1.59075e+05
8.25000e-08 2.23401e+05
8.35000e-08 3.11229e+05
8.45000e-08 4.30344e+05
8.55000e-08 5.90586e+05
8.65000e-08 8.04591e+05
8.75000e-08 1.08803e+06
8.85000e-08 1.46228e+06
8.95000e-08 1.95160e+06
9.05000e-08 2.58630e+06
9.15000e-08 1.48123e+08
9.25000e-08 7.72724e+08
9.35000e-08 1.11473e+09
9.45000e-08 1.54476e+09
9.55000e-08 2.14057e+09
9.65000e-08 2.72265e+09
9.75000e-08 2.89293e+09
9.85000e-08 3.87682e+09
9.95000e-08 4.40687e+09
1.00500e-07 5.71497e+09
1.01500e-07 6.84659e+09
1.02500e-07 6.33104e+09
1.03500e-07 9.37584e+09
1.04500e-07 1.12337e+10
1.05500e-07 1.31240e+10
1.06500e-07 1.47729e+10
1.07500e-07 1.76397e+10
1.08500e-07 2.03319e+10
1.09500e-07 2.26147e+10
1.10500e-07 7.69242e+10
1.11500e-07 1.25420e+11
1.12500e-07 1.60506e+11
1.13500e-07 1.94637e+11
1.14500e-07 2.25313e+11
1.15500e-07 2.34495e+11
1.16500e-07 2.92258e+11
1.17500e-07 3.26461e+11
1.18500e-07 3.20626e+11
1.19500e-07 2.06549e+11
1.20500e-07 2.09142e+11
1.21500e-07 4.78089e+10
1.22500e-07 2.34435e+11
1.23500e-07 4.74512e+11
1.24500e-07 9.31530e+11
1.25500e-07 1.43940e+12
1.26500e-07 1.59104e+12
1.27500e-07 3.45555e+12
1.28500e-07 1.00357e+13
1.29500e-07 1.79563e+13
1.30500e-07 1.32469e+13
1.31500e-07 3.84219e+13
1.32500e-07 5.15991e+13
1.33500e-07 5.52616e+13
1.34500e-07 8.71799e+13
1.35500e-07 8.37557e+13
1.36500e-07 8.74564e+13
1.37500e-07 1.04944e+14
1.38500e-07 9.38613e+13
1.39500e-07 1.11912e+14
1.40500e-07 1.19197e+14
1.41500e-07 1.17240e+14
1.42500e-07 1.36956e+14
1.43500e-07 1.22485e+14
1.44200e-07 1.58522e+14
1.44700e-07 1.95903e+14
1.45500e-07 2.09628e+14
1.46500e-07 1.72941e+14
1.47500e-07 1.80692e+14
1.48500e-07 2.06865e+14
1.49500e-07 2.39133e+14
1.50500e-07 2.57238e+14
1.51200e-07 2.22860e+14
1.51700e-07 2.27565e+14
1.52500e-07 2.60109e+14
1.53500e-07 2.49456e+14
1.54500e-07 3.88753e+14
1.55500e-07 3.35330e+14
1.56500e-07 2.91251e+14
1.57500e-07 4.21179e+14
1.58500e-07 4.49427e+14
1.59500e-07 5.23019e+14
1.60500e-07 4.82111e+14
1.61500e-07 4.46390e+14
1.62500e-07 3.54699e+14
1.63500e-07 4.37340e+14
1.64500e-07 5.21153e+14
1.65500e-07 3.28505e+14
1.66500e-07 5.12812e+14
1.67200e-07 2.92319e+14
1.67700e-07 5.61091e+14
1.68500e-07 6.24269e+14
1.69500e-07 5.04523e+14
1.70500e-07 5.10221e+14
1.71500e-07 5.48811e+14
1.72500e-07 5.40314e+14
1.73500e-07 6.00321e+14
1.74500e-07 5.86754e+14
1.75500e-07 6.62306e+14
1.76500e-07 5.15751e+14
1.77500e-07 6.19461e+14
1.78500e-07 6.12209e+14
1.79500e-07 7.16484e+14
1.80500e-07 6.63413e+14
1.81500e-07 6.51159e+14
1.82500e-07 6.18582e+14
1.83500e-07 5.73885e+14
1.84500e-07 5.02130e+14
1.85500e-07 5.62300e+14
1.86500e-07 5.93317e+14
1.87500e-07 5.95675e+14
1.88500e-07 5.95934e+14
1.89500e-07 6.20893e+14
1.90500e-07 5.72141e+14
1.91500e-07 6.21675e+14
1.92500e-07 6.23762e+14
1.93500e-07 5.38268e+14
1.94500e-07 6.43057e+14
1.95500e-07 6.37126e+14
1.96700e-07 6.80076e+14
1.97600e-07 6.62587e+14
1.98400e-07 6.40103e+14
1.99500e-07 6.14266e+14
2.00500e-07 5.80752e+14
2.01500e-07 5.74825e+14
2.02500e-07 5.41858e+14
2.03500e-07 5.87999e+14
2.04500e-07 6.36231e+14
2.05500e-07 6.05620e+14
2.06500e-07 5.86402e+14
2.07400e-07 6.46650e+14
2.07800e-07 6.59030e+14
2.08500e-07 6.41301e+14
2.09500e-07 6.12919e+14
2.10500e-07 5.67201e+14
2.11500e-07 5.72369e+14
2.12500e-07 5.97755e+14
2.13500e-07 4.88378e+14
2.14500e-07 5.63709e+14
2.15500e-07 5.63616e+14
2.16500e-07 5.19617e+14
2.17500e-07 5.12596e+14
2.18500e-07 5.31840e+14
2.19500e-07 5.70191e+14
2.20500e-07 5.41886e+14
2.21500e-07 4.89727e+14
2.22500e-07 4.81355e+14
2.23500e-07 5.53961e+14
2.24500e-07 4.91122e+14
2.25500e-07 4.69425e+14
2.26500e-07 4.69343e+14
2.27500e-07 4.96438e+14
2.28500e-07 5.23554e+14
2.29500e-07 4.82731e+14
2.30500e-07 4.87266e+14
2.31500e-07 4.67944e+14
2.32500e-07 3.44858e+14
2.33500e-07 4.21275e+14
2.34500e-07 3.69131e+14
2.35500e-07 4.62827e+14
2.36500e-07 3.81147e+14
2.37500e-07 4.18832e+14
2.38500e-07 3.44832e+14
2.39500e-07 3.89648e+14
2.40500e-07 3.71701e+14
2.41500e-07 3.80094e+14
2.42500e-07 4.32707e+14
2.43500e-07 4.11611e+14
2.44500e-07 4.44846e+14
2.45500e-07 4.31185e+14
2.46500e-07 4.35220e+14
2.47500e-07 4.05112e+14
2.48500e-07 4.20221e+14
2.49500e-07 3.98110e+14
2.50500e-07 4.70014e+14
2.51300e-07 3.93937e+14
2.51800e-07 3.84745e+14
2.52500e-07 3.53194e+14
2.53500e-07 3.51392e+14
2.54500e-07 3.53143e+14
2.55500e-07 4.00125e+14
2.56500e-07 3.94159e+14
2.57500e-07 4.32580e+14
2.58500e-07 4.36315e+14
2.59500e-07 4.22950e+14
2.60500e-07 4.03660e+14
2.61500e-07 3.87819e+14
2.62500e-07 4.40128e+14
2.63500e-07 4.41601e+14
2.64500e-07 5.10022e+14
2.65500e-07 5.08373e+14
2.66500e-07 4.50688e+14
2.67500e-07 4.78988e+14
2.68500e-07 4.77726e+14
2.69500e-07 4.45939e+14
2.70500e-07 4.61945e+14
2.71500e-07 4.29703e+14
2.72500e-07 4.35971e+14
2.73500e-07 4.74137e+14
2.74500e-07 3.80734e+14
2.75500e-07 3.94737e+14
2.76500e-07 4.12440e+14
2.77500e-07 4.41233e+14
2.78500e-07 3.89018e+14
2.79500e-07 2.11749e+14
2.80500e-07 2.51927e+14
2.81500e-07 4.38414e+14
2.82500e-07 4.74275e+14
2.83500e-07 4.60342e+14
2.84500e-07 4.41966e+14
2.85500e-07 4.25481e+14
2.86500e-07 4.65714e+14
2.87500e-07 4.54144e+14
2.88500e-07 4.61950e+14
2.89500e-07 4.42573e+14
2.91000e-07 4.95643e+14
2.93000e-07 4.73277e+14
2.95000e-07 4.70085e+14
2.97000e-07 4.76118e+14
2.99000e-07 4.81948e+14
3.01000e-07 4.88123e+14
3.03000e-07 4.81864e+14
3.05000e-07 4.80384e+14
3.07000e-07 4.78942e+14
3.09000e-07 4.84520e+14
3.11000e-07 4.70986e+14
3.13000e-07 4.70370e+14
3.15000e-07 4.75616e+14
3.17000e-07 4.70009e+14
3.19000e-07 4.47659e+14
3.21000e-07 4.61512e+14
3.23000e-07 4.47401e+14
3.25000e-07 4.56642e+14
3.27000e-07 4.61960e+14
3.29000e-07 4.63565e+14
3.31000e-07 4.66817e+14
3.33000e-07 4.57489e+14
3.35000e-07 4.51002e+14
3.37000e-07 4.48816e+14
3.39000e-07 4.45011e+14
3.41000e-07 4.48943e+14
3.43000e-07 4.47950e+14
3.45000e-07 4.44227e+14
3.47000e-07 4.38746e+14
3.49000e-07 4.37165e+14
3.51000e-07 4.42930e+14
3.53000e-07 4.40555e+14
3.55000e-07 4.43198e+14
3.57000e-07 4.31596e+14
3.59000e-07 4.27794e+14
3.61000e-07 4.26680e+14
3.63000e-07 4.27338e+14
3.64000e-07 4.24254e+14
3.65000e-07 4.35478e+14
3.67000e-07 4.25318e+14
3.69000e-07 3.85581e+14
3.71000e-07 4.00431e+14
3.73000e-07 4.03459e+14
3.75000e-07 4.87493e+14
3.77000e-07 5.08681e+14
3.79000e-07 6.18333e+14
3.81000e-07 7.26231e+14
3.83000e-07 5.76233e+14
3.85000e-07 8.16544e+14
3.87000e-07 9.41141e+14
3.89000e-07 5.12636e+14
3.91000e-07 9.45147e+14
3.93000e-07 8.15080e+14
3.95000e-07 9.19027e+14
3.97000e-07 4.76790e+14
3.99000e-07 9.10347e+14
4.01000e-07 1.09980e+15
4.03000e-07 1.11848e+15
4.05000e-07 1.10074e+15
4.07000e-07 1.01062e+15
4.09000e-07 7.26364e+14
4.11000e-07 5.50997e+14
4.13000e-07 9.39038e+14
4.15000e-07 1.03444e+15
4.17000e-07 1.04627e+15
4.19000e-07 1.03248e+15
4.21000e-07 1.02833e+15
4.23000e-07 9.98984e+14
4.25000e-07 9.94276e+14
4.27000e-07 9.57070e+14
4.29000e-07 9.50562e+14
4.31000e-07 8.49667e+14
4.33000e-07 6.01920e+14
4.35000e-07 5.12979e+14
4.37000e-07 8.29533e+14
4.39000e-07 8.88338e+14
4.41000e-07 8.90992e+14
4.43000e-07 8.82389e+14
4.45000e-07 8.92814e+14
4.47000e-07 8.83033e+14
4.49000e-07 8.63916e+14
4.51000e-07 8.72273e+14
4.53000e-07 8.51443e+14
4.55000e-07 8.33784e+14
4.57000e-07 8.43314e+14
4.59000e-07 8.23446e+14
4.61000e-07 8.26651e+14
4.63000e-07 8.04675e+14
4.65000e-07 8.04841e+14
4.67000e-07 7.96270e+14
4.69000e-07 7.68135e+14
4.71000e-07 7.41366e+14
4.73000e-07 7.64527e+14
4.75000e-07 7.56834e+14
4.77000e-07 7.43265e+14
4.79000e-07 7.29157e+14
4.81000e-07 7.02882e+14
4.83000e-07 6.47739e+14
4.85000e-07 4.77269e+14
4.87000e-07 3.86152e+14
4.89000e-07 5.99124e+14
4.91000e-07 6.57056e+14
4.93000e-07 6.60122e+14
4.95000e-07 6.65868e+14
4.97000e-07 6.67643e+14
4.99000e-07 6.53088e+14
5.01000e-07 6.36747e+14
5.03000e-07 6.41312e+14
5.05000e-07 6.28901e+14
5.07000e-07 6.31497e+14
5.09000e-07 6.24435e+14
5.11000e-07 6.19081e+14
5.13000e-07 6.09525e+14
5.15000e-07 5.98380e+14
5.17000e-07 5.83724e+14
5.19000e-07 5.78702e+14
5.21000e-07 5.79514e+14
5.23000e-07 5.68465e+14
5.25000e-07 5.73095e+14
5.27000e-07 5.51526e+14
5.29000e-07 5.59184e+14
5.31000e-07 5.49541e+14
5.33000e-07 5.38516e+14
5.35000e-07 5.42302e+14
5.37000e-07 5.33201e+14
5.39000e-07 5.28461e+14
5.41000e-07 5.18923e+14
5.43000e-07 5.17228e+14
5.45000e-07 5.14061e+14
5.47000e-07 5.08697e+14
5.49000e-07 5.05185e+14
5.51000e-07 5.00370e+14
5.53000e-07 4.92938e+14
5.55000e-07 4.90211e+14
5.57000e-07 4.83164e+14
5.59000e-07 4.78796e+14
5.61000e-07 4.75269e+14
5.63000e-07 4.71470e+14
5.65000e-07 4.66356e+14
5.67000e-07 4.60330e+14
5.69000e-07 4.57123e+14
5.71000e-07 4.52470e+14
5.73000e-07 4.49765e+14
5.75000e-07 4.43702e+14
5.77000e-07 4.39941e+14
5.79000e-07 4.35266e+14
5.81000e-07 4.31214e+14
5.83000e-07 4.27319e+14
5.85000e-07 4.22971e+14
5.87000e-07 4.18344e+14
5.89000e-07 4.10491e+14
5.91000e-07 4.10327e+14
5.93000e-07 4.06525e+14
5.95000e-07 4.02083e+14
5.97000e-07 3.98517e+14
5.99000e-07 3.93802e+14
6.01000e-07 3.89235e+14
6.03000e-07 3.86616e+14
6.05000e-07 3.83158e+14
6.07000e-07 3.80157e+14
6.09000e-07 3.75988e+14
6.11000e-07 3.72057e+14
6.13000e-07 3.67267e+14
6.15000e-07 3.60062e+14
6.17000e-07 3.60403e+14
6.19000e-07 3.58658e+14
6.21000e-07 3.55277e+14
6.23000e-07 3.51126e+14
6.25000e-07 3.44504e+14
6.27000e-07 3.45587e+14
6.29000e-07 3.42412e+14
6.31000e-07 3.37861e+14
6.33000e-07 3.35362e+14
6.35000e-07 3.28974e+14
6.37000e-07 3.26893e+14
6.39000e-07 3.25496e+14
6.41000e-07 3.20946e+14
6.43000e-07 3.18825e+14
6.45000e-07 3.12849e+14
6.47000e-07 3.11691e+14
6.49000e-07 3.05587e+14
6.51000e-07 2.99366e+14
6.53000e-07 2.84256e+14
6.55000e-07 2.38986e+14
6.56125e-07 1.92734e+14
6.59000e-07 2.64347e+14
6.61000e-07 2.83263e+14
6.63000e-07 2.87239e+14
6.65000e-07 2.87072e+14
6.67000e-07 2.85616e+14
6.69000e-07 2.83978e+14
6.71000e-07 2.81853e+14
6.73000e-07 2.79240e+14
6.75000e-07 2.77017e+14
6.77000e-07 2.75301e+14
6.79000e-07 2.72840e+14
6.81000e-07 2.70476e+14
6.83000e-07 2.67780e+14
6.85000e-07 2.65544e+14
6.87000e-07 2.63545e+14
6.89000e-07 2.61295e+14
6.91000e-07 2.58956e+14
6.93000e-07 2.56632e+14
6.95000e-07 2.54510e+14
6.97000e-07 2.52198e+14
6.99000e-07 2.50279e+14
7.01000e-07 2.47082e+14
7.03000e-07 2.45488e+14
7.05000e-07 2.43688e+14
7.07000e-07 2.41791e+14
7.09000e-07 2.39762e+14
7.11000e-07 2.34301e+14
7.13000e-07 2.34834e+14
7.15000e-07 2.33183e+14
7.17000e-07 2.31297e+14
7.19000e-07 2.29335e+14
7.21000e-07 2.27622e+14
7.23000e-07 2.25564e+14
7.25000e-07 2.23404e+14
7.27000e-07 2.22163e+14
7.29000e-07 2.19754e+14
7.31000e-07 2.18201e+14
7.33000e-07 2.16486e+14
7.35000e-07 2.14989e+14
7.37000e-07 2.13262e+14
7.39000e-07 2.11115e+14
7.41000e-07 2.08036e+14
7.43000e-07 2.06740e+14
7.45000e-07 2.05529e+14
7.47000e-07 2.02898e+14
7.49000e-07 2.01923e+14
7.51000e-07 2.00909e+14
7.53000e-07 1.99471e+14
7.55000e-07 1.98204e+14
7.57000e-07 1.96481e+14
7.59000e-07 1.94944e+14
7.61000e-07 1.93400e+14
7.63000e-07 1.91837e+14
7.65000e-07 1.90127e+14
7.67000e-07 1.88196e+14
7.69000e-07 1.87021e+14
7.71000e-07 1.85399e+14
7.73000e-07 1.84346e+14
7.75000e-07 1.82750e+14
7.77000e-07 1.77530e+14
7.79000e-07 1.80127e+14
7.81000e-07 1.78613e+14
7.83000e-07 1.76872e+14
7.85000e-07 1.75042e+14
7.87000e-07 1.73582e+14
7.89000e-07 1.71935e+14
7.91000e-07 1.70970e+14
7.93000e-07 1.69839e+14
7.95000e-07 1.67865e+14
7.97000e-07 1.67842e+14
7.99000e-07 1.64719e+14
8.01000e-07 1.65025e+14
8.03000e-07 1.63637e+14
8.05000e-07 1.62552e+14
8.07000e-07 1.61226e+14
8.09000e-07 1.60027e+14
8.11000e-07 1.58981e+14
8.13000e-07 1.57887e+14
8.15000e-07 1.56676e+14
8.17000e-07 1.55515e+14
8.19000e-07 1.52751e+14
8.21000e-07 1.52337e+14
8.23000e-07 1.51075e+14
8.25000e-07 1.50332e+14
8.27000e-07 1.50587e+14
8.29000e-07 1.49351e+14
8.31000e-07 1.48191e+14
8.33000e-07 1.45890e+14
8.35000e-07 1.45370e+14
8.37000e-07 1.44101e+14
8.39000e-07 1.41659e+14
8.41000e-07 1.39788e+14
8.43000e-07 1.37699e+14
8.45000e-07 1.34837e+14
8.47000e-07 1.33335e+14
8.49000e-07 1.33580e+14
8.51000e-07 1.27788e+14
8.53000e-07 1.33387e+14
8.55000e-07 1.20173e+14
8.57000e-07 1.34945e+14
8.59000e-07 1.24637e+14
8.61000e-07 1.22570e+14
8.63000e-07 1.35675e+14
8.65000e-07 1.28020e+14
8.67000e-07 1.08475e+14
8.69000e-07 1.29907e+14
8.71000e-07 1.36278e+14
8.73000e-07 1.28516e+14
8.75000e-07 1.04237e+14
8.77000e-07 1.22214e+14
8.79000e-07 1.34257e+14
8.81000e-07 1.35454e+14
8.83000e-07 1.29918e+14
8.85000e-07 1.14598e+14
8.87000e-07 9.88836e+13
8.89000e-07 1.23217e+14
8.91000e-07 1.30642e+14
8.93000e-07 1.32448e+14
8.95000e-07 1.32811e+14
8.97000e-07 1.28984e+14
8.99000e-07 1.20211e+14
9.01000e-07 9.56257e+13
9.03000e-07 1.04050e+14
9.05000e-07 1.20803e+14
9.07000e-07 1.23632e+14
9.09000e-07 1.23878e+14
9.11000e-07 1.26648e+14
9.13000e-07 1.26577e+14
9.15000e-07 1.25570e+14
9.17000e-07 1.22792e+14
9.19000e-07 1.17605e+14
9.21000e-07 1.06520e+14
9.23000e-07 8.37234e+13
9.25000e-07 1.02206e+14
9.27000e-07 1.11472e+14
9.29000e-07 1.17689e+14
9.31000e-07 1.18909e+14
9.33000e-07 1.18790e+14
9.35000e-07 1.18506e+14
9.37000e-07 1.17936e+14
9.39000e-07 1.16341e+14
9.41000e-07 1.13345e+14
9.43000e-07 1.14665e+14
9.45000e-07 1.13649e+14
9.47000e-07 1.12153e+14
9.49000e-07 1.09606e+14
9.51000e-07 1.04659e+14
9.53000e-07 9.35387e+13
9.55000e-07 7.56745e+13
9.57000e-07 9.45108e+13
9.59000e-07 1.02818e+14
9.61000e-07 1.04997e+14
9.63000e-07 1.04793e+14
9.65000e-07 1.06179e+14
9.67000e-07 1.04987e+14
9.69000e-07 1.05032e+14
9.71000e-07 1.05143e+14
9.73000e-07 1.04377e+14
9.75000e-07 1.03501e+14
9.77000e-07 1.03125e+14
9.79000e-07 1.02425e+14
9.81000e-07 1.01675e+14
9.83000e-07 1.00782e+14
9.85000e-07 9.97599e+13
9.87000e-07 9.90505e+13
9.89000e-07 9.78454e+13
9.91000e-07 9.75506e+13
9.93000e-07 9.66919e+13
9.95000e-07 9.58279e+13
9.97000e-07 9.47427e+13
9.99000e-07 9.27254e+13
1.00250e-06 8.18718e+13
1.00750e-06 7.76467e+13
1.01250e-06 8.86854e+13
1.01750e-06 8.93624e+13
1.02250e-06 8.84906e+13
1.02750e-06 8.72639e+13
1.03250e-06 8.58094e+13
1.03750e-06 8.44524e+13
1.04250e-06 8.30757e+13
1.04750e-06 8.11515e+13
1.05250e-06 8.00490e+13
1.05750e-06 7.89873e+13
1.06250e-06 7.77584e+13
1.06750e-06 7.52630e+13
1.07250e-06 7.47561e+13
1.07750e-06 7.35999e+13
1.08250e-06 7.20600e+13
1.08750e-06 6.92041e+13
1.09250e-06 5.70230e+13
1.09750e-06 6.25191e+13
1.10250e-06 6.72997e+13
1.10750e-06 6.72985e+13
1.11250e-06 6.64545e+13
1.11750e-06 6.56077e+13
1.12250e-06 6.47286e+13
1.12750e-06 6.27392e+13
1.13250e-06 6.19015e+13
1.13750e-06 6.16351e+13
1.14250e-06 6.05571e+13
1.14750e-06 6.00363e+13
1.15250e-06 5.91960e+13
1.15750e-06 5.82779e+13
1.16250e-06 5.69442e+13
1.16750e-06 5.58080e+13
1.17250e-06 5.57906e+13
1.17750e-06 5.40544e+13
1.18250e-06 5.37518e+13
1.18750e-06 5.27311e+13
1.19250e-06 5.26766e+13
1.19750e-06 5.15178e+13
1.20250e-06 5.10512e+13
1.20750e-06 5.01668e+13
1.21250e-06 4.95232e+13
1.21750e-06 4.89598e+13
1.22250e-06 4.82147e+13
1.22750e-06 4.74677e+13
1.23250e-06 4.68279e+13
1.23750e-06 4.62436e+13
1.24250e-06 4.56916e+13
1.24750e-06 4.49146e+13
1.25250e-06 4.43454e+13
1.25750e-06 4.34050e+13
1.26250e-06 4.28940e+13
1.26750e-06 4.23077e+13
1.27250e-06 4.13082e+13
1.27750e-06 3.88040e+13
1.28250e-06 3.28630e+13
1.28750e-06 3.82763e+13
1.29250e-06 3.92301e+13
1.29750e-06 3.90514e+13
1.30250e-06 3.86611e+13
1.30750e-06 3.82514e+13
1.31250e-06 3.77330e+13
1.31750e-06 3.71108e+13
1.32250e-06 3.67769e+13
1.32750e-06 3.62908e+13
1.33250e-06 3.58280e+13
1.33750e-06 3.53543e+13
1.34250e-06 3.48866e+13
1.34750e-06 3.44228e+13
1.35250e-06 3.39154e+13
1.35750e-06 3.34780e+13
1.36250e-06 3.31048e+13
1.36750e-06 3.26456e+13
1.37250e-06 3.20462e+13
1.37750e-06 3.18160e+13
1.38250e-06 3.14207e+13
1.38750e-06 3.10890e+13
1.39250e-06 3.06000e+13
1.39750e-06 3.02753e+13
1.40250e-06 2.99085e+13
1.40750e-06 2.95500e+13
1.41250e-06 2.91485e+13
1.41750e-06 2.88083e+13
1.42250e-06 2.84348e+13
1.42750e-06 2.80733e+13
1.43250e-06 2.77418e+13
1.43750e-06 2.74288e+13
1.44250e-06 2.66958e+13
1.44750e-06 2.67383e+13
1.45250e-06 2.62188e+13
1.45700e-06 2.61175e+13
1.46200e-06 2.57734e+13
1.46750e-06 2.54984e+13
1.47250e-06 2.51744e+13
1.47750e-06 2.47903e+13
1.48250e-06 2.45633e+13
1.48750e-06 2.41840e+13
1.49250e-06 2.40645e+13
1.49750e-06 2.37192e+13
1.50250e-06 2.33747e+13
1.50750e-06 2.30575e+13
1.51250e-06 2.28378e+13
1.51750e-06 2.24945e+13
1.52250e-06 2.21650e+13
1.52750e-06 2.18974e+13
1.53250e-06 2.15526e+13
1.53750e-06 2.13298e+13
1.54250e-06 2.08735e+13
1.54750e-06 2.07970e+13
1.55250e-06 2.04898e+13
1.55750e-06 1.99919e+13
1.56250e-06 2.03518e+13
1.56750e-06 1.95766e+13
1.57250e-06 1.91553e+13
1.57750e-06 1.97350e+13
1.58250e-06 1.94269e+13
1.58750e-06 1.79519e+13
1.59250e-06 1.87173e+13
1.59750e-06 1.93015e+13
1.60500e-06 1.84064e+13
1.61500e-06 1.73486e+13
1.62500e-06 1.82157e+13
1.63500e-06 1.70818e+13
1.64500e-06 1.60701e+13
1.65500e-06 1.71184e+13
1.66500e-06 1.67884e+13
1.67500e-06 1.55801e+13
1.68500e-06 1.45864e+13
1.69500e-06 1.56985e+13
1.70500e-06 1.54540e+13
1.71500e-06 1.51488e+13
1.72500e-06 1.45520e+13
1.73500e-06 1.27153e+13
1.74500e-06 1.36797e+13
1.75500e-06 1.38325e+13
1.76500e-06 1.35940e+13
1.77500e-06 1.33623e+13
1.78500e-06 1.30676e+13
1.79500e-06 1.28055e+13
1.80500e-06 1.23494e+13
1.81500e-06 1.08837e+13
1.82500e-06 1.14638e+13
1.83500e-06 1.17386e+13
1.84500e-06 1.15531e+13
1.85500e-06 1.12832e+13
1.86500e-06 1.08983e+13
1.87500e-06 9.54475e+12
1.88500e-06 1.04035e+13
1.89500e-06 1.04039e+13
1.90500e-06 1.02787e+13
1.91500e-06 1.00766e+13
1.92500e-06 9.84773e+12
1.93500e-06 9.46126e+12
1.94500e-06 8.32098e+12
1.95500e-06 9.10860e+12
1.96500e-06 9.12920e+12
1.97500e-06 8.97962e+12
1.98500e-06 8.83822e+12
1.99500e-06 8.67573e+12
2.00500e-06 8.51659e+12
2.01500e-06 8.36110e+12
2.02500e-06 8.20385e+12
2.03500e-06 8.04964e+12
2.04500e-06 7.91111e+12
2.05500e-06 7.76642e+12
2.06500e-06 7.61902e+12
2.07500e-06 7.48460e+12
2.08500e-06 7.35293e+12
2.09500e-06 7.22178e+12
2.10500e-06 7.09169e+12
2.11500e-06 6.95177e+12
2.12500e-06 6.83010e+12
2.13500e-06 6.70230e+12
2.14500e-06 6.57232e+12
2.15500e-06 6.35068e+12
2.16500e-06 5.62432e+12
2.17500e-06 6.06504e+12
2.18500e-06 6.12138e+12
2.19500e-06 6.05182e+12
2.20500e-06 5.95358e+12
2.21500e-06 5.84773e+12
2.22500e-06 5.76218e+12
2.23500e-06 5.66511e+12
2.24500e-06 5.57110e+12
2.25500e-06 5.47134e+12
2.26500e-06 5.38672e+12
2.27500e-06 5.29856e+12
2.28500e-06 5.23294e+12
2.29500e-06 5.22456e+12
2.30500e-06 5.14118e+12
2.31500e-06 5.04484e+12
2.32500e-06 4.95324e+12
2.33500e-06 4.86026e+12
2.34500e-06 4.77176e+12
2.35500e-06 4.68561e+12
2.36500e-06 4.60175e+12
2.37500e-06 4.52013e+12
2.38500e-06 4.44197e+12
2.39500e-06 4.36358e+12
2.40500e-06 4.29004e+12
2.41500e-06 4.21570e+12
2.42500e-06 4.14225e+12
2.43500e-06 4.08085e+12
2.44500e-06 4.00607e+12
2.45500e-06 3.95268e+12
2.46500e-06 3.87883e+12
2.47500e-06 3.82860e+12
2.48500e-06 3.77571e+12
2.49500e-06 3.68910e+12
2.50500e-06 3.72244e+12
2.51500e-06 3.62852e+12
2.52500e-06 3.50186e+12
2.53500e-06 3.50184e+12
2.54500e-06 3.47816e+12
2.55500e-06 3.38831e+12
2.56500e-06 3.26345e+12
2.57500e-06 3.30310e+12
2.58500e-06 3.28295e+12
2.59500e-06 3.23050e+12
2.60500e-06 3.11348e+12
2.61500e-06 2.96934e+12
2.62500e-06 2.76093e+12
2.63500e-06 2.96833e+12
2.64500e-06 3.00506e+12
2.65500e-06 2.96659e+12
2.66500e-06 2.87997e+12
2.67500e-06 2.71433e+12
2.68500e-06 2.80248e+12
2.69500e-06 2.81362e+12
2.70500e-06 2.78523e+12
2.71500e-06 2.75014e+12
2.72500e-06 2.71030e+12
2.73500e-06 2.66458e+12
2.74500e-06 2.59746e+12
2.75500e-06 2.41812e+12
2.76500e-06 2.45580e+12
2.77500e-06 2.50848e+12
2.78500e-06 2.49224e+12
2.79500e-06 2.46514e+12
2.80500e-06 2.43519e+12
2.81500e-06 2.40214e+12
2.82500e-06 2.36968e+12
2.83500e-06 2.33475e+12
2.84500e-06 2.29533e+12
2.85500e-06 2.25210e+12
2.86500e-06 2.15659e+12
2.87500e-06 2.02152e+12
2.88500e-06 2.13920e+12
2.89500e-06 2.14229e+12
2.90500e-06 2.12422e+12
2.91500e-06 2.09810e+12
2.92500e-06 2.07418e+12
2.93500e-06 2.04756e+12
2.94500e-06 2.02117e+12
2.95500e-06 1.99522e+12
2.96500e-06 1.96952e+12
2.97500e-06 1.94418e+12
2.98500e-06 1.91942e+12
2.99500e-06 1.89402e+12
3.00500e-06 1.86562e+12
3.01500e-06 1.83586e+12
3.02500e-06 1.79262e+12
3.03500e-06 1.65923e+12
3.04500e-06 1.67363e+12
3.05500e-06 1.73200e+12
3.06500e-06 1.72588e+12
3.07500e-06 1.70966e+12
3.08500e-06 1.68870e+12
3.09500e-06 1.66970e+12
3.10500e-06 1.64888e+12
3.11500e-06 1.62721e+12
3.12500e-06 1.60790e+12
3.13500e-06 1.58922e+12
3.14500e-06 1.56904e+12
3.15500e-06 1.55139e+12
3.16500e-06 1.53318e+12
3.17500e-06 1.51367e+12
3.18500e-06 1.49656e+12
3.19500e-06 1.47846e+12
3.21000e-06 1.45196e+12
3.23000e-06 1.41800e+12
3.25000e-06 1.38423e+12
3.27000e-06 1.34409e+12
3.29000e-06 1.23432e+12
3.31000e-06 1.26174e+12
3.33000e-06 1.26491e+12
3.35000e-06 1.23941e+12
3.37000e-06 1.20852e+12
3.39000e-06 1.18076e+12
3.41000e-06 1.15374e+12
3.43000e-06 1.12777e+12
3.45000e-06 1.10248e+12
3.47000e-06 1.07720e+12
3.49000e-06 1.05292e+12
3.51000e-06 1.02949e+12
3.53000e-06 1.00606e+12
3.55000e-06 9.84118e+11
3.57000e-06 9.61919e+11
3.59000e-06 9.41117e+11
3.61000e-06 9.20716e+11
3.63000e-06 9.01392e+11
3.65000e-06 8.81305e+11
3.67000e-06 8.64593e+11
3.69000e-06 8.41523e+11
3.71000e-06 8.26261e+11
3.73000e-06 7.83279e+11
3.75000e-06 7.57078e+11
3.77000e-06 7.77322e+11
3.79000e-06 7.65127e+11
3.81000e-06 7.42608e+11
3.83000e-06 7.29273e+11
3.85000e-06 7.21869e+11
3.87000e-06 7.07384e+11
3.89000e-06 6.88801e+11
3.91000e-06 6.66272e+11
3.93000e-06 6.65143e+11
3.95000e-06 6.55647e+11
3.97000e-06 6.44038e+11
3.99000e-06 6.30759e+11
4.01000e-06 6.05787e+11
4.03000e-06 5.90836e+11
4.05000e-06 5.59497e+11
4.07000e-06 5.78051e+11
4.09000e-06 5.71804e+11
4.11000e-06 5.62862e+11
4.13000e-06 5.50952e+11
4.15000e-06 5.36577e+11
4.17000e-06 5.11251e+11
4.19000e-06 5.16360e+11
4.21000e-06 5.11253e+11
4.23000e-06 5.03545e+11
4.25000e-06 4.94396e+11
4.27000e-06 4.85519e+11
4.29000e-06 4.76765e+11
4.31000e-06 4.68193e+11
4.33000e-06 4.59176e+11
4.35000e-06 4.48553e+11
4.37000e-06 4.25202e+11
4.39000e-06 4.26498e+11
4.41000e-06 4.26435e+11
4.43000e-06 4.20673e+11
4.45000e-06 4.13381e+11
4.47000e-06 4.07861e+11
4.49000e-06 4.00760e+11
4.51000e-06 3.93991e+11
4.53000e-06 3.87215e+11
4.55000e-06 3.80670e+11
4.57000e-06 3.74099e+11
4.59000e-06 3.67555e+11
4.61000e-06 3.60438e+11
4.63000e-06 3.51549e+11
4.65000e-06 3.26230e+11
4.67000e-06 3.22992e+11
4.69000e-06 3.31907e+11
4.71000e-06 3.31132e+11
4.73000e-06 3.26940e+11
4.75000e-06 3.21738e+11
4.77000e-06 3.16595e+11
4.79000e-06 3.11543e+11
4.81000e-06 3.06516e+11
4.83000e-06 3.01576e+11
4.85000e-06 2.96756e+11
4.87000e-06 2.92036e+11
4.89000e-06 2.87399e+11
4.91000e-06 2.82812e+11
4.93000e-06 2.78399e+11
4.95000e-06 2.74032e+11
4.97000e-06 2.69741e+11
4.99000e-06 2.65526e+11
5.01000e-06 2.61429e+11
5.03000e-06 2.57359e+11
5.05000e-06 2.53434e+11
5.07000e-06 2.49518e+11
5.09000e-06 2.44827e+11
5.11000e-06 2.38024e+11
5.13000e-06 2.23903e+11
5.15000e-06 2.31784e+11
5.17000e-06 2.30572e+11
5.19000e-06 2.27749e+11
5.21000e-06 2.24339e+11
5.23000e-06 2.21015e+11
5.25000e-06 2.17748e+11
5.27000e-06 2.14539e+11
5.29000e-06 2.11385e+11
5.31000e-06 2.08286e+11
5.33000e-06 2.05240e+11
5.35000e-06 2.02261e+11
5.37000e-06 1.99307e+11
5.39000e-06 1.96443e+11
5.41000e-06 1.93629e+11
5.43000e-06 1.90838e+11
5.45000e-06 1.88108e+11
5.47000e-06 1.85413e+11
5.49000e-06 1.82815e+11
5.51000e-06 1.80237e+11
5.53000e-06 1.77679e+11
5.55000e-06 1.75202e+11
5.57000e-06 1.72708e+11
5.59000e-06 1.70268e+11
5.61000e-06 1.67955e+11
5.63000e-06 1.65647e+11
5.65000e-06 1.63367e+11
5.67000e-06 1.61115e+11
5.69000e-06 1.58914e+11
5.71000e-06 1.56739e+11
5.73000e-06 1.54603e+11
5.75000e-06 1.52515e+11
5.77000e-06 1.50441e+11
5.79000e-06 1.48404e+11
5.81000e-06 1.46435e+11
5.83000e-06 1.44468e+11
5.85000e-06 1.42711e+11
5.87000e-06 1.40308e+11
5.89000e-06 1.36490e+11
5.91000e-06 1.28535e+11
5.93000e-06 1.33616e+11
5.95000e-06 1.33123e+11
5.97000e-06 1.31884e+11
5.99000e-06 1.30165e+11
6.01000e-06 1.28476e+11
6.03000e-06 1.26827e+11
6.05000e-06 1.25187e+11
6.07000e-06 1.23576e+11
6.09000e-06 1.21984e+11
6.11000e-06 1.20390e+11
6.13000e-06 1.18893e+11
6.15000e-06 1.17374e+11
6.17000e-06 1.15892e+11
6.19000e-06 1.14427e+11
6.21000e-06 1.12988e+11
6.23000e-06 1.11555e+11
6.25000e-06 1.10167e+11
6.27000e-06 1.08785e+11
6.29000e-06 1.07446e+11
6.31000e-06 1.06104e+11
6.33000e-06 1.04795e+11
6.35000e-06 1.03510e+11
6.37000e-06 1.02249e+11
6.39000e-06 1.00991e+11
6.42000e-06 9.91540e+10
6.46000e-06 9.67563e+10
6.50000e-06 9.44367e+10
6.54000e-06 9.21929e+10
6.58000e-06 9.00052e+10
6.62000e-06 8.78806e+10
6.66000e-06 8.58260e+10
6.70000e-06 8.38315e+10
6.74000e-06 8.18874e+10
6.78000e-06 8.00062e+10
6.82000e-06 7.81762e+10
6.86000e-06 7.63898e+10
6.90000e-06 7.46521e+10
6.94000e-06 7.29736e+10
6.98000e-06 7.13439e+10
7.02000e-06 6.97603e+10
7.06000e-06 6.82140e+10
7.10000e-06 6.67256e+10
7.14000e-06 6.52559e+10
7.18000e-06 6.38388e+10
7.22000e-06 6.24331e+10
7.26000e-06 6.11066e+10
7.30000e-06 5.98068e+10
7.34000e-06 5.85294e+10
7.38000e-06 5.72825e+10
7.42000e-06 5.57790e+10
7.46000e-06 5.26175e+10
7.50000e-06 5.14430e+10
7.54000e-06 5.23114e+10
7.58000e-06 5.15470e+10
7.62000e-06 5.05109e+10
7.66000e-06 4.94807e+10
7.70000e-06 4.84768e+10
7.74000e-06 4.74985e+10
7.78000e-06 4.65445e+10
7.82000e-06 4.56137e+10
7.86000e-06 4.47055e+10
7.90000e-06 4.38205e+10
7.94000e-06 4.29564e+10
7.98000e-06 4.21133e+10
8.02000e-06 4.12913e+10
8.06000e-06 4.04893e+10
8.10000e-06 3.97074e+10
8.14000e-06 3.89418e+10
8.18000e-06 3.81970e+10
8.22000e-06 3.74699e+10
8.26000e-06 3.67594e+10
8.30000e-06 3.60653e+10
8.34000e-06 3.53816e+10
8.38000e-06 3.47153e+10
8.42000e-06 3.40738e+10
8.46000e-06 3.34476e+10
8.50000e-06 3.28316e+10
8.54000e-06 3.22278e+10
8.58000e-06 3.16393e+10
8.62000e-06 3.10630e+10
8.66000e-06 3.05019e+10
8.70000e-06 2.99518e+10
8.74000e-06 2.94139e+10
8.78000e-06 2.88885e+10
8.82000e-06 2.83728e+10
8.86000e-06 2.78700e+10
8.90000e-06 2.73790e+10
8.94000e-06 2.68993e+10
8.98000e-06 2.64280e+10
9.02000e-06 2.59691e+10
9.06000e-06 2.55191e+10
9.10000e-06 2.50778e+10
9.14000e-06 2.46472e+10
9.18000e-06 2.42259e+10
9.22000e-06 2.38132e+10
9.26000e-06 2.34094e+10
9.30000e-06 2.30137e+10
9.34000e-06 2.26266e+10
9.38000e-06 2.22473e+10
9.42000e-06 2.18762e+10
9.46000e-06 2.15127e+10
9.50000e-06 2.11566e+10
9.54000e-06 2.08061e+10
9.58000e-06 2.04669e+10
9.62000e-06 2.01318e+10
9.66000e-06 1.98043e+10
9.70000e-06 1.94832e+10
9.74000e-06 1.91682e+10
9.78000e-06 1.88601e+10
9.82000e-06 1.85575e+10
9.86000e-06 1.82619e+10
9.90000e-06 1.79717e+10
9.94000e-06 1.76874e+10
9.98000e-06 1.74078e+10
1.00200e-05 1.71344e+10
2.00000e-05 1.09600e+09
4.00000e-05 6.81388e+07
6.00000e-05 1.33415e+07
8.00000e-05 4.18765e+06
1.00000e-04 1.70324e+06
1.20000e-04 8.16354e+05
1.40000e-04 4.38257e+05
1.60000e-04 2.55647e+05
