9.09000e-09 0.00000e+00
9.35000e-09 0.00000e+00
9.61000e-09 0.00000e+00
9.77000e-09 0.00000e+00
9.96000e-09 0.00000e+00
1.02000e-08 0.00000e+00
1.03800e-08 0.00000e+00
1.05600e-08 0.00000e+00
1.07700e-08 0.00000e+00
1.10400e-08 0.00000e+00
1.14000e-08 0.00000e+00
1.17800e-08 0.00000e+00
1.21300e-08 0.00000e+00
1.24800e-08 0.00000e+00
1.27100e-08 0.00000e+00
1.28400e-08 0.00000e+00
1.30500e-08 0.00000e+00
1.32400e-08 0.00000e+00
1.33900e-08 0.00000e+00
1.36600e-08 0.00000e+00
1.39800e-08 0.00000e+00
1.43300e-08 0.00000e+00
1.47200e-08 0.00000e+00
1.51000e-08 0.00000e+00
1.55200e-08 0.00000e+00
1.58800e-08 0.00000e+00
1.62000e-08 0.00000e+00
1.66000e-08 0.00000e+00
1.70300e-08 0.00000e+00
1.73400e-08 0.00000e+00
1.76800e-08 0.00000e+00
1.80200e-08 0.00000e+00
1.81700e-08 0.00000e+00
1.86100e-08 0.00000e+00
1.91000e-08 0.00000e+00
1.93900e-08 0.00000e+00
1.98400e-08 0.00000e+00
2.01800e-08 0.00000e+00
2.05000e-08 0.00000e+00
2.10500e-08 0.00000e+00
2.16200e-08 0.00000e+00
2.19800e-08 0.00000e+00
2.23000e-08 0.00000e+00
2.26800e-08 0.00000e+00
2.30000e-08 1.44048e+05
2.34000e-08 3.20196e+05
2.40000e-08 7.07416e+05
2.46500e-08 1.60290e+06
2.52400e-08 3.28311e+06
2.56800e-08 5.17947e+06
2.60000e-08 8.17884e+06
2.64000e-08 1.24669e+07
2.68500e-08 2.01157e+07
2.73500e-08 3.33039e+07
2.78500e-08 5.42056e+07
2.84000e-08 9.57754e+07
2.90000e-08 1.62281e+08
2.96000e-08 2.72237e+08
3.01000e-08 4.07368e+08
3.08000e-08 7.13637e+08
3.18000e-08 1.60737e+09
3.28000e-08 3.16206e+09
3.38000e-08 6.33105e+09
3.48000e-08 1.17906e+10
3.57000e-08 3.48652e+10
3.66000e-08 6.22766e+10
3.75000e-08 9.30380e+10
3.85000e-08 1.50921e+11
3.95000e-08 2.53842e+11
4.05000e-08 3.79682e+11
4.14000e-08 5.52712e+11
4.22000e-08 7.44898e+11
4.30000e-08 1.02742e+12
4.41000e-08 1.51486e+12
4.51000e-08 2.07460e+12
4.60000e-08 2.70815e+12
4.70000e-08 3.72808e+12
4.80000e-08 4.98726e+12
4.90000e-08 6.64276e+12
5.00000e-08 8.62170e+12
5.06000e-08 4.62445e+13
5.12000e-08 2.79159e+14
5.20000e-08 3.12474e+14
5.30000e-08 3.61857e+14
5.40000e-08 3.64560e+14
5.50000e-08 5.37062e+14
5.60000e-08 6.24524e+14
5.70000e-08 7.35639e+14
5.80000e-08 7.09315e+14
5.90000e-08 9.10528e+14
6.00000e-08 1.00351e+15
6.10000e-08 1.16806e+15
6.20000e-08 1.28220e+15
6.30000e-08 1.40242e+15
6.40000e-08 1.41200e+15
6.50000e-08 1.61258e+15
6.58000e-08 1.77043e+15
6.65000e-08 1.85262e+15
6.75000e-08 1.85056e+15
6.85000e-08 1.93180e+15
6.95000e-08 2.34707e+15
7.05000e-08 2.36570e+15
7.16000e-08 2.64131e+15
7.26000e-08 2.75217e+15
7.35000e-08 2.82081e+15
7.45000e-08 3.16833e+15
7.55000e-08 3.36300e+15
7.65000e-08 3.58162e+15
7.75000e-08 3.80717e+15
7.85000e-08 4.05736e+15
7.95000e-08 4.16968e+15
8.05000e-08 4.34090e+15
8.15000e-08 4.45078e+15
8.25000e-08 4.80842e+15
8.35000e-08 4.22272e+15
8.45000e-08 4.97947e+15
8.55000e-08 5.08960e+15
8.65000e-08 5.39298e+15
8.75000e-08 5.71031e+15
8.85000e-08 6.11446e+15
8.95000e-08 6.36001e+15
9.05000e-08 6.33890e+15
9.15000e-08 7.74902e+15
9.25000e-08 3.94124e+16
9.35000e-08 1.00683e+17
9.45000e-08 2.33469e+17
9.55000e-08 3.13264e+17
9.65000e-08 3.78100e+17
9.75000e-08 5.86600e+16
9.85000e-08 3.10063e+17
9.95000e-08 2.87450e+17
1.00500e-07 3.72010e+17
1.01500e-07 3.65426e+17
1.02500e-07 1.56490e+17
1.03500e-07 2.90271e+17
1.04500e-07 4.40923e+17
1.05500e-07 4.05594e+17
1.06500e-07 3.24216e+17
1.07500e-07 3.68442e+17
1.08500e-07 3.14524e+17
1.09500e-07 3.70910e+17
1.10500e-07 3.38834e+17
1.11500e-07 3.29451e+17
1.12500e-07 2.67951e+17
1.13500e-07 3.32681e+17
1.14500e-07 2.99913e+17
1.15500e-07 3.06095e+17
1.16500e-07 2.99308e+17
1.17500e-07 1.82899e+17
1.18500e-07 2.81054e+17
1.19500e-07 2.55536e+17
1.20500e-07 1.98216e+17
1.21500e-07 1.24703e+17
1.22500e-07 2.27975e+17
1.23500e-07 2.65673e+17
1.24500e-07 2.65068e+17
1.25500e-07 2.51748e+17
1.26500e-07 2.52868e+17
1.27500e-07 2.64282e+17
1.28500e-07 2.60732e+17
1.29500e-07 2.13877e+17
1.30500e-07 2.21876e+17
1.31500e-07 2.50540e+17
1.32500e-07 2.32438e+17
1.33500e-07 2.22860e+17
1.34500e-07 2.26348e+17
1.35500e-07 2.22568e+17
1.36500e-07 2.03790e+17
1.37500e-07 1.98268e+17
1.38500e-07 1.94162e+17
1.39500e-07 1.42588e+17
1.40500e-07 1.49104e+17
1.41500e-07 1.72364e+17
1.42500e-07 1.66094e+17
1.43500e-07 1.71526e+17
1.44200e-07 1.74476e+17
1.44700e-07 1.70762e+17
1.45500e-07 1.65382e+17
1.46500e-07 1.51029e+17
1.47500e-07 1.53278e+17
1.48500e-07 1.50966e+17
1.49500e-07 1.48066e+17
1.50500e-07 1.32762e+17
1.51200e-07 1.16946e+17
1.51700e-07 1.20629e+17
1.52500e-07 1.25200e+17
1.53500e-07 1.04374e+17
1.54500e-07 9.96613e+16
1.55500e-07 9.76934e+16
1.56500e-07 1.06893e+17
1.57500e-07 1.13755e+17
1.58500e-07 1.13798e+17
1.59500e-07 1.12476e+17
1.60500e-07 1.14420e+17
1.61500e-07 1.11191e+17
1.62500e-07 1.09274e+17
1.63500e-07 1.15573e+17
1.64500e-07 1.14716e+17
1.65500e-07 1.13699e+17
1.66500e-07 1.14964e+17
1.67200e-07 1.09445e+17
1.67700e-07 1.19019e+17
1.68500e-07 1.15361e+17
1.69500e-07 1.09267e+17
1.70500e-07 1.05735e+17
1.71500e-07 1.00079e+17
1.72500e-07 9.79179e+16
1.73500e-07 1.01841e+17
1.74500e-07 9.91937e+16
1.75500e-07 9.99355e+16
1.76500e-07 9.77179e+16
1.77500e-07 9.17737e+16
1.78500e-07 9.34382e+16
1.79500e-07 9.57112e+16
1.80500e-07 9.61072e+16
1.81500e-07 8.57912e+16
1.82500e-07 8.91190e+16
1.83500e-07 8.59452e+16
1.84500e-07 7.78567e+16
1.85500e-07 7.87964e+16
1.86500e-07 7.98459e+16
1.87500e-07 8.30514e+16
1.88500e-07 7.37191e+16
1.89500e-07 6.80649e+16
1.90500e-07 7.41538e+16
1.91500e-07 6.93770e+16
1.92500e-07 6.56793e+16
1.93500e-07 6.99525e+16
1.94500e-07 7.18303e+16
1.95500e-07 6.42370e+16
1.96700e-07 6.96035e+16
1.97600e-07 7.27366e+16
1.98400e-07 6.70002e+16
1.99500e-07 6.59236e+16
2.00500e-07 6.79376e+16
2.01500e-07 6.71239e+16
2.02500e-07 6.89734e+16
2.03500e-07 6.26752e+16
2.04500e-07 6.36871e+16
2.05500e-07 6.12605e+16
2.06500e-07 6.15768e+16
2.07400e-07 6.52737e+16
2.07800e-07 5.89662e+16
2.08500e-07 6.16516e+16
2.09500e-07 5.79109e+16
2.10500e-07 6.01226e+16
2.11500e-07 6.00380e+16
2.12500e-07 6.05205e+16
2.13500e-07 5.92086e+16
2.14500e-07 5.61089e+16
2.15500e-07 5.84116e+16
2.16500e-07 5.79584e+16
2.17500e-07 5.70739e+16
2.18500e-07 5.53532e+16
2.19500e-07 5.59361e+16
2.20500e-07 5.54842e+16
2.21500e-07 5.45505e+16
2.22500e-07 5.30438e+16
2.23500e-07 5.22233e+16
2.24500e-07 5.25237e+16
2.25500e-07 5.09810e+16
2.26500e-07 5.13682e+16
2.27500e-07 5.05275e+16
2.28500e-07 5.03914e+16
2.29500e-07 4.72223e+16
2.30500e-07 4.86599e+16
2.31500e-07 4.71150e+16
2.32500e-07 4.18906e+16
2.33500e-07 4.51360e+16
2.34500e-07 4.54383e+16
2.35500e-07 4.51518e+16
2.36500e-07 4.46003e+16
2.37500e-07 4.36184e+16
2.38500e-07 4.33236e+16
2.39500e-07 4.28437e+16
2.40500e-07 4.20062e+16
2.41500e-07 4.16216e+16
2.42500e-07 4.15160e+16
2.43500e-07 4.03116e+16
2.44500e-07 4.02812e+16
2.45500e-07 4.02619e+16
2.46500e-07 3.95013e+16
2.47500e-07 3.89546e+16
2.48500e-07 3.83324e+16
2.49500e-07 3.42034e+16
2.50500e-07 3.71920e+16
2.51300e-07 3.54642e+16
2.51800e-07 3.67792e+16
2.52500e-07 3.63026e+16
2.53500e-07 3.58544e+16
2.54500e-07 3.48950e+16
2.55500e-07 3.50852e+16
2.56500e-07 3.46667e+16
2.57500e-07 3.45531e+16
2.58500e-07 3.41211e+16
2.59500e-07 3.37193e+16
2.60500e-07 3.32844e+16
2.61500e-07 3.28132e+16
2.62500e-07 3.25446e+16
2.63500e-07 3.22394e+16
2.64500e-07 3.19924e+16
2.65500e-07 3.18208e+16
2.66500e-07 3.06727e+16
2.67500e-07 3.07386e+16
2.68500e-07 3.06094e+16
2.69500e-07 2.95527e+16
2.70500e-07 2.90489e+16
2.71500e-07 2.90029e+16
2.72500e-07 2.88797e+16
2.73500e-07 2.87087e+16
2.74500e-07 2.79130e+16
2.75500e-07 2.78239e+16
2.76500e-07 2.74850e+16
2.77500e-07 2.76620e+16
2.78500e-07 2.72111e+16
2.79500e-07 2.61092e+16
2.80500e-07 2.63428e+16
2.81500e-07 2.64564e+16
2.82500e-07 2.60386e+16
2.83500e-07 2.50298e+16
2.84500e-07 2.54192e+16
2.85500e-07 2.50159e+16
2.86500e-07 2.49637e+16
2.87500e-07 2.46759e+16
2.88500e-07 2.43802e+16
2.89500e-07 2.40354e+16
2.91000e-07 2.35569e+16
2.93000e-07 2.31987e+16
2.95000e-07 2.24891e+16
2.97000e-07 2.21872e+16
2.99000e-07 2.16778e+16
3.01000e-07 2.09516e+16
3.03000e-07 2.08240e+16
3.05000e-07 2.04384e+16
3.07000e-07 2.00714e+16
3.09000e-07 1.93690e+16
3.11000e-07 1.91993e+16
3.13000e-07 1.87060e+16
3.15000e-07 1.84062e+16
3.17000e-07 1.79411e+16
3.19000e-07 1.75250e+16
3.21000e-07 1.73322e+16
3.23000e-07 1.69373e+16
3.25000e-07 1.66557e+16
3.27000e-07 1.62799e+16
3.29000e-07 1.59531e+16
3.31000e-07 1.56670e+16
3.33000e-07 1.53401e+16
3.35000e-07 1.50467e+16
3.37000e-07 1.47615e+16
3.39000e-07 1.45095e+16
3.41000e-07 1.42342e+16
3.43000e-07 1.37702e+16
3.45000e-07 1.34987e+16
3.47000e-07 1.33851e+16
3.49000e-07 1.31465e+16
3.51000e-07 1.29350e+16
3.53000e-07 1.27266e+16
3.55000e-07 1.24870e+16
3.57000e-07 1.23052e+16
3.59000e-07 1.19472e+16
3.61000e-07 1.17444e+16
3.63000e-07 1.15599e+16
3.64000e-07 1.15499e+16
3.65000e-07 1.14041e+16
3.67000e-07 1.12620e+16
3.69000e-07 1.08774e+16
3.71000e-07 1.02940e+16
3.73000e-07 9.93240e+15
3.75000e-07 1.03320e+16
3.77000e-07 1.02118e+16
3.79000e-07 1.06758e+16
3.81000e-07 1.11687e+16
3.83000e-07 9.84632e+15
3.85000e-07 1.12820e+16
3.87000e-07 1.13128e+16
3.89000e-07 9.12990e+15
3.91000e-07 1.12457e+16
3.93000e-07 1.09490e+16
3.95000e-07 1.08042e+16
3.97000e-07 8.47906e+15
3.99000e-07 1.03889e+16
4.01000e-07 1.04102e+16
4.03000e-07 9.96193e+15
4.05000e-07 1.00799e+16
4.07000e-07 9.63813e+15
4.09000e-07 8.88401e+15
4.11000e-07 7.90032e+15
4.13000e-07 9.14742e+15
4.15000e-07 9.11547e+15
4.17000e-07 9.07113e+15
4.19000e-07 8.96629e+15
4.21000e-07 8.87684e+15
4.23000e-07 8.68171e+15
4.25000e-07 8.46629e+15
4.27000e-07 8.17166e+15
4.29000e-07 8.13516e+15
4.31000e-07 7.87568e+15
4.33000e-07 7.15167e+15
4.35000e-07 6.55209e+15
4.37000e-07 7.48533e+15
4.39000e-07 7.45599e+15
4.41000e-07 7.40149e+15
4.43000e-07 7.30890e+15
4.45000e-07 7.20149e+15
4.47000e-07 6.82704e+15
4.49000e-07 6.97266e+15
4.51000e-07 6.91521e+15
4.53000e-07 6.79829e+15
4.55000e-07 6.69444e+15
4.57000e-07 6.58492e+15
4.59000e-07 6.46883e+15
4.61000e-07 6.32100e+15
4.63000e-07 6.23119e+15
4.65000e-07 6.05853e+15
4.67000e-07 6.05114e+15
4.69000e-07 5.99827e+15
4.71000e-07 5.76607e+15
4.73000e-07 5.77954e+15
4.75000e-07 5.68990e+15
4.77000e-07 5.67309e+15
4.79000e-07 5.57048e+15
4.81000e-07 5.45032e+15
4.83000e-07 5.33859e+15
4.85000e-07 4.92436e+15
4.87000e-07 4.40318e+15
4.89000e-07 5.10408e+15
4.91000e-07 5.07071e+15
4.93000e-07 4.89666e+15
4.95000e-07 4.92221e+15
4.97000e-07 4.88298e+15
4.99000e-07 4.80140e+15
5.01000e-07 4.59489e+15
5.03000e-07 4.65670e+15
5.05000e-07 4.54366e+15
5.07000e-07 4.53471e+15
5.09000e-07 4.46424e+15
5.11000e-07 4.39128e+15
5.13000e-07 4.29727e+15
5.15000e-07 4.24563e+15
5.17000e-07 4.21369e+15
5.19000e-07 4.15876e+15
5.21000e-07 4.09178e+15
5.23000e-07 4.04181e+15
5.25000e-07 3.98743e+15
5.27000e-07 3.92453e+15
5.29000e-07 3.87997e+15
5.31000e-07 3.82220e+15
5.33000e-07 3.77249e+15
5.35000e-07 3.71604e+15
5.37000e-07 3.67339e+15
5.39000e-07 3.62232e+15
5.41000e-07 3.57653e+15
5.43000e-07 3.52430e+15
5.45000e-07 3.47578e+15
5.47000e-07 3.42875e+15
5.49000e-07 3.38369e+15
5.51000e-07 3.34527e+15
5.53000e-07 3.29475e+15
5.55000e-07 3.25821e+15
5.57000e-07 3.21312e+15
5.59000e-07 3.17437e+15
5.61000e-07 3.13059e+15
5.63000e-07 3.09234e+15
5.65000e-07 3.03992e+15
5.67000e-07 2.98770e+15
5.69000e-07 2.94299e+15
5.71000e-07 2.92449e+15
5.73000e-07 2.89023e+15
5.75000e-07 2.84634e+15
5.77000e-07 2.82348e+15
5.79000e-07 2.78614e+15
5.81000e-07 2.75137e+15
5.83000e-07 2.71168e+15
5.85000e-07 2.68117e+15
5.87000e-07 2.56442e+15
5.89000e-07 2.59232e+15
5.91000e-07 2.57588e+15
5.93000e-07 2.53926e+15
5.95000e-07 2.50604e+15
5.97000e-07 2.49054e+15
5.99000e-07 2.44948e+15
6.01000e-07 2.42736e+15
6.03000e-07 2.39398e+15
6.05000e-07 2.36645e+15
6.07000e-07 2.34127e+15
6.09000e-07 2.31301e+15
6.11000e-07 2.28518e+15
6.13000e-07 2.25927e+15
6.15000e-07 2.22149e+15
6.17000e-07 2.19959e+15
6.19000e-07 2.17763e+15
6.21000e-07 2.15347e+15
6.23000e-07 2.12850e+15
6.25000e-07 2.09899e+15
6.27000e-07 2.07642e+15
6.29000e-07 2.05381e+15
6.31000e-07 2.02860e+15
6.33000e-07 2.00678e+15
6.35000e-07 1.97556e+15
6.37000e-07 1.95770e+15
6.39000e-07 1.93624e+15
6.41000e-07 1.91409e+15
6.43000e-07 1.89409e+15
6.45000e-07 1.87140e+15
6.47000e-07 1.84419e+15
6.49000e-07 1.82345e+15
6.51000e-07 1.80480e+15
6.53000e-07 1.77583e+15
6.55000e-07 1.69238e+15
6.56125e-07 1.49270e+15
6.59000e-07 1.69133e+15
6.61000e-07 1.70085e+15
6.63000e-07 1.68872e+15
6.65000e-07 1.67015e+15
6.67000e-07 1.63601e+15
6.69000e-07 1.61783e+15
6.71000e-07 1.61732e+15
6.73000e-07 1.59549e+15
6.75000e-07 1.58150e+15
6.77000e-07 1.56535e+15
6.79000e-07 1.53563e+15
6.81000e-07 1.52874e+15
6.83000e-07 1.51285e+15
6.85000e-07 1.49769e+15
6.87000e-07 1.48172e+15
6.89000e-07 1.46416e+15
6.91000e-07 1.44781e+15
6.93000e-07 1.43413e+15
6.95000e-07 1.41941e+15
6.97000e-07 1.40445e+15
6.99000e-07 1.38918e+15
7.01000e-07 1.37444e+15
7.03000e-07 1.35985e+15
7.05000e-07 1.34555e+15
7.07000e-07 1.30938e+15
7.09000e-07 1.31782e+15
7.11000e-07 1.29663e+15
7.13000e-07 1.28440e+15
7.15000e-07 1.27664e+15
7.17000e-07 1.26351e+15
7.19000e-07 1.25081e+15
7.21000e-07 1.23794e+15
7.23000e-07 1.20804e+15
7.25000e-07 1.21113e+15
7.27000e-07 1.20005e+15
7.29000e-07 1.17689e+15
7.31000e-07 1.17546e+15
7.33000e-07 1.16345e+15
7.35000e-07 1.15204e+15
7.37000e-07 1.14052e+15
7.39000e-07 1.12904e+15
7.41000e-07 1.11767e+15
7.43000e-07 1.10586e+15
7.45000e-07 1.09525e+15
7.47000e-07 1.08123e+15
7.49000e-07 1.07318e+15
7.51000e-07 1.06226e+15
7.53000e-07 1.05157e+15
7.55000e-07 1.04211e+15
7.57000e-07 1.03181e+15
7.59000e-07 1.02154e+15
7.61000e-07 1.01058e+15
7.63000e-07 1.00154e+15
7.65000e-07 9.91868e+14
7.67000e-07 9.82348e+14
7.69000e-07 9.72658e+14
7.71000e-07 9.63055e+14
7.73000e-07 9.53791e+14
7.75000e-07 9.44798e+14
7.77000e-07 9.31204e+14
7.79000e-07 9.26925e+14
7.81000e-07 9.17243e+14
7.83000e-07 9.09306e+14
7.85000e-07 9.00277e+14
7.87000e-07 8.89746e+14
7.89000e-07 8.79855e+14
7.91000e-07 8.74027e+14
7.93000e-07 8.65310e+14
7.95000e-07 8.57028e+14
7.97000e-07 8.49351e+14
7.99000e-07 8.41151e+14
8.01000e-07 8.33315e+14
8.03000e-07 8.26423e+14
8.05000e-07 8.19125e+14
8.07000e-07 8.12177e+14
8.09000e-07 8.03043e+14
8.11000e-07 7.93417e+14
8.13000e-07 7.90088e+14
8.15000e-07 7.81111e+14
8.17000e-07 7.75711e+14
8.19000e-07 7.66423e+14
8.21000e-07 7.55706e+14
8.23000e-07 7.48868e+14
8.25000e-07 7.45518e+14
8.27000e-07 7.33379e+14
8.29000e-07 7.31872e+14
8.31000e-07 7.25790e+14
8.33000e-07 7.19268e+14
8.35000e-07 7.10856e+14
8.37000e-07 7.03591e+14
8.39000e-07 7.00401e+14
8.41000e-07 6.93186e+14
8.43000e-07 6.83274e+14
8.45000e-07 6.72129e+14
8.47000e-07 6.70849e+14
8.49000e-07 6.62204e+14
8.51000e-07 6.55142e+14
8.53000e-07 6.51814e+14
8.55000e-07 6.36452e+14
8.57000e-07 6.49335e+14
8.59000e-07 6.21552e+14
8.61000e-07 6.19786e+14
8.63000e-07 6.39173e+14
8.65000e-07 6.17743e+14
8.67000e-07 5.84374e+14
8.69000e-07 6.19801e+14
8.71000e-07 6.24804e+14
8.73000e-07 6.03507e+14
8.75000e-07 5.53661e+14
8.77000e-07 5.84153e+14
8.79000e-07 6.05048e+14
8.81000e-07 6.02595e+14
8.83000e-07 5.93056e+14
8.85000e-07 5.55361e+14
8.87000e-07 5.19437e+14
8.89000e-07 5.70682e+14
8.91000e-07 5.77424e+14
8.93000e-07 5.74415e+14
8.95000e-07 5.71286e+14
8.97000e-07 5.64434e+14
8.99000e-07 5.43560e+14
9.01000e-07 4.87921e+14
9.03000e-07 5.08955e+14
9.05000e-07 5.40240e+14
9.07000e-07 5.37173e+14
9.09000e-07 5.37502e+14
9.11000e-07 5.35280e+14
9.13000e-07 5.31356e+14
9.15000e-07 5.26516e+14
9.17000e-07 5.19742e+14
9.19000e-07 5.13200e+14
9.21000e-07 4.88012e+14
9.23000e-07 4.31264e+14
9.25000e-07 4.78649e+14
9.27000e-07 4.92894e+14
9.29000e-07 4.95707e+14
9.31000e-07 4.90754e+14
9.33000e-07 4.88479e+14
9.35000e-07 4.85530e+14
9.37000e-07 4.82043e+14
9.39000e-07 4.78155e+14
9.41000e-07 4.73444e+14
9.43000e-07 4.70336e+14
9.45000e-07 4.66281e+14
9.47000e-07 4.58978e+14
9.49000e-07 4.56669e+14
9.51000e-07 4.45503e+14
9.53000e-07 4.23185e+14
9.55000e-07 3.77885e+14
9.57000e-07 4.25948e+14
9.59000e-07 4.36422e+14
9.61000e-07 4.34321e+14
9.63000e-07 4.30204e+14
9.65000e-07 4.30890e+14
9.67000e-07 4.27417e+14
9.69000e-07 4.23568e+14
9.71000e-07 4.19028e+14
9.73000e-07 4.17427e+14
9.75000e-07 4.14052e+14
9.77000e-07 4.11016e+14
9.79000e-07 4.07727e+14
9.81000e-07 4.04266e+14
9.83000e-07 4.01375e+14
9.85000e-07 3.98232e+14
9.87000e-07 3.94841e+14
9.89000e-07 3.91397e+14
9.91000e-07 3.86481e+14
9.93000e-07 3.86149e+14
9.95000e-07 3.82962e+14
9.97000e-07 3.79077e+14
9.99000e-07 3.75620e+14
1.00250e-06 3.53438e+14
1.00750e-06 3.41377e+14
1.01250e-06 3.55998e+14
1.01750e-06 3.51729e+14
1.02250e-06 3.45040e+14
1.02750e-06 3.38822e+14
1.03250e-06 3.31106e+14
1.03750e-06 3.26501e+14
1.04250e-06 3.20541e+14
1.04750e-06 3.14704e+14
1.05250e-06 3.08902e+14
1.05750e-06 3.03421e+14
1.06250e-06 2.97982e+14
1.06750e-06 2.92017e+14
1.07250e-06 2.87453e+14
1.07750e-06 2.82339e+14
1.08250e-06 2.74020e+14
1.08750e-06 2.71025e+14
1.09250e-06 2.43735e+14
1.09750e-06 2.55487e+14
1.10250e-06 2.56575e+14
1.10750e-06 2.54043e+14
1.11250e-06 2.49700e+14
1.11750e-06 2.45444e+14
1.12250e-06 2.41109e+14
1.12750e-06 2.36854e+14
1.13250e-06 2.32805e+14
1.13750e-06 2.29217e+14
1.14250e-06 2.25235e+14
1.14750e-06 2.21651e+14
1.15250e-06 2.17982e+14
1.15750e-06 2.14211e+14
1.16250e-06 2.10786e+14
1.16750e-06 2.07271e+14
1.17250e-06 2.03994e+14
1.17750e-06 2.00613e+14
1.18250e-06 1.97420e+14
1.18750e-06 1.94251e+14
1.19250e-06 1.91134e+14
1.19750e-06 1.86659e+14
1.20250e-06 1.85066e+14
1.20750e-06 1.82139e+14
1.21250e-06 1.79248e+14
1.21750e-06 1.76427e+14
1.22250e-06 1.73661e+14
1.22750e-06 1.70954e+14
1.23250e-06 1.68280e+14
1.23750e-06 1.65668e+14
1.24250e-06 1.63125e+14
1.24750e-06 1.60411e+14
1.25250e-06 1.57725e+14
1.25750e-06 1.55652e+14
1.26250e-06 1.53320e+14
1.26750e-06 1.51034e+14
1.27250e-06 1.48521e+14
1.27750e-06 1.43231e+14
1.28250e-06 1.31457e+14
1.28750e-06 1.40796e+14
1.29250e-06 1.39901e+14
1.29750e-06 1.37146e+14
1.30250e-06 1.35909e+14
1.30750e-06 1.33953e+14
1.31250e-06 1.31991e+14
1.31750e-06 1.30036e+14
1.32250e-06 1.28170e+14
1.32750e-06 1.26310e+14
1.33250e-06 1.24452e+14
1.33750e-06 1.22664e+14
1.34250e-06 1.20778e+14
1.34750e-06 1.19198e+14
1.35250e-06 1.17472e+14
1.35750e-06 1.15832e+14
1.36250e-06 1.14149e+14
1.36750e-06 1.12577e+14
1.37250e-06 1.10966e+14
1.37750e-06 1.09463e+14
1.38250e-06 1.07937e+14
1.38750e-06 1.06427e+14
1.39250e-06 1.04869e+14
1.39750e-06 1.03468e+14
1.40250e-06 1.02069e+14
1.40750e-06 1.00693e+14
1.41250e-06 9.93055e+13
1.41750e-06 9.79575e+13
1.42250e-06 9.66389e+13
1.42750e-06 9.53272e+13
1.43250e-06 9.40387e+13
1.43750e-06 9.27694e+13
1.44250e-06 9.15444e+13
1.44750e-06 9.03179e+13
1.45250e-06 8.91133e+13
1.45700e-06 8.80597e+13
1.46200e-06 8.69085e+13
1.46750e-06 8.56617e+13
1.47250e-06 8.45424e+13
1.47750e-06 8.34344e+13
1.48250e-06 8.23635e+13
1.48750e-06 8.12965e+13
1.49250e-06 8.02504e+13
1.49750e-06 7.92014e+13
1.50250e-06 7.81762e+13
1.50750e-06 7.69870e+13
1.51250e-06 7.61232e+13
1.51750e-06 7.51299e+13
1.52250e-06 7.41156e+13
1.52750e-06 7.31290e+13
1.53250e-06 7.21168e+13
1.53750e-06 7.12677e+13
1.54250e-06 7.01715e+13
1.54750e-06 6.94670e+13
1.55250e-06 6.85154e+13
1.55750e-06 6.73712e+13
1.56250e-06 6.71845e+13
1.56750e-06 6.57661e+13
1.57250e-06 6.47285e+13
1.57750e-06 6.48789e+13
1.58250e-06 6.39386e+13
1.58750e-06 6.17336e+13
1.59250e-06 6.20537e+13
1.59750e-06 6.20452e+13
1.60500e-06 6.04225e+13
1.61500e-06 5.81860e+13
1.62500e-06 5.81140e+13
1.63500e-06 5.60581e+13
1.64500e-06 5.39168e+13
1.65500e-06 5.41956e+13
1.66500e-06 5.29717e+13
1.67500e-06 5.09097e+13
1.68500e-06 4.88397e+13
1.69500e-06 4.93640e+13
1.70500e-06 4.80156e+13
1.71500e-06 4.72126e+13
1.72500e-06 4.60363e+13
1.73500e-06 4.29541e+13
1.74500e-06 4.37808e+13
1.75500e-06 4.31487e+13
1.76500e-06 4.22041e+13
1.77500e-06 4.12767e+13
1.78500e-06 4.03378e+13
1.79500e-06 3.95120e+13
1.80500e-06 3.85654e+13
1.81500e-06 3.60111e+13
1.82500e-06 3.65405e+13
1.83500e-06 3.62317e+13
1.84500e-06 3.54759e+13
1.85500e-06 3.46795e+13
1.86500e-06 3.36815e+13
1.87500e-06 3.16162e+13
1.88500e-06 3.25433e+13
1.89500e-06 3.19280e+13
1.90500e-06 3.11763e+13
1.91500e-06 3.06656e+13
1.92500e-06 3.00480e+13
1.93500e-06 2.93025e+13
1.94500e-06 2.71965e+13
1.95500e-06 2.80998e+13
1.96500e-06 2.77209e+13
1.97500e-06 2.71753e+13
1.98500e-06 2.66421e+13
1.99500e-06 2.61220e+13
2.00500e-06 2.56147e+13
2.01500e-06 2.51198e+13
2.02500e-06 2.46362e+13
2.03500e-06 2.41646e+13
2.04500e-06 2.36928e+13
2.05500e-06 2.32005e+13
2.06500e-06 2.28156e+13
2.07500e-06 2.23862e+13
2.08500e-06 2.19683e+13
2.09500e-06 2.15574e+13
2.10500e-06 2.11583e+13
2.11500e-06 2.06716e+13
2.12500e-06 2.03874e+13
2.13500e-06 2.00133e+13
2.14500e-06 1.96405e+13
2.15500e-06 1.92120e+13
2.16500e-06 1.78269e+13
2.17500e-06 1.84637e+13
2.18500e-06 1.82580e+13
2.19500e-06 1.79482e+13
2.20500e-06 1.76308e+13
2.21500e-06 1.73199e+13
2.22500e-06 1.70093e+13
2.23500e-06 1.67187e+13
2.24500e-06 1.64273e+13
2.25500e-06 1.61426e+13
2.26500e-06 1.58638e+13
2.27500e-06 1.55915e+13
2.28500e-06 1.53399e+13
2.29500e-06 1.51342e+13
2.30500e-06 1.48727e+13
2.31500e-06 1.46257e+13
2.32500e-06 1.43789e+13
2.33500e-06 1.41372e+13
2.34500e-06 1.38737e+13
2.35500e-06 1.36332e+13
2.36500e-06 1.34002e+13
2.37500e-06 1.31734e+13
2.38500e-06 1.29539e+13
2.39500e-06 1.27317e+13
2.40500e-06 1.25198e+13
2.41500e-06 1.23130e+13
2.42500e-06 1.21111e+13
2.43500e-06 1.19121e+13
2.44500e-06 1.17115e+13
2.45500e-06 1.15344e+13
2.46500e-06 1.13375e+13
2.47500e-06 1.11452e+13
2.48500e-06 1.10007e+13
2.49500e-06 1.07911e+13
2.50500e-06 1.07153e+13
2.51500e-06 1.05070e+13
2.52500e-06 1.02697e+13
2.53500e-06 1.01666e+13
2.54500e-06 1.00368e+13
2.55500e-06 9.84874e+12
2.56500e-06 9.61577e+12
2.57500e-06 9.56282e+12
2.58500e-06 9.45402e+12
2.59500e-06 9.29571e+12
2.60500e-06 9.09068e+12
2.61500e-06 8.82131e+12
2.62500e-06 8.36058e+12
2.63500e-06 8.69170e+12
2.64500e-06 8.63095e+12
2.65500e-06 8.49284e+12
2.66500e-06 8.32950e+12
2.67500e-06 8.05675e+12
2.68500e-06 8.08307e+12
2.69500e-06 8.02164e+12
2.70500e-06 7.90992e+12
2.71500e-06 7.79554e+12
2.72500e-06 7.68313e+12
2.73500e-06 7.57215e+12
2.74500e-06 7.43259e+12
2.75500e-06 7.14743e+12
2.76500e-06 7.14461e+12
2.77500e-06 7.13724e+12
2.78500e-06 7.04868e+12
2.79500e-06 6.94962e+12
2.80500e-06 6.85084e+12
2.81500e-06 6.75614e+12
2.82500e-06 6.66166e+12
2.83500e-06 6.56928e+12
2.84500e-06 6.47850e+12
2.85500e-06 6.37588e+12
2.86500e-06 6.22084e+12
2.87500e-06 5.97299e+12
2.88500e-06 6.09641e+12
2.89500e-06 6.04493e+12
2.90500e-06 5.96455e+12
2.91500e-06 5.88423e+12
2.92500e-06 5.80488e+12
2.93500e-06 5.72691e+12
2.94500e-06 5.65029e+12
2.95500e-06 5.57501e+12
2.96500e-06 5.50061e+12
2.97500e-06 5.42794e+12
2.98500e-06 5.35612e+12
2.99500e-06 5.28555e+12
3.00500e-06 5.21622e+12
3.01500e-06 5.14562e+12
3.02500e-06 5.06019e+12
3.03500e-06 4.82854e+12
3.04500e-06 4.82938e+12
3.05500e-06 4.87169e+12
3.06500e-06 4.82271e+12
3.07500e-06 4.75832e+12
3.08500e-06 4.69902e+12
3.09500e-06 4.64039e+12
3.10500e-06 4.58163e+12
3.11500e-06 4.52276e+12
3.12500e-06 4.46492e+12
3.13500e-06 4.41004e+12
3.14500e-06 4.35461e+12
3.15500e-06 4.30056e+12
3.16500e-06 4.24672e+12
3.17500e-06 4.19386e+12
3.18500e-06 4.14194e+12
3.19500e-06 4.09059e+12
3.21000e-06 4.01552e+12
3.23000e-06 3.91756e+12
3.25000e-06 3.82277e+12
3.27000e-06 3.72823e+12
3.29000e-06 3.52155e+12
3.31000e-06 3.53035e+12
3.33000e-06 3.47788e+12
3.35000e-06 3.39720e+12
3.37000e-06 3.31786e+12
3.39000e-06 3.24070e+12
3.41000e-06 3.16583e+12
3.43000e-06 3.09312e+12
3.45000e-06 3.02248e+12
3.47000e-06 2.95154e+12
3.49000e-06 2.88298e+12
3.51000e-06 2.81747e+12
3.53000e-06 2.75253e+12
3.55000e-06 2.69097e+12
3.57000e-06 2.63098e+12
3.59000e-06 2.57354e+12
3.61000e-06 2.51620e+12
3.63000e-06 2.46216e+12
3.65000e-06 2.40737e+12
3.67000e-06 2.35804e+12
3.69000e-06 2.30295e+12
3.71000e-06 2.25372e+12
3.73000e-06 2.17172e+12
3.75000e-06 2.10945e+12
3.77000e-06 2.11886e+12
3.79000e-06 2.07880e+12
3.81000e-06 2.02609e+12
3.83000e-06 1.98550e+12
3.85000e-06 1.95399e+12
3.87000e-06 1.91413e+12
3.89000e-06 1.86975e+12
3.91000e-06 1.82112e+12
3.93000e-06 1.79802e+12
3.95000e-06 1.76426e+12
3.97000e-06 1.72930e+12
3.99000e-06 1.69506e+12
4.01000e-06 1.64889e+12
4.03000e-06 1.60995e+12
4.05000e-06 1.54509e+12
4.07000e-06 1.56347e+12
4.09000e-06 1.53592e+12
4.11000e-06 1.50638e+12
4.13000e-06 1.47594e+12
4.15000e-06 1.44561e+12
4.17000e-06 1.39871e+12
4.19000e-06 1.39059e+12
4.21000e-06 1.36878e+12
4.23000e-06 1.34319e+12
4.25000e-06 1.31735e+12
4.27000e-06 1.29376e+12
4.29000e-06 1.26729e+12
4.31000e-06 1.24655e+12
4.33000e-06 1.22375e+12
4.35000e-06 1.19986e+12
4.37000e-06 1.15760e+12
4.39000e-06 1.14911e+12
4.41000e-06 1.13760e+12
4.43000e-06 1.11730e+12
4.45000e-06 1.09742e+12
4.47000e-06 1.07927e+12
4.49000e-06 1.06022e+12
4.51000e-06 1.04158e+12
4.53000e-06 1.02335e+12
4.55000e-06 1.00553e+12
4.57000e-06 9.88090e+11
4.59000e-06 9.71022e+11
4.61000e-06 9.53911e+11
4.63000e-06 9.35688e+11
4.65000e-06 8.84308e+11
4.67000e-06 8.78443e+11
4.69000e-06 8.84446e+11
4.71000e-06 8.76000e+11
4.73000e-06 8.61333e+11
4.75000e-06 8.46898e+11
4.77000e-06 8.32857e+11
4.79000e-06 8.19070e+11
4.81000e-06 8.05564e+11
4.83000e-06 7.92334e+11
4.85000e-06 7.79374e+11
4.87000e-06 7.66664e+11
4.89000e-06 7.54230e+11
4.91000e-06 7.42034e+11
4.93000e-06 7.30090e+11
4.95000e-06 7.18375e+11
4.97000e-06 7.06900e+11
4.99000e-06 6.95662e+11
5.01000e-06 6.84626e+11
5.03000e-06 6.73817e+11
5.05000e-06 6.63232e+11
5.07000e-06 6.52836e+11
5.09000e-06 6.42641e+11
5.11000e-06 6.28978e+11
5.13000e-06 6.01823e+11
5.15000e-06 6.10808e+11
5.17000e-06 6.03836e+11
5.19000e-06 5.94604e+11
5.21000e-06 5.85537e+11
5.23000e-06 5.76646e+11
5.25000e-06 5.67915e+11
5.27000e-06 5.59353e+11
5.29000e-06 5.50958e+11
5.31000e-06 5.42700e+11
5.33000e-06 5.34617e+11
5.35000e-06 5.26679e+11
5.37000e-06 5.18883e+11
5.39000e-06 5.11227e+11
5.41000e-06 5.03709e+11
5.43000e-06 4.96338e+11
5.45000e-06 4.89100e+11
5.47000e-06 4.81991e+11
5.49000e-06 4.75011e+11
5.51000e-06 4.68157e+11
5.53000e-06 4.61426e+11
5.55000e-06 4.54816e+11
5.57000e-06 4.48314e+11
5.59000e-06 4.41941e+11
5.61000e-06 4.35671e+11
5.63000e-06 4.29527e+11
5.65000e-06 4.23470e+11
5.67000e-06 4.17535e+11
5.69000e-06 4.11696e+11
5.71000e-06 4.05963e+11
5.73000e-06 4.00322e+11
5.75000e-06 3.94785e+11
5.77000e-06 3.89337e+11
5.79000e-06 3.83978e+11
5.81000e-06 3.78727e+11
5.83000e-06 3.73562e+11
5.85000e-06 3.68744e+11
5.87000e-06 3.63666e+11
5.89000e-06 3.56216e+11
5.91000e-06 3.40230e+11
5.93000e-06 3.47602e+11
5.95000e-06 3.44556e+11
5.97000e-06 3.39968e+11
5.99000e-06 3.35455e+11
6.01000e-06 3.31015e+11
6.03000e-06 3.26637e+11
6.05000e-06 3.22340e+11
6.07000e-06 3.18113e+11
6.09000e-06 3.13955e+11
6.11000e-06 3.09864e+11
6.13000e-06 3.05830e+11
6.15000e-06 3.01872e+11
6.17000e-06 2.97979e+11
6.19000e-06 2.94139e+11
6.21000e-06 2.90372e+11
6.23000e-06 2.86657e+11
6.25000e-06 2.83002e+11
6.27000e-06 2.79408e+11
6.29000e-06 2.75872e+11
6.31000e-06 2.72385e+11
6.33000e-06 2.68956e+11
6.35000e-06 2.65582e+11
6.37000e-06 2.62255e+11
6.39000e-06 2.58992e+11
6.42000e-06 2.54174e+11
6.46000e-06 2.47939e+11
6.50000e-06 2.41883e+11
6.54000e-06 2.36018e+11
6.58000e-06 2.30321e+11
6.62000e-06 2.24795e+11
6.66000e-06 2.19444e+11
6.70000e-06 2.14239e+11
6.74000e-06 2.09199e+11
6.78000e-06 2.04296e+11
6.82000e-06 1.99541e+11
6.86000e-06 1.94923e+11
6.90000e-06 1.90438e+11
6.94000e-06 1.86075e+11
6.98000e-06 1.81845e+11
7.02000e-06 1.77730e+11
7.06000e-06 1.73726e+11
7.10000e-06 1.69839e+11
7.14000e-06 1.66057e+11
7.18000e-06 1.62385e+11
7.22000e-06 1.58813e+11
7.26000e-06 1.55331e+11
7.30000e-06 1.51950e+11
7.34000e-06 1.48656e+11
7.38000e-06 1.45458e+11
7.42000e-06 1.41971e+11
7.46000e-06 1.35930e+11
7.50000e-06 1.32589e+11
7.54000e-06 1.33254e+11
7.58000e-06 1.30684e+11
7.62000e-06 1.27953e+11
7.66000e-06 1.25297e+11
7.70000e-06 1.22709e+11
7.74000e-06 1.20193e+11
7.78000e-06 1.17734e+11
7.82000e-06 1.15337e+11
7.86000e-06 1.13008e+11
7.90000e-06 1.10731e+11
7.94000e-06 1.08513e+11
7.98000e-06 1.06345e+11
8.02000e-06 1.04239e+11
8.06000e-06 1.02180e+11
8.10000e-06 1.00174e+11
8.14000e-06 9.82143e+10
8.18000e-06 9.63046e+10
8.22000e-06 9.44385e+10
8.26000e-06 9.26150e+10
8.30000e-06 9.08386e+10
8.34000e-06 8.91081e+10
8.38000e-06 8.74119e+10
8.42000e-06 8.57597e+10
8.46000e-06 8.41453e+10
8.50000e-06 8.25678e+10
8.54000e-06 8.10265e+10
8.58000e-06 7.95256e+10
8.62000e-06 7.80541e+10
8.66000e-06 7.66164e+10
8.70000e-06 7.52167e+10
8.74000e-06 7.38442e+10
8.78000e-06 7.25034e+10
8.82000e-06 7.11935e+10
8.86000e-06 6.99138e+10
8.90000e-06 6.86590e+10
8.94000e-06 6.74379e+10
8.98000e-06 6.62405e+10
9.02000e-06 6.50709e+10
9.06000e-06 6.39239e+10
9.10000e-06 6.28036e+10
9.14000e-06 6.17094e+10
9.18000e-06 6.06364e+10
9.22000e-06 5.95884e+10
9.26000e-06 5.85607e+10
9.30000e-06 5.75571e+10
9.34000e-06 5.65729e+10
9.38000e-06 5.56119e+10
9.42000e-06 5.46693e+10
9.46000e-06 5.37491e+10
9.50000e-06 5.28466e+10
9.54000e-06 5.19615e+10
9.58000e-06 5.10975e+10
9.62000e-06 5.02500e+10
9.66000e-06 4.94189e+10
9.70000e-06 4.86078e+10
9.74000e-06 4.78123e+10
9.78000e-06 4.70320e+10
9.82000e-06 4.62668e+10
9.86000e-06 4.55163e+10
9.90000e-06 4.47841e+10
9.94000e-06 4.40659e+10
9.98000e-06 4.33616e+10
1.00200e-05 4.26709e+10
2.00000e-05 2.65209e+09
4.00000e-05 1.62594e+08
6.00000e-05 3.16820e+07
8.00000e-05 9.91920e+06
1.00000e-04 4.02800e+06
1.20000e-04 1.92828e+06
1.40000e-04 1.03436e+06
1.60000e-04 6.03034e+05
