9.09000e-09 0.00000e+00
9.35000e-09 0.00000e+00
9.61000e-09 0.00000e+00
9.77000e-09 0.00000e+00
9.96000e-09 0.00000e+00
1.02000e-08 0.00000e+00
1.03800e-08 0.00000e+00
1.05600e-08 0.00000e+00
1.07700e-08 0.00000e+00
1.10400e-08 0.00000e+00
1.14000e-08 0.00000e+00
1.17800e-08 0.00000e+00
1.21300e-08 0.00000e+00
1.24800e-08 0.00000e+00
1.27100e-08 0.00000e+00
1.28400e-08 0.00000e+00
1.30500e-08 0.00000e+00
1.32400e-08 0.00000e+00
1.33900e-08 0.00000e+00
1.36600e-08 0.00000e+00
1.39800e-08 0.00000e+00
1.43300e-08 0.00000e+00
1.47200e-08 0.00000e+00
1.51000e-08 0.00000e+00
1.55200e-08 0.00000e+00
1.58800e-08 0.00000e+00
1.62000e-08 0.00000e+00
1.66000e-08 0.00000e+00
1.70300e-08 0.00000e+00
1.73400e-08 0.00000e+00
1.76800e-08 0.00000e+00
1.80200e-08 0.00000e+00
1.81700e-08 0.00000e+00
1.86100e-08 0.00000e+00
1.91000e-08 0.00000e+00
1.93900e-08 0.00000e+00
1.98400e-08 0.00000e+00
2.01800e-08 0.00000e+00
2.05000e-08 0.00000e+00
2.10500e-08 0.00000e+00
2.16200e-08 0.00000e+00
2.19800e-08 0.00000e+00
2.23000e-08 0.00000e+00
2.26800e-08 0.00000e+00
2.30000e-08 1.10783e-01
2.34000e-08 2.60497e-01
2.40000e-08 7.49994e-01
2.46500e-08 2.19290e+00
2.52400e-08 5.55204e+00
2.56800e-08 1.06856e+01
2.60000e-08 1.73017e+01
2.64000e-08 3.06564e+01
2.68500e-08 5.68396e+01
2.73500e-08 1.10130e+02
2.78500e-08 2.10363e+02
2.84000e-08 4.17927e+02
2.90000e-08 8.52638e+02
2.96000e-08 1.68109e+03
3.01000e-08 2.92225e+03
3.08000e-08 6.11258e+03
3.18000e-08 1.68762e+04
3.28000e-08 4.31694e+04
3.38000e-08 1.06436e+05
3.48000e-08 2.48192e+05
3.57000e-08 5.24323e+05
3.66000e-08 1.05547e+06
3.75000e-08 2.02316e+06
3.85000e-08 4.06073e+06
3.95000e-08 7.86444e+06
4.05000e-08 1.47587e+07
4.14000e-08 2.54991e+07
4.22000e-08 4.04096e+07
4.30000e-08 6.28828e+07
4.41000e-08 1.14128e+08
4.51000e-08 1.90846e+08
4.60000e-08 2.96738e+08
4.70000e-08 4.76225e+08
4.80000e-08 7.48278e+08
4.90000e-08 1.15812e+09
5.00000e-08 1.75586e+09
5.06000e-08 1.49185e+11
5.12000e-08 7.49785e+11
5.20000e-08 9.48388e+11
5.30000e-08 1.33633e+12
5.40000e-08 1.53793e+12
5.50000e-08 2.34768e+12
5.60000e-08 2.90164e+12
5.70000e-08 3.79594e+12
5.80000e-08 3.92902e+12
5.90000e-08 5.48429e+12
6.00000e-08 6.94398e+12
6.10000e-08 8.71826e+12
6.20000e-08 1.02503e+13
6.30000e-08 1.23223e+13
6.40000e-08 1.38671e+13
6.50000e-08 1.67313e+13
6.58000e-08 1.95020e+13
6.65000e-08 2.12012e+13
6.75000e-08 2.38321e+13
6.85000e-08 2.73725e+13
6.95000e-08 3.29766e+13
7.05000e-08 3.70580e+13
7.16000e-08 4.28284e+13
7.26000e-08 4.79394e+13
7.35000e-08 5.29114e+13
7.45000e-08 6.11572e+13
7.55000e-08 6.90047e+13
7.65000e-08 7.72934e+13
7.75000e-08 8.67836e+13
7.85000e-08 9.65386e+13
7.95000e-08 1.04932e+14
8.05000e-08 1.15352e+14
8.15000e-08 1.25152e+14
8.25000e-08 1.39583e+14
8.35000e-08 1.43954e+14
8.45000e-08 1.61292e+14
8.55000e-08 1.75047e+14
8.65000e-08 1.91612e+14
8.75000e-08 2.09975e+14
8.85000e-08 2.30875e+14
8.95000e-08 2.48738e+14
9.05000e-08 2.56564e+14
9.15000e-08 4.03695e+14
9.25000e-08 1.54206e+15
9.35000e-08 4.17731e+15
9.45000e-08 1.67381e+16
9.55000e-08 4.09266e+16
9.65000e-08 5.66699e+16
9.75000e-08 8.30996e+15
9.85000e-08 7.06769e+16
9.95000e-08 6.83691e+16
1.00500e-07 9.37401e+16
1.01500e-07 7.77541e+16
1.02500e-07 1.19779e+16
1.03500e-07 4.82508e+16
1.04500e-07 1.11692e+17
1.05500e-07 1.08965e+17
1.06500e-07 8.46612e+16
1.07500e-07 1.02321e+17
1.08500e-07 7.95943e+16
1.09500e-07 1.02419e+17
1.10500e-07 9.16970e+16
1.11500e-07 8.45293e+16
1.12500e-07 7.73330e+16
1.13500e-07 9.59237e+16
1.14500e-07 8.27699e+16
1.15500e-07 8.82222e+16
1.16500e-07 9.15245e+16
1.17500e-07 6.65911e+16
1.18500e-07 9.12298e+16
1.19500e-07 6.45733e+16
1.20500e-07 4.27239e+16
1.21500e-07 1.37169e+16
1.22500e-07 5.08374e+16
1.23500e-07 8.37626e+16
1.24500e-07 8.79809e+16
1.25500e-07 8.25708e+16
1.26500e-07 6.97866e+16
1.27500e-07 8.49415e+16
1.28500e-07 8.54338e+16
1.29500e-07 6.53574e+16
1.30500e-07 6.70429e+16
1.31500e-07 8.08416e+16
1.32500e-07 7.41884e+16
1.33500e-07 6.57652e+16
1.34500e-07 7.51555e+16
1.35500e-07 7.23739e+16
1.36500e-07 6.48007e+16
1.37500e-07 6.58941e+16
1.38500e-07 6.67312e+16
1.39500e-07 5.81389e+16
1.40500e-07 6.06406e+16
1.41500e-07 6.00255e+16
1.42500e-07 6.05644e+16
1.43500e-07 6.04112e+16
1.44200e-07 6.22520e+16
1.44700e-07 6.12972e+16
1.45500e-07 5.96284e+16
1.46500e-07 5.50274e+16
1.47500e-07 5.48293e+16
1.48500e-07 5.35979e+16
1.49500e-07 5.34429e+16
1.50500e-07 4.92272e+16
1.51200e-07 4.37744e+16
1.51700e-07 4.58682e+16
1.52500e-07 4.64558e+16
1.53500e-07 4.07952e+16
1.54500e-07 4.23711e+16
1.55500e-07 4.03182e+16
1.56500e-07 4.14596e+16
1.57500e-07 4.36760e+16
1.58500e-07 4.38810e+16
1.59500e-07 4.41810e+16
1.60500e-07 4.38442e+16
1.61500e-07 4.36972e+16
1.62500e-07 4.18200e+16
1.63500e-07 4.37650e+16
1.64500e-07 4.33459e+16
1.65500e-07 4.09036e+16
1.66500e-07 4.37866e+16
1.67200e-07 4.20044e+16
1.67700e-07 4.28461e+16
1.68500e-07 4.34539e+16
1.69500e-07 4.11790e+16
1.70500e-07 3.92071e+16
1.71500e-07 3.69542e+16
1.72500e-07 3.63953e+16
1.73500e-07 3.81458e+16
1.74500e-07 3.64826e+16
1.75500e-07 3.78733e+16
1.76500e-07 3.52843e+16
1.77500e-07 3.51952e+16
1.78500e-07 3.55693e+16
1.79500e-07 3.68017e+16
1.80500e-07 3.67361e+16
1.81500e-07 3.32321e+16
1.82500e-07 3.44955e+16
1.83500e-07 3.28014e+16
1.84500e-07 3.01858e+16
1.85500e-07 2.94288e+16
1.86500e-07 2.99708e+16
1.87500e-07 3.23052e+16
1.88500e-07 2.89989e+16
1.89500e-07 2.71273e+16
1.90500e-07 2.93835e+16
1.91500e-07 2.74769e+16
1.92500e-07 2.66544e+16
1.93500e-07 2.78074e+16
1.94500e-07 2.83188e+16
1.95500e-07 2.60279e+16
1.96700e-07 2.80881e+16
1.97600e-07 2.90823e+16
1.98400e-07 2.69647e+16
1.99500e-07 2.62934e+16
2.00500e-07 2.70195e+16
2.01500e-07 2.62370e+16
2.02500e-07 2.75697e+16
2.03500e-07 2.53708e+16
2.04500e-07 2.56954e+16
2.05500e-07 2.48205e+16
2.06500e-07 2.51391e+16
2.07400e-07 2.60950e+16
2.07800e-07 2.41345e+16
2.08500e-07 2.50820e+16
2.09500e-07 2.36569e+16
2.10500e-07 2.42829e+16
2.11500e-07 2.41767e+16
2.12500e-07 2.45170e+16
2.13500e-07 2.37069e+16
2.14500e-07 2.29451e+16
2.15500e-07 2.36794e+16
2.16500e-07 2.32345e+16
2.17500e-07 2.29321e+16
2.18500e-07 2.23140e+16
2.19500e-07 2.27226e+16
2.20500e-07 2.21620e+16
2.21500e-07 2.16714e+16
2.22500e-07 2.08660e+16
2.23500e-07 2.13237e+16
2.24500e-07 2.10445e+16
2.25500e-07 2.03159e+16
2.26500e-07 2.06311e+16
2.27500e-07 2.05768e+16
2.28500e-07 2.06006e+16
2.29500e-07 1.97534e+16
2.30500e-07 1.96597e+16
2.31500e-07 1.90072e+16
2.32500e-07 1.57170e+16
2.33500e-07 1.80149e+16
2.34500e-07 1.77739e+16
2.35500e-07 1.79405e+16
2.36500e-07 1.73957e+16
2.37500e-07 1.74092e+16
2.38500e-07 1.69237e+16
2.39500e-07 1.73469e+16
2.40500e-07 1.66760e+16
2.41500e-07 1.67397e+16
2.42500e-07 1.68332e+16
2.43500e-07 1.61367e+16
2.44500e-07 1.64638e+16
2.45500e-07 1.63112e+16
2.46500e-07 1.60228e+16
2.47500e-07 1.56938e+16
2.48500e-07 1.59642e+16
2.49500e-07 1.53566e+16
2.50500e-07 1.57278e+16
2.51300e-07 1.49328e+16
2.51800e-07 1.54256e+16
2.52500e-07 1.48952e+16
2.53500e-07 1.47345e+16
2.54500e-07 1.44189e+16
2.55500e-07 1.47096e+16
2.56500e-07 1.45333e+16
2.57500e-07 1.47030e+16
2.58500e-07 1.46566e+16
2.59500e-07 1.45321e+16
2.60500e-07 1.41759e+16
2.61500e-07 1.40732e+16
2.62500e-07 1.39585e+16
2.63500e-07 1.38826e+16
2.64500e-07 1.41074e+16
2.65500e-07 1.40008e+16
2.66500e-07 1.35771e+16
2.67500e-07 1.36843e+16
2.68500e-07 1.35470e+16
2.69500e-07 1.32444e+16
2.70500e-07 1.31884e+16
2.71500e-07 1.29498e+16
2.72500e-07 1.27555e+16
2.73500e-07 1.28916e+16
2.74500e-07 1.23088e+16
2.75500e-07 1.22593e+16
2.76500e-07 1.22566e+16
2.77500e-07 1.23890e+16
2.78500e-07 1.22453e+16
2.79500e-07 1.14793e+16
2.80500e-07 1.17764e+16
2.81500e-07 1.19876e+16
2.82500e-07 1.17863e+16
2.83500e-07 1.13025e+16
2.84500e-07 1.13386e+16
2.85500e-07 1.13407e+16
2.86500e-07 1.14237e+16
2.87500e-07 1.12277e+16
2.88500e-07 1.11391e+16
2.89500e-07 1.10641e+16
2.91000e-07 1.09419e+16
2.93000e-07 1.06864e+16
2.95000e-07 1.04186e+16
2.97000e-07 1.03129e+16
2.99000e-07 1.00886e+16
3.01000e-07 9.93543e+15
3.03000e-07 9.81906e+15
3.05000e-07 9.62186e+15
3.07000e-07 9.43415e+15
3.09000e-07 9.25481e+15
3.11000e-07 9.08397e+15
3.13000e-07 8.92903e+15
3.15000e-07 8.77044e+15
3.17000e-07 8.59377e+15
3.19000e-07 8.35529e+15
3.21000e-07 8.29903e+15
3.23000e-07 8.16624e+15
3.25000e-07 8.02253e+15
3.27000e-07 7.88911e+15
3.29000e-07 7.74685e+15
3.31000e-07 7.63013e+15
3.33000e-07 7.49289e+15
3.35000e-07 7.34830e+15
3.37000e-07 7.23480e+15
3.39000e-07 7.11494e+15
3.41000e-07 6.99738e+15
3.43000e-07 6.80138e+15
3.45000e-07 6.68477e+15
3.47000e-07 6.63265e+15
3.49000e-07 6.53087e+15
3.51000e-07 6.43861e+15
3.53000e-07 6.33502e+15
3.55000e-07 6.23246e+15
3.57000e-07 6.14981e+15
3.59000e-07 6.01016e+15
3.61000e-07 5.91889e+15
3.63000e-07 5.82497e+15
3.64000e-07 5.81291e+15
3.65000e-07 5.76810e+15
3.67000e-07 5.68974e+15
3.69000e-07 5.42653e+15
3.71000e-07 5.17768e+15
3.73000e-07 5.02943e+15
3.75000e-07 5.43269e+15
3.77000e-07 5.44915e+15
3.79000e-07 5.87778e+15
3.81000e-07 6.30233e+15
3.83000e-07 5.41767e+15
3.85000e-07 6.50144e+15
3.87000e-07 6.70281e+15
3.89000e-07 4.97524e+15
3.91000e-07 6.65484e+15
3.93000e-07 6.54874e+15
3.95000e-07 6.45192e+15
3.97000e-07 4.64839e+15
3.99000e-07 6.15875e+15
4.01000e-07 6.26849e+15
4.03000e-07 5.98514e+15
4.05000e-07 6.13357e+15
4.07000e-07 5.92402e+15
4.09000e-07 5.26379e+15
4.11000e-07 4.49299e+15
4.13000e-07 5.52764e+15
4.15000e-07 5.55520e+15
4.17000e-07 5.53042e+15
4.19000e-07 5.48247e+15
4.21000e-07 5.41138e+15
4.23000e-07 5.31085e+15
4.25000e-07 5.21364e+15
4.27000e-07 5.03123e+15
4.29000e-07 5.03130e+15
4.31000e-07 4.88798e+15
4.33000e-07 4.23269e+15
4.35000e-07 3.81837e+15
4.37000e-07 4.63118e+15
4.39000e-07 4.56582e+15
4.41000e-07 4.57777e+15
4.43000e-07 4.49391e+15
4.45000e-07 4.46255e+15
4.47000e-07 4.18269e+15
4.49000e-07 4.28846e+15
4.51000e-07 4.26922e+15
4.53000e-07 4.19067e+15
4.55000e-07 4.13116e+15
4.57000e-07 4.07307e+15
4.59000e-07 4.01137e+15
4.61000e-07 3.94119e+15
4.63000e-07 3.87452e+15
4.65000e-07 3.81199e+15
4.67000e-07 3.77250e+15
4.69000e-07 3.72738e+15
4.71000e-07 3.59271e+15
4.73000e-07 3.58934e+15
4.75000e-07 3.53613e+15
4.77000e-07 3.51896e+15
4.79000e-07 3.45663e+15
4.81000e-07 3.38219e+15
4.83000e-07 3.30563e+15
4.85000e-07 2.93809e+15
4.87000e-07 2.58377e+15
4.89000e-07 3.15049e+15
4.91000e-07 3.15300e+15
4.93000e-07 3.03974e+15
4.95000e-07 3.08411e+15
4.97000e-07 3.04790e+15
4.99000e-07 3.00112e+15
5.01000e-07 2.88430e+15
5.03000e-07 2.90936e+15
5.05000e-07 2.82313e+15
5.07000e-07 2.83725e+15
5.09000e-07 2.79711e+15
5.11000e-07 2.75275e+15
5.13000e-07 2.70614e+15
5.15000e-07 2.66740e+15
5.17000e-07 2.64822e+15
5.19000e-07 2.61246e+15
5.21000e-07 2.55719e+15
5.23000e-07 2.54194e+15
5.25000e-07 2.51003e+15
5.27000e-07 2.47338e+15
5.29000e-07 2.44704e+15
5.31000e-07 2.41208e+15
5.33000e-07 2.37929e+15
5.35000e-07 2.34232e+15
5.37000e-07 2.32150e+15
5.39000e-07 2.29082e+15
5.41000e-07 2.25950e+15
5.43000e-07 2.22474e+15
5.45000e-07 2.19842e+15
5.47000e-07 2.17004e+15
5.49000e-07 2.14638e+15
5.51000e-07 2.11792e+15
5.53000e-07 2.09154e+15
5.55000e-07 2.06720e+15
5.57000e-07 2.04024e+15
5.59000e-07 2.01554e+15
5.61000e-07 1.98875e+15
5.63000e-07 1.96727e+15
5.65000e-07 1.92882e+15
5.67000e-07 1.90528e+15
5.69000e-07 1.88609e+15
5.71000e-07 1.86828e+15
5.73000e-07 1.84654e+15
5.75000e-07 1.82357e+15
5.77000e-07 1.80315e+15
5.79000e-07 1.78060e+15
5.81000e-07 1.75865e+15
5.83000e-07 1.73707e+15
5.85000e-07 1.71674e+15
5.87000e-07 1.63837e+15
5.89000e-07 1.66559e+15
5.91000e-07 1.65445e+15
5.93000e-07 1.63516e+15
5.95000e-07 1.61099e+15
5.97000e-07 1.59768e+15
5.99000e-07 1.57464e+15
6.01000e-07 1.56105e+15
6.03000e-07 1.54190e+15
6.05000e-07 1.52432e+15
6.07000e-07 1.50652e+15
6.09000e-07 1.48841e+15
6.11000e-07 1.47212e+15
6.13000e-07 1.45541e+15
6.15000e-07 1.43222e+15
6.17000e-07 1.42087e+15
6.19000e-07 1.40571e+15
6.21000e-07 1.38953e+15
6.23000e-07 1.37335e+15
6.25000e-07 1.35483e+15
6.27000e-07 1.34199e+15
6.29000e-07 1.32708e+15
6.31000e-07 1.31083e+15
6.33000e-07 1.29758e+15
6.35000e-07 1.27344e+15
6.37000e-07 1.26277e+15
6.39000e-07 1.25395e+15
6.41000e-07 1.23871e+15
6.43000e-07 1.22755e+15
6.45000e-07 1.21298e+15
6.47000e-07 1.19838e+15
6.49000e-07 1.18475e+15
6.51000e-07 1.16868e+15
6.53000e-07 1.14837e+15
6.55000e-07 1.07322e+15
6.56125e-07 9.36046e+14
6.59000e-07 1.09190e+15
6.61000e-07 1.10565e+15
6.63000e-07 1.09796e+15
6.65000e-07 1.08847e+15
6.67000e-07 1.06552e+15
6.69000e-07 1.05411e+15
6.71000e-07 1.05403e+15
6.73000e-07 1.04287e+15
6.75000e-07 1.03215e+15
6.77000e-07 1.02170e+15
6.79000e-07 1.00687e+15
6.81000e-07 9.99419e+14
6.83000e-07 9.88971e+14
6.85000e-07 9.79270e+14
6.87000e-07 9.69267e+14
6.89000e-07 9.59045e+14
6.91000e-07 9.49162e+14
6.93000e-07 9.38200e+14
6.95000e-07 9.29766e+14
6.97000e-07 9.20406e+14
6.99000e-07 9.10751e+14
7.01000e-07 9.01269e+14
7.03000e-07 8.92108e+14
7.05000e-07 8.82278e+14
7.07000e-07 8.60335e+14
7.09000e-07 8.65681e+14
7.11000e-07 8.54856e+14
7.13000e-07 8.46510e+14
7.15000e-07 8.39275e+14
7.17000e-07 8.31082e+14
7.19000e-07 8.23185e+14
7.21000e-07 8.15001e+14
7.23000e-07 7.98823e+14
7.25000e-07 7.98364e+14
7.27000e-07 7.91055e+14
7.29000e-07 7.76867e+14
7.31000e-07 7.75371e+14
7.33000e-07 7.67920e+14
7.35000e-07 7.60539e+14
7.37000e-07 7.53088e+14
7.39000e-07 7.45775e+14
7.41000e-07 7.38530e+14
7.43000e-07 7.30533e+14
7.45000e-07 7.24036e+14
7.47000e-07 7.16451e+14
7.49000e-07 7.09944e+14
7.51000e-07 7.03162e+14
7.53000e-07 6.96708e+14
7.55000e-07 6.90180e+14
7.57000e-07 6.83645e+14
7.59000e-07 6.76973e+14
7.61000e-07 6.70817e+14
7.63000e-07 6.64458e+14
7.65000e-07 6.58156e+14
7.67000e-07 6.52038e+14
7.69000e-07 6.45848e+14
7.71000e-07 6.39840e+14
7.73000e-07 6.33885e+14
7.75000e-07 6.27921e+14
7.77000e-07 6.17079e+14
7.79000e-07 6.16442e+14
7.81000e-07 6.10379e+14
7.83000e-07 6.05188e+14
7.85000e-07 5.98550e+14
7.87000e-07 5.92605e+14
7.89000e-07 5.86136e+14
7.91000e-07 5.82773e+14
7.93000e-07 5.77554e+14
7.95000e-07 5.70968e+14
7.97000e-07 5.66914e+14
7.99000e-07 5.60279e+14
8.01000e-07 5.56716e+14
8.03000e-07 5.52100e+14
8.05000e-07 5.47122e+14
8.07000e-07 5.42684e+14
8.09000e-07 5.36884e+14
8.11000e-07 5.32240e+14
8.13000e-07 5.28194e+14
8.15000e-07 5.22775e+14
8.17000e-07 5.19027e+14
8.19000e-07 5.13940e+14
8.21000e-07 5.06666e+14
8.23000e-07 5.02582e+14
8.25000e-07 5.00077e+14
8.27000e-07 4.94235e+14
8.29000e-07 4.91277e+14
8.31000e-07 4.87240e+14
8.33000e-07 4.82862e+14
8.35000e-07 4.77780e+14
8.37000e-07 4.72655e+14
8.39000e-07 4.69301e+14
8.41000e-07 4.65027e+14
8.43000e-07 4.57262e+14
8.45000e-07 4.49718e+14
8.47000e-07 4.47802e+14
8.49000e-07 4.43206e+14
8.51000e-07 4.36917e+14
8.53000e-07 4.37760e+14
8.55000e-07 4.22418e+14
8.57000e-07 4.38069e+14
8.59000e-07 4.15854e+14
8.61000e-07 4.13279e+14
8.63000e-07 4.33799e+14
8.65000e-07 4.16298e+14
8.67000e-07 3.86454e+14
8.69000e-07 4.19982e+14
8.71000e-07 4.27342e+14
8.73000e-07 4.09810e+14
8.75000e-07 3.66557e+14
8.77000e-07 3.94418e+14
8.79000e-07 4.14533e+14
8.81000e-07 4.14220e+14
8.83000e-07 4.05973e+14
8.85000e-07 3.74915e+14
8.87000e-07 3.45645e+14
8.89000e-07 3.88537e+14
8.91000e-07 3.97178e+14
8.93000e-07 3.96072e+14
8.95000e-07 3.94294e+14
8.97000e-07 3.88787e+14
8.99000e-07 3.72278e+14
9.01000e-07 3.27311e+14
9.03000e-07 3.42694e+14
9.05000e-07 3.70528e+14
9.07000e-07 3.70855e+14
9.09000e-07 3.71259e+14
9.11000e-07 3.70361e+14
9.13000e-07 3.67669e+14
9.15000e-07 3.64592e+14
9.17000e-07 3.59473e+14
9.19000e-07 3.53481e+14
9.21000e-07 3.33378e+14
9.23000e-07 2.90093e+14
9.25000e-07 3.25323e+14
9.27000e-07 3.38502e+14
9.29000e-07 3.43083e+14
9.31000e-07 3.40603e+14
9.33000e-07 3.39399e+14
9.35000e-07 3.37341e+14
9.37000e-07 3.35014e+14
9.39000e-07 3.32196e+14
9.41000e-07 3.27811e+14
9.43000e-07 3.27037e+14
9.45000e-07 3.23886e+14
9.47000e-07 3.19083e+14
9.49000e-07 3.16899e+14
9.51000e-07 3.08365e+14
9.53000e-07 2.89489e+14
9.55000e-07 2.56153e+14
9.57000e-07 2.91467e+14
9.59000e-07 3.02066e+14
9.61000e-07 3.02120e+14
9.63000e-07 2.98985e+14
9.65000e-07 2.99896e+14
9.67000e-07 2.97649e+14
9.69000e-07 2.95326e+14
9.71000e-07 2.92517e+14
9.73000e-07 2.91148e+14
9.75000e-07 2.88838e+14
9.77000e-07 2.86744e+14
9.79000e-07 2.84536e+14
9.81000e-07 2.82336e+14
9.83000e-07 2.80077e+14
9.85000e-07 2.78075e+14
9.87000e-07 2.75878e+14
9.89000e-07 2.73585e+14
9.91000e-07 2.70686e+14
9.93000e-07 2.69693e+14
9.95000e-07 2.67194e+14
9.97000e-07 2.64660e+14
9.99000e-07 2.61842e+14
1.00250e-06 2.44195e+14
1.00750e-06 2.35171e+14
1.01250e-06 2.48461e+14
1.01750e-06 2.45989e+14
1.02250e-06 2.41654e+14
1.02750e-06 2.37366e+14
1.03250e-06 2.32147e+14
1.03750e-06 2.28914e+14
1.04250e-06 2.24838e+14
1.04750e-06 2.20801e+14
1.05250e-06 2.16841e+14
1.05750e-06 2.13050e+14
1.06250e-06 2.09351e+14
1.06750e-06 2.05015e+14
1.07250e-06 2.02040e+14
1.07750e-06 1.98550e+14
1.08250e-06 1.92672e+14
1.08750e-06 1.90175e+14
1.09250e-06 1.69453e+14
1.09750e-06 1.78087e+14
1.10250e-06 1.80647e+14
1.10750e-06 1.79047e+14
1.11250e-06 1.76102e+14
1.11750e-06 1.73139e+14
1.12250e-06 1.70171e+14
1.12750e-06 1.66922e+14
1.13250e-06 1.64300e+14
1.13750e-06 1.61956e+14
1.14250e-06 1.59258e+14
1.14750e-06 1.56708e+14
1.15250e-06 1.54157e+14
1.15750e-06 1.51633e+14
1.16250e-06 1.49111e+14
1.16750e-06 1.46742e+14
1.17250e-06 1.44449e+14
1.17750e-06 1.41915e+14
1.18250e-06 1.39901e+14
1.18750e-06 1.37660e+14
1.19250e-06 1.35546e+14
1.19750e-06 1.32646e+14
1.20250e-06 1.31337e+14
1.20750e-06 1.29290e+14
1.21250e-06 1.27280e+14
1.21750e-06 1.25320e+14
1.22250e-06 1.23394e+14
1.22750e-06 1.21498e+14
1.23250e-06 1.19639e+14
1.23750e-06 1.17828e+14
1.24250e-06 1.16057e+14
1.24750e-06 1.14194e+14
1.25250e-06 1.12364e+14
1.25750e-06 1.10829e+14
1.26250e-06 1.09220e+14
1.26750e-06 1.07603e+14
1.27250e-06 1.05659e+14
1.27750e-06 1.01754e+14
1.28250e-06 9.27530e+13
1.28750e-06 9.99929e+13
1.29250e-06 9.96830e+13
1.29750e-06 9.80368e+13
1.30250e-06 9.70724e+13
1.30750e-06 9.56725e+13
1.31250e-06 9.42998e+13
1.31750e-06 9.29018e+13
1.32250e-06 9.16234e+13
1.32750e-06 9.03209e+13
1.33250e-06 8.90418e+13
1.33750e-06 8.77855e+13
1.34250e-06 8.64786e+13
1.34750e-06 8.53297e+13
1.35250e-06 8.41315e+13
1.35750e-06 8.29692e+13
1.36250e-06 8.18154e+13
1.36750e-06 8.06763e+13
1.37250e-06 7.95716e+13
1.37750e-06 7.84907e+13
1.38250e-06 7.74174e+13
1.38750e-06 7.63634e+13
1.39250e-06 7.53050e+13
1.39750e-06 7.42965e+13
1.40250e-06 7.33042e+13
1.40750e-06 7.23165e+13
1.41250e-06 7.13447e+13
1.41750e-06 7.03979e+13
1.42250e-06 6.94608e+13
1.42750e-06 6.85406e+13
1.43250e-06 6.76334e+13
1.43750e-06 6.67426e+13
1.44250e-06 6.58335e+13
1.44750e-06 6.49929e+13
1.45250e-06 6.41426e+13
1.45700e-06 6.34063e+13
1.46200e-06 6.25944e+13
1.46750e-06 6.17185e+13
1.47250e-06 6.09283e+13
1.47750e-06 6.01421e+13
1.48250e-06 5.93908e+13
1.48750e-06 5.86364e+13
1.49250e-06 5.78958e+13
1.49750e-06 5.71503e+13
1.50250e-06 5.64235e+13
1.50750e-06 5.56105e+13
1.51250e-06 5.49421e+13
1.51750e-06 5.42011e+13
1.52250e-06 5.34881e+13
1.52750e-06 5.27801e+13
1.53250e-06 5.20288e+13
1.53750e-06 5.14344e+13
1.54250e-06 5.06122e+13
1.54750e-06 5.01582e+13
1.55250e-06 4.94621e+13
1.55750e-06 4.85766e+13
1.56250e-06 4.86273e+13
1.56750e-06 4.74620e+13
1.57250e-06 4.66732e+13
1.57750e-06 4.70378e+13
1.58250e-06 4.63259e+13
1.58750e-06 4.44275e+13
1.59250e-06 4.48932e+13
1.59750e-06 4.51145e+13
1.60500e-06 4.38164e+13
1.61500e-06 4.20680e+13
1.62500e-06 4.23236e+13
1.63500e-06 4.06829e+13
1.64500e-06 3.90301e+13
1.65500e-06 3.95185e+13
1.66500e-06 3.86539e+13
1.67500e-06 3.70067e+13
1.68500e-06 3.54290e+13
1.69500e-06 3.60520e+13
1.70500e-06 3.51716e+13
1.71500e-06 3.45385e+13
1.72500e-06 3.36365e+13
1.73500e-06 3.12062e+13
1.74500e-06 3.19643e+13
1.75500e-06 3.15962e+13
1.76500e-06 3.09296e+13
1.77500e-06 3.02592e+13
1.78500e-06 2.96042e+13
1.79500e-06 2.89888e+13
1.80500e-06 2.82557e+13
1.81500e-06 2.62961e+13
1.82500e-06 2.67315e+13
1.83500e-06 2.65998e+13
1.84500e-06 2.60721e+13
1.85500e-06 2.55104e+13
1.86500e-06 2.47697e+13
1.87500e-06 2.31442e+13
1.88500e-06 2.38906e+13
1.89500e-06 2.35090e+13
1.90500e-06 2.29805e+13
1.91500e-06 2.25840e+13
1.92500e-06 2.21273e+13
1.93500e-06 2.15460e+13
1.94500e-06 1.99756e+13
1.95500e-06 2.06846e+13
1.96500e-06 2.04453e+13
1.97500e-06 2.00475e+13
1.98500e-06 1.96606e+13
1.99500e-06 1.92822e+13
2.00500e-06 1.89132e+13
2.01500e-06 1.85525e+13
2.02500e-06 1.82007e+13
2.03500e-06 1.78566e+13
2.04500e-06 1.75167e+13
2.05500e-06 1.71611e+13
2.06500e-06 1.68734e+13
2.07500e-06 1.65615e+13
2.08500e-06 1.62557e+13
2.09500e-06 1.59567e+13
2.10500e-06 1.56660e+13
2.11500e-06 1.53304e+13
2.12500e-06 1.51013e+13
2.13500e-06 1.48280e+13
2.14500e-06 1.45574e+13
2.15500e-06 1.42174e+13
2.16500e-06 1.32078e+13
2.17500e-06 1.36624e+13
2.18500e-06 1.35408e+13
2.19500e-06 1.33176e+13
2.20500e-06 1.30871e+13
2.21500e-06 1.28586e+13
2.22500e-06 1.26345e+13
2.23500e-06 1.24184e+13
2.24500e-06 1.22056e+13
2.25500e-06 1.19968e+13
2.26500e-06 1.17920e+13
2.27500e-06 1.15924e+13
2.28500e-06 1.14125e+13
2.29500e-06 1.12775e+13
2.30500e-06 1.10863e+13
2.31500e-06 1.09029e+13
2.32500e-06 1.07208e+13
2.33500e-06 1.05200e+13
2.34500e-06 1.03380e+13
2.35500e-06 1.01600e+13
2.36500e-06 9.98871e+12
2.37500e-06 9.81728e+12
2.38500e-06 9.65499e+12
2.39500e-06 9.49506e+12
2.40500e-06 9.33094e+12
2.41500e-06 9.17825e+12
2.42500e-06 9.02968e+12
2.43500e-06 8.88768e+12
2.44500e-06 8.73446e+12
2.45500e-06 8.60594e+12
2.46500e-06 8.45814e+12
2.47500e-06 8.32474e+12
2.48500e-06 8.21517e+12
2.49500e-06 8.05322e+12
2.50500e-06 8.01247e+12
2.51500e-06 7.85418e+12
2.52500e-06 7.66446e+12
2.53500e-06 7.59942e+12
2.54500e-06 7.51015e+12
2.55500e-06 7.36376e+12
2.56500e-06 7.17762e+12
2.57500e-06 7.15550e+12
2.58500e-06 7.07431e+12
2.59500e-06 6.96227e+12
2.60500e-06 6.79900e+12
2.61500e-06 6.59119e+12
2.62500e-06 6.27098e+12
2.63500e-06 6.50453e+12
2.64500e-06 6.46675e+12
2.65500e-06 6.36950e+12
2.66500e-06 6.24275e+12
2.67500e-06 6.02084e+12
2.68500e-06 6.06126e+12
2.69500e-06 6.02051e+12
2.70500e-06 5.94261e+12
2.71500e-06 5.85803e+12
2.72500e-06 5.77402e+12
2.73500e-06 5.68856e+12
2.74500e-06 5.58069e+12
2.75500e-06 5.35263e+12
2.76500e-06 5.35883e+12
2.77500e-06 5.36235e+12
2.78500e-06 5.30302e+12
2.79500e-06 5.22946e+12
2.80500e-06 5.15680e+12
2.81500e-06 5.08553e+12
2.82500e-06 5.01560e+12
2.83500e-06 4.94653e+12
2.84500e-06 4.87924e+12
2.85500e-06 4.79936e+12
2.86500e-06 4.67596e+12
2.87500e-06 4.48551e+12
2.88500e-06 4.58781e+12
2.89500e-06 4.55303e+12
2.90500e-06 4.49674e+12
2.91500e-06 4.43623e+12
2.92500e-06 4.37750e+12
2.93500e-06 4.31934e+12
2.94500e-06 4.26226e+12
2.95500e-06 4.20619e+12
2.96500e-06 4.15087e+12
2.97500e-06 4.09654e+12
2.98500e-06 4.04305e+12
2.99500e-06 3.99043e+12
3.00500e-06 3.93864e+12
3.01500e-06 3.88524e+12
3.02500e-06 3.81781e+12
3.03500e-06 3.64055e+12
3.04500e-06 3.64166e+12
3.05500e-06 3.67736e+12
3.06500e-06 3.64510e+12
3.07500e-06 3.59848e+12
3.08500e-06 3.55243e+12
3.09500e-06 3.50867e+12
3.10500e-06 3.46461e+12
3.11500e-06 3.42113e+12
3.12500e-06 3.37828e+12
3.13500e-06 3.33645e+12
3.14500e-06 3.29504e+12
3.15500e-06 3.25432e+12
3.16500e-06 3.21412e+12
3.17500e-06 3.17465e+12
3.18500e-06 3.13577e+12
3.19500e-06 3.09743e+12
3.21000e-06 3.04105e+12
3.23000e-06 2.96787e+12
3.25000e-06 2.89686e+12
3.27000e-06 2.82492e+12
3.29000e-06 2.66772e+12
3.31000e-06 2.67471e+12
3.33000e-06 2.64009e+12
3.35000e-06 2.57916e+12
3.37000e-06 2.51938e+12
3.39000e-06 2.46161e+12
3.41000e-06 2.40522e+12
3.43000e-06 2.35025e+12
3.45000e-06 2.29425e+12
3.47000e-06 2.24066e+12
3.49000e-06 2.18984e+12
3.51000e-06 2.14099e+12
3.53000e-06 2.09333e+12
3.55000e-06 2.04626e+12
3.57000e-06 2.00099e+12
3.59000e-06 1.95786e+12
3.61000e-06 1.91480e+12
3.63000e-06 1.87409e+12
3.65000e-06 1.83251e+12
3.67000e-06 1.79576e+12
3.69000e-06 1.75346e+12
3.71000e-06 1.71769e+12
3.73000e-06 1.65518e+12
3.75000e-06 1.60682e+12
3.77000e-06 1.61473e+12
3.79000e-06 1.58502e+12
3.81000e-06 1.54449e+12
3.83000e-06 1.51407e+12
3.85000e-06 1.49134e+12
3.87000e-06 1.46176e+12
3.89000e-06 1.42670e+12
3.91000e-06 1.38885e+12
3.93000e-06 1.37329e+12
3.95000e-06 1.34833e+12
3.97000e-06 1.32195e+12
3.99000e-06 1.29602e+12
4.01000e-06 1.25932e+12
4.03000e-06 1.23010e+12
4.05000e-06 1.18225e+12
4.07000e-06 1.19552e+12
4.09000e-06 1.17545e+12
4.11000e-06 1.15307e+12
4.13000e-06 1.13048e+12
4.15000e-06 1.10621e+12
4.17000e-06 1.06876e+12
4.19000e-06 1.06441e+12
4.21000e-06 1.04867e+12
4.23000e-06 1.02926e+12
4.25000e-06 1.00992e+12
4.27000e-06 9.91720e+11
4.29000e-06 9.72301e+11
4.31000e-06 9.55855e+11
4.33000e-06 9.38546e+11
4.35000e-06 9.19981e+11
4.37000e-06 8.86289e+11
4.39000e-06 8.80871e+11
4.41000e-06 8.72725e+11
4.43000e-06 8.57606e+11
4.45000e-06 8.42476e+11
4.47000e-06 8.28902e+11
4.49000e-06 8.14395e+11
4.51000e-06 8.00206e+11
4.53000e-06 7.86308e+11
4.55000e-06 7.72750e+11
4.57000e-06 7.59453e+11
4.59000e-06 7.46466e+11
4.61000e-06 7.33550e+11
4.63000e-06 7.18861e+11
4.65000e-06 6.80598e+11
4.67000e-06 6.74435e+11
4.69000e-06 6.80136e+11
4.71000e-06 6.73761e+11
4.73000e-06 6.62822e+11
4.75000e-06 6.51808e+11
4.77000e-06 6.41105e+11
4.79000e-06 6.30574e+11
4.81000e-06 6.20261e+11
4.83000e-06 6.10161e+11
4.85000e-06 6.00270e+11
4.87000e-06 5.90569e+11
4.89000e-06 5.81053e+11
4.91000e-06 5.71750e+11
4.93000e-06 5.62610e+11
4.95000e-06 5.53676e+11
4.97000e-06 5.44897e+11
4.99000e-06 5.36302e+11
5.01000e-06 5.27871e+11
5.03000e-06 5.19602e+11
5.05000e-06 5.11505e+11
5.07000e-06 5.03550e+11
5.09000e-06 4.95718e+11
5.11000e-06 4.84949e+11
5.13000e-06 4.63625e+11
5.15000e-06 4.71039e+11
5.17000e-06 4.66049e+11
5.19000e-06 4.58981e+11
5.21000e-06 4.52036e+11
5.23000e-06 4.45225e+11
5.25000e-06 4.38531e+11
5.27000e-06 4.31967e+11
5.29000e-06 4.25543e+11
5.31000e-06 4.19217e+11
5.33000e-06 4.13014e+11
5.35000e-06 4.06931e+11
5.37000e-06 4.00953e+11
5.39000e-06 3.95078e+11
5.41000e-06 3.89330e+11
5.43000e-06 3.83670e+11
5.45000e-06 3.78119e+11
5.47000e-06 3.72665e+11
5.49000e-06 3.67305e+11
5.51000e-06 3.62050e+11
5.53000e-06 3.56886e+11
5.55000e-06 3.51811e+11
5.57000e-06 3.46824e+11
5.59000e-06 3.41923e+11
5.61000e-06 3.37108e+11
5.63000e-06 3.32387e+11
5.65000e-06 3.27737e+11
5.67000e-06 3.23179e+11
5.69000e-06 3.18689e+11
5.71000e-06 3.14288e+11
5.73000e-06 3.09952e+11
5.75000e-06 3.05703e+11
5.77000e-06 3.01516e+11
5.79000e-06 2.97403e+11
5.81000e-06 2.93350e+11
5.83000e-06 2.89379e+11
5.85000e-06 2.85709e+11
5.87000e-06 2.81699e+11
5.89000e-06 2.75879e+11
5.91000e-06 2.63262e+11
5.93000e-06 2.69288e+11
5.95000e-06 2.67109e+11
5.97000e-06 2.63578e+11
5.99000e-06 2.60099e+11
6.01000e-06 2.56681e+11
6.03000e-06 2.53313e+11
6.05000e-06 2.50004e+11
6.07000e-06 2.46744e+11
6.09000e-06 2.43541e+11
6.11000e-06 2.40386e+11
6.13000e-06 2.37286e+11
6.15000e-06 2.34241e+11
6.17000e-06 2.31230e+11
6.19000e-06 2.28274e+11
6.21000e-06 2.25370e+11
6.23000e-06 2.22508e+11
6.25000e-06 2.19688e+11
6.27000e-06 2.16918e+11
6.29000e-06 2.14188e+11
6.31000e-06 2.11499e+11
6.33000e-06 2.08858e+11
6.35000e-06 2.06255e+11
6.37000e-06 2.03690e+11
6.39000e-06 2.01171e+11
6.42000e-06 1.97458e+11
6.46000e-06 1.92637e+11
6.50000e-06 1.87964e+11
6.54000e-06 1.83434e+11
6.58000e-06 1.79044e+11
6.62000e-06 1.74773e+11
6.66000e-06 1.70633e+11
6.70000e-06 1.66621e+11
6.74000e-06 1.62717e+11
6.78000e-06 1.58934e+11
6.82000e-06 1.55253e+11
6.86000e-06 1.51678e+11
6.90000e-06 1.48215e+11
6.94000e-06 1.44838e+11
6.98000e-06 1.41567e+11
7.02000e-06 1.38383e+11
7.06000e-06 1.35285e+11
7.10000e-06 1.32278e+11
7.14000e-06 1.29344e+11
7.18000e-06 1.26504e+11
7.22000e-06 1.23733e+11
7.26000e-06 1.21044e+11
7.30000e-06 1.18420e+11
7.34000e-06 1.15867e+11
7.38000e-06 1.13390e+11
7.42000e-06 1.10734e+11
7.46000e-06 1.05671e+11
7.50000e-06 1.03254e+11
7.54000e-06 1.03878e+11
7.58000e-06 1.01932e+11
7.62000e-06 9.98202e+10
7.66000e-06 9.77595e+10
7.70000e-06 9.57489e+10
7.74000e-06 9.37934e+10
7.78000e-06 9.18853e+10
7.82000e-06 9.00298e+10
7.86000e-06 8.82194e+10
7.90000e-06 8.64530e+10
7.94000e-06 8.47296e+10
7.98000e-06 8.30482e+10
8.02000e-06 8.14077e+10
8.06000e-06 7.98130e+10
8.10000e-06 7.82515e+10
8.14000e-06 7.67282e+10
8.18000e-06 7.52420e+10
8.22000e-06 7.37923e+10
8.26000e-06 7.23781e+10
8.30000e-06 7.09986e+10
8.34000e-06 6.96476e+10
8.38000e-06 6.83351e+10
8.42000e-06 6.70497e+10
8.46000e-06 6.57908e+10
8.50000e-06 6.45682e+10
8.54000e-06 6.33707e+10
8.58000e-06 6.21978e+10
8.62000e-06 6.10541e+10
8.66000e-06 5.99388e+10
8.70000e-06 5.88464e+10
8.74000e-06 5.77764e+10
8.78000e-06 5.67331e+10
8.82000e-06 5.57160e+10
8.86000e-06 5.47150e+10
8.90000e-06 5.37392e+10
8.94000e-06 5.27880e+10
8.98000e-06 5.18562e+10
9.02000e-06 5.09436e+10
9.06000e-06 5.00495e+10
9.10000e-06 4.91783e+10
9.14000e-06 4.83249e+10
9.18000e-06 4.74890e+10
9.22000e-06 4.66745e+10
9.26000e-06 4.58723e+10
9.30000e-06 4.50909e+10
9.34000e-06 4.43212e+10
9.38000e-06 4.35715e+10
9.42000e-06 4.28371e+10
9.46000e-06 4.21178e+10
9.50000e-06 4.14157e+10
9.54000e-06 4.07264e+10
9.58000e-06 4.00512e+10
9.62000e-06 3.93900e+10
9.66000e-06 3.87426e+10
9.70000e-06 3.81079e+10
9.74000e-06 3.74866e+10
9.78000e-06 3.68777e+10
9.82000e-06 3.62809e+10
9.86000e-06 3.56965e+10
9.90000e-06 3.51235e+10
9.94000e-06 3.45622e+10
9.98000e-06 3.40119e+10
1.00200e-05 3.34722e+10
2.00000e-05 2.09406e+09
4.00000e-05 1.28865e+08
6.00000e-05 2.52043e+07
8.00000e-05 7.91840e+06
1.00000e-04 3.22508e+06
1.20000e-04 1.54773e+06
1.40000e-04 8.31690e+05
1.60000e-04 4.85511e+05
