9.09000e-09 0.00000e+00
9.35000e-09 0.00000e+00
9.61000e-09 0.00000e+00
9.77000e-09 0.00000e+00
9.96000e-09 0.00000e+00
1.02000e-08 0.00000e+00
1.03800e-08 0.00000e+00
1.05600e-08 0.00000e+00
1.07700e-08 0.00000e+00
1.10400e-08 0.00000e+00
1.14000e-08 0.00000e+00
1.17800e-08 0.00000e+00
1.21300e-08 0.00000e+00
1.24800e-08 0.00000e+00
1.27100e-08 0.00000e+00
1.28400e-08 0.00000e+00
1.30500e-08 0.00000e+00
1.32400e-08 0.00000e+00
1.33900e-08 0.00000e+00
1.36600e-08 0.00000e+00
1.39800e-08 0.00000e+00
1.43300e-08 0.00000e+00
1.47200e-08 0.00000e+00
1.51000e-08 0.00000e+00
1.55200e-08 0.00000e+00
1.58800e-08 0.00000e+00
1.62000e-08 0.00000e+00
1.66000e-08 0.00000e+00
1.70300e-08 0.00000e+00
1.73400e-08 0.00000e+00
1.76800e-08 0.00000e+00
1.80200e-08 0.00000e+00
1.81700e-08 0.00000e+00
1.86100e-08 0.00000e+00
1.91000e-08 0.00000e+00
1.93900e-08 0.00000e+00
1.98400e-08 0.00000e+00
2.01800e-08 0.00000e+00
2.05000e-08 0.00000e+00
2.10500e-08 0.00000e+00
2.16200e-08 0.00000e+00
2.19800e-08 0.00000e+00
2.23000e-08 0.00000e+00
2.26800e-08 0.00000e+00
2.30000e-08 0.00000e+00
2.34000e-08 0.00000e+00
2.40000e-08 0.00000e+00
2.46500e-08 0.00000e+00
2.52400e-08 0.00000e+00
2.56800e-08 0.00000e+00
2.60000e-08 0.00000e+00
2.64000e-08 0.00000e+00
2.68500e-08 0.00000e+00
2.73500e-08 0.00000e+00
2.78500e-08 0.00000e+00
2.84000e-08 0.00000e+00
2.90000e-08 0.00000e+00
2.96000e-08 0.00000e+00
3.01000e-08 0.00000e+00
3.08000e-08 0.00000e+00
3.18000e-08 0.00000e+00
3.28000e-08 0.00000e+00
3.38000e-08 0.00000e+00
3.48000e-08 0.00000e+00
3.57000e-08 0.00000e+00
3.66000e-08 0.00000e+00
3.75000e-08 0.00000e+00
3.85000e-08 0.00000e+00
3.95000e-08 0.00000e+00
4.05000e-08 0.00000e+00
4.14000e-08 0.00000e+00
4.22000e-08 0.00000e+00
4.30000e-08 0.00000e+00
4.41000e-08 0.00000e+00
4.51000e-08 0.00000e+00
4.60000e-08 0.00000e+00
4.70000e-08 0.00000e+00
4.80000e-08 0.00000e+00
4.90000e-08 0.00000e+00
5.00000e-08 0.00000e+00
5.06000e-08 1.26489e-04
5.12000e-08 2.40142e-04
5.20000e-08 4.80178e-04
5.30000e-08 1.10661e-03
5.40000e-08 2.43544e-03
5.50000e-08 5.23138e-03
5.60000e-08 1.08740e-02
5.70000e-08 2.19591e-02
5.80000e-08 4.28895e-02
5.90000e-08 8.27151e-02
6.00000e-08 1.54690e-01
6.10000e-08 2.83019e-01
6.20000e-08 5.06254e-01
6.30000e-08 8.87039e-01
6.40000e-08 1.52421e+00
6.50000e-08 2.57229e+00
6.58000e-08 3.85846e+00
6.65000e-08 5.44550e+00
6.75000e-08 8.80092e+00
6.85000e-08 1.40078e+01
6.95000e-08 2.19436e+01
7.05000e-08 3.37464e+01
7.16000e-08 5.37455e+01
7.26000e-08 8.06459e+01
7.35000e-08 1.14959e+02
7.45000e-08 1.68408e+02
7.55000e-08 2.44018e+02
7.65000e-08 3.49748e+02
7.75000e-08 4.95769e+02
7.85000e-08 6.96147e+02
7.95000e-08 9.56929e+02
8.05000e-08 1.32490e+03
8.15000e-08 1.81325e+03
8.25000e-08 2.45192e+03
8.35000e-08 3.28698e+03
8.45000e-08 4.37145e+03
8.55000e-08 5.76826e+03
8.65000e-08 7.55248e+03
8.75000e-08 9.78601e+03
8.85000e-08 1.26681e+04
8.95000e-08 1.62431e+04
9.05000e-08 2.06013e+04
9.15000e-08 1.03512e+07
9.25000e-08 3.01710e+07
9.35000e-08 3.99106e+07
9.45000e-08 5.16144e+07
9.55000e-08 7.02880e+07
9.65000e-08 8.95358e+07
9.75000e-08 1.06913e+08
9.85000e-08 1.36982e+08
9.95000e-08 1.63904e+08
1.00500e-07 2.14757e+08
1.01500e-07 2.64601e+08
1.02500e-07 2.83807e+08
1.03500e-07 3.89488e+08
1.04500e-07 4.77216e+08
1.05500e-07 5.74763e+08
1.06500e-07 6.74327e+08
1.07500e-07 8.19035e+08
1.08500e-07 9.78160e+08
1.09500e-07 1.13406e+09
1.10500e-07 4.87487e+09
1.11500e-07 8.70141e+09
1.12500e-07 1.15604e+10
1.13500e-07 1.45694e+10
1.14500e-07 1.74905e+10
1.15500e-07 1.84106e+10
1.16500e-07 2.37576e+10
1.17500e-07 2.72051e+10
1.18500e-07 2.71852e+10
1.19500e-07 1.78667e+10
1.20500e-07 1.82786e+10
1.21500e-07 5.14225e+09
1.22500e-07 2.15398e+10
1.23500e-07 4.41611e+10
1.24500e-07 1.01630e+11
1.25500e-07 1.57215e+11
1.26500e-07 1.56655e+11
1.27500e-07 2.28855e+11
1.28500e-07 3.12660e+11
1.29500e-07 3.75018e+11
1.30500e-07 3.33898e+11
1.31500e-07 4.88706e+11
1.32500e-07 5.72555e+11
1.33500e-07 6.38924e+11
1.34500e-07 8.08429e+11
1.35500e-07 8.28180e+11
1.36500e-07 9.26831e+11
1.37500e-07 1.02409e+12
1.38500e-07 1.04938e+12
1.39500e-07 1.22000e+12
1.40500e-07 1.35736e+12
1.41500e-07 1.44760e+12
1.42500e-07 1.61792e+12
1.43500e-07 1.64005e+12
1.44200e-07 2.04240e+12
1.44700e-07 2.32266e+12
1.45500e-07 2.75008e+12
1.46500e-07 2.53134e+12
1.47500e-07 2.81194e+12
1.48500e-07 3.24621e+12
1.49500e-07 3.80367e+12
1.50500e-07 4.35738e+12
1.51200e-07 4.23787e+12
1.51700e-07 4.05217e+12
1.52500e-07 1.39730e+13
1.53500e-07 1.99220e+13
1.54500e-07 3.04916e+13
1.55500e-07 2.66279e+13
1.56500e-07 2.32032e+13
1.57500e-07 4.61743e+13
1.58500e-07 5.40587e+13
1.59500e-07 6.65595e+13
1.60500e-07 6.14594e+13
1.61500e-07 5.80545e+13
1.62500e-07 4.16003e+13
1.63500e-07 5.61271e+13
1.64500e-07 8.57548e+13
1.65500e-07 4.25816e+13
1.66500e-07 8.67497e+13
1.67200e-07 4.38075e+13
1.67700e-07 1.73139e+14
1.68500e-07 1.87090e+14
1.69500e-07 1.34287e+14
1.70500e-07 1.47503e+14
1.71500e-07 1.85981e+14
1.72500e-07 1.89490e+14
1.73500e-07 2.21491e+14
1.74500e-07 2.14580e+14
1.75500e-07 2.51196e+14
1.76500e-07 1.81882e+14
1.77500e-07 2.32941e+14
1.78500e-07 2.32454e+14
1.79500e-07 2.94355e+14
1.80500e-07 2.62958e+14
1.81500e-07 2.72167e+14
1.82500e-07 2.51174e+14
1.83500e-07 2.27455e+14
1.84500e-07 1.90367e+14
1.85500e-07 2.27088e+14
1.86500e-07 2.62340e+14
1.87500e-07 2.50377e+14
1.88500e-07 2.57524e+14
1.89500e-07 2.79100e+14
1.90500e-07 2.56671e+14
1.91500e-07 2.82094e+14
1.92500e-07 2.72085e+14
1.93500e-07 1.99663e+14
1.94500e-07 2.99122e+14
1.95500e-07 3.01668e+14
1.96700e-07 3.36508e+14
1.97600e-07 3.26252e+14
1.98400e-07 3.17166e+14
1.99500e-07 3.07649e+14
2.00500e-07 2.82321e+14
2.01500e-07 2.81771e+14
2.02500e-07 2.58444e+14
2.03500e-07 2.97083e+14
2.04500e-07 3.27354e+14
2.05500e-07 3.14122e+14
2.06500e-07 2.99001e+14
2.07400e-07 3.49179e+14
2.07800e-07 3.66795e+14
2.08500e-07 3.53971e+14
2.09500e-07 3.33056e+14
2.10500e-07 3.00048e+14
2.11500e-07 3.08469e+14
2.12500e-07 3.20990e+14
2.13500e-07 2.57243e+14
2.14500e-07 3.07401e+14
2.15500e-07 3.05836e+14
2.16500e-07 2.78688e+14
2.17500e-07 2.76689e+14
2.18500e-07 2.95121e+14
2.19500e-07 3.20008e+14
2.20500e-07 3.01321e+14
2.21500e-07 2.65181e+14
2.22500e-07 2.61281e+14
2.23500e-07 3.13551e+14
2.24500e-07 2.80050e+14
2.25500e-07 2.56168e+14
2.26500e-07 2.55416e+14
2.27500e-07 2.74387e+14
2.28500e-07 2.98233e+14
2.29500e-07 2.66986e+14
2.30500e-07 2.79969e+14
2.31500e-07 2.65676e+14
2.32500e-07 1.84148e+14
2.33500e-07 2.22588e+14
2.34500e-07 1.79794e+14
2.35500e-07 2.57352e+14
2.36500e-07 1.90116e+14
2.37500e-07 2.23876e+14
2.38500e-07 1.62780e+14
2.39500e-07 1.92377e+14
2.40500e-07 1.87394e+14
2.41500e-07 1.91962e+14
2.42500e-07 2.41498e+14
2.43500e-07 2.30477e+14
2.44500e-07 2.55064e+14
2.45500e-07 2.51584e+14
2.46500e-07 2.54067e+14
2.47500e-07 2.29515e+14
2.48500e-07 2.30789e+14
2.49500e-07 2.16070e+14
2.50500e-07 2.75850e+14
2.51300e-07 2.05863e+14
2.51800e-07 1.81285e+14
2.52500e-07 1.72103e+14
2.53500e-07 1.79061e+14
2.54500e-07 1.84805e+14
2.55500e-07 2.22171e+14
2.56500e-07 2.11120e+14
2.57500e-07 2.39948e+14
2.58500e-07 2.42594e+14
2.59500e-07 2.33954e+14
2.60500e-07 2.19065e+14
2.61500e-07 2.02369e+14
2.62500e-07 2.51189e+14
2.63500e-07 2.60176e+14
2.64500e-07 3.13979e+14
2.65500e-07 3.25332e+14
2.66500e-07 2.69686e+14
2.67500e-07 2.97430e+14
2.68500e-07 2.97785e+14
2.69500e-07 2.68296e+14
2.70500e-07 2.86205e+14
2.71500e-07 2.57683e+14
2.72500e-07 2.62695e+14
2.73500e-07 2.89706e+14
2.74500e-07 2.10603e+14
2.75500e-07 2.27750e+14
2.76500e-07 2.43490e+14
2.77500e-07 2.64468e+14
2.78500e-07 2.08803e+14
2.79500e-07 9.72542e+13
2.80500e-07 1.19866e+14
2.81500e-07 2.56478e+14
2.82500e-07 3.00766e+14
2.83500e-07 2.93211e+14
2.84500e-07 2.80290e+14
2.85500e-07 2.59523e+14
2.86500e-07 3.03065e+14
2.87500e-07 2.98239e+14
2.88500e-07 2.99489e+14
2.89500e-07 2.85678e+14
2.91000e-07 3.31339e+14
2.93000e-07 3.12218e+14
2.95000e-07 3.08493e+14
2.97000e-07 3.17963e+14
2.99000e-07 3.23816e+14
3.01000e-07 3.30097e+14
3.03000e-07 3.25175e+14
3.05000e-07 3.26068e+14
3.07000e-07 3.28916e+14
3.09000e-07 3.33640e+14
3.11000e-07 3.23606e+14
3.13000e-07 3.22545e+14
3.15000e-07 3.28132e+14
3.17000e-07 3.23540e+14
3.19000e-07 3.02481e+14
3.21000e-07 3.17176e+14
3.23000e-07 3.00958e+14
3.25000e-07 3.13261e+14
3.27000e-07 3.22590e+14
3.29000e-07 3.22425e+14
3.31000e-07 3.28691e+14
3.33000e-07 3.21438e+14
3.35000e-07 3.17682e+14
3.37000e-07 3.13707e+14
3.39000e-07 3.13042e+14
3.41000e-07 3.12967e+14
3.43000e-07 3.13392e+14
3.45000e-07 3.11946e+14
3.47000e-07 3.08417e+14
3.49000e-07 3.08774e+14
3.51000e-07 3.14011e+14
3.53000e-07 3.10372e+14
3.55000e-07 3.18005e+14
3.57000e-07 3.03870e+14
3.59000e-07 2.99938e+14
3.61000e-07 3.00902e+14
3.63000e-07 3.02742e+14
3.64000e-07 3.00285e+14
3.65000e-07 3.14590e+14
3.67000e-07 3.04737e+14
3.69000e-07 2.75396e+14
3.71000e-07 2.88649e+14
3.73000e-07 2.89164e+14
3.75000e-07 3.47972e+14
3.77000e-07 3.65574e+14
3.79000e-07 4.38231e+14
3.81000e-07 5.08126e+14
3.83000e-07 4.06114e+14
3.85000e-07 5.64975e+14
3.87000e-07 6.35242e+14
3.89000e-07 3.73566e+14
3.91000e-07 6.27979e+14
3.93000e-07 4.62763e+14
3.95000e-07 5.89706e+14
3.97000e-07 3.31437e+14
3.99000e-07 6.18833e+14
4.01000e-07 7.17447e+14
4.03000e-07 7.26998e+14
4.05000e-07 7.15954e+14
4.07000e-07 6.72547e+14
4.09000e-07 5.23879e+14
4.11000e-07 4.05966e+14
4.13000e-07 6.40934e+14
4.15000e-07 6.91972e+14
4.17000e-07 6.97808e+14
4.19000e-07 6.89896e+14
4.21000e-07 6.89818e+14
4.23000e-07 6.68783e+14
4.25000e-07 6.71159e+14
4.27000e-07 6.45960e+14
4.29000e-07 6.46911e+14
4.31000e-07 5.84400e+14
4.33000e-07 4.47823e+14
4.35000e-07 3.84326e+14
4.37000e-07 5.89038e+14
4.39000e-07 6.18107e+14
4.41000e-07 6.15225e+14
4.43000e-07 6.07648e+14
4.45000e-07 6.16504e+14
4.47000e-07 6.13244e+14
4.49000e-07 6.03793e+14
4.51000e-07 6.17861e+14
4.53000e-07 5.96280e+14
4.55000e-07 5.87902e+14
4.57000e-07 6.01238e+14
4.59000e-07 5.81973e+14
4.61000e-07 5.87163e+14
4.63000e-07 5.71223e+14
4.65000e-07 5.73184e+14
4.67000e-07 5.71343e+14
4.69000e-07 5.49113e+14
4.71000e-07 5.29142e+14
4.73000e-07 5.51080e+14
4.75000e-07 5.47534e+14
4.77000e-07 5.38681e+14
4.79000e-07 5.29988e+14
4.81000e-07 5.14159e+14
4.83000e-07 4.82312e+14
4.85000e-07 3.68378e+14
4.87000e-07 2.97929e+14
4.89000e-07 4.48634e+14
4.91000e-07 4.82662e+14
4.93000e-07 4.82335e+14
4.95000e-07 4.90345e+14
4.97000e-07 4.92691e+14
4.99000e-07 4.76570e+14
5.01000e-07 4.63437e+14
5.03000e-07 4.72787e+14
5.05000e-07 4.63628e+14
5.07000e-07 4.68786e+14
5.09000e-07 4.62608e+14
5.11000e-07 4.61288e+14
5.13000e-07 4.52616e+14
5.15000e-07 4.42688e+14
5.17000e-07 4.32898e+14
5.19000e-07 4.29079e+14
5.21000e-07 4.30357e+14
5.23000e-07 4.25516e+14
5.25000e-07 4.31342e+14
5.27000e-07 4.09124e+14
5.29000e-07 4.20885e+14
5.31000e-07 4.15931e+14
5.33000e-07 4.03028e+14
5.35000e-07 4.09747e+14
5.37000e-07 4.03409e+14
5.39000e-07 3.99967e+14
5.41000e-07 3.91725e+14
5.43000e-07 3.92920e+14
5.45000e-07 3.92464e+14
5.47000e-07 3.87623e+14
5.49000e-07 3.86529e+14
5.51000e-07 3.83529e+14
5.53000e-07 3.77939e+14
5.55000e-07 3.77018e+14
5.57000e-07 3.70381e+14
5.59000e-07 3.67338e+14
5.61000e-07 3.65800e+14
5.63000e-07 3.64347e+14
5.65000e-07 3.60993e+14
5.67000e-07 3.55252e+14
5.69000e-07 3.54411e+14
5.71000e-07 3.50731e+14
5.73000e-07 3.51420e+14
5.75000e-07 3.45698e+14
5.77000e-07 3.43746e+14
5.79000e-07 3.40140e+14
5.81000e-07 3.37724e+14
5.83000e-07 3.35388e+14
5.85000e-07 3.31734e+14
5.87000e-07 3.28515e+14
5.89000e-07 3.21749e+14
5.91000e-07 3.22800e+14
5.93000e-07 3.20166e+14
5.95000e-07 3.17410e+14
5.97000e-07 3.14864e+14
5.99000e-07 3.11127e+14
6.01000e-07 3.06953e+14
6.03000e-07 3.05501e+14
6.05000e-07 3.03844e+14
6.07000e-07 3.02080e+14
6.09000e-07 2.98424e+14
6.11000e-07 2.95232e+14
6.13000e-07 2.90150e+14
6.15000e-07 2.85438e+14
6.17000e-07 2.85263e+14
6.19000e-07 2.86244e+14
6.21000e-07 2.83690e+14
6.23000e-07 2.79794e+14
6.25000e-07 2.73435e+14
6.27000e-07 2.76801e+14
6.29000e-07 2.74549e+14
6.31000e-07 2.70095e+14
6.33000e-07 2.68523e+14
6.35000e-07 2.64190e+14
6.37000e-07 2.62654e+14
6.39000e-07 2.61723e+14
6.41000e-07 2.57314e+14
6.43000e-07 2.56217e+14
6.45000e-07 2.51615e+14
6.47000e-07 2.50881e+14
6.49000e-07 2.45590e+14
6.51000e-07 2.41665e+14
6.53000e-07 2.30239e+14
6.55000e-07 1.95054e+14
6.56125e-07 1.56627e+14
6.59000e-07 2.14788e+14
6.61000e-07 2.29916e+14
6.63000e-07 2.33211e+14
6.65000e-07 2.33233e+14
6.67000e-07 2.32005e+14
6.69000e-07 2.31218e+14
6.71000e-07 2.29498e+14
6.73000e-07 2.27671e+14
6.75000e-07 2.25439e+14
6.77000e-07 2.24832e+14
6.79000e-07 2.22897e+14
6.81000e-07 2.21053e+14
6.83000e-07 2.18961e+14
6.85000e-07 2.17034e+14
6.87000e-07 2.15924e+14
6.89000e-07 2.14267e+14
6.91000e-07 2.12429e+14
6.93000e-07 2.10703e+14
6.95000e-07 2.09094e+14
6.97000e-07 2.07268e+14
6.99000e-07 2.05960e+14
7.01000e-07 2.02862e+14
7.03000e-07 2.01976e+14
7.05000e-07 2.00794e+14
7.07000e-07 1.99366e+14
7.09000e-07 1.97808e+14
7.11000e-07 1.92657e+14
7.13000e-07 1.93512e+14
7.15000e-07 1.92490e+14
7.17000e-07 1.90795e+14
7.19000e-07 1.89108e+14
7.21000e-07 1.88082e+14
7.23000e-07 1.86560e+14
7.25000e-07 1.84880e+14
7.27000e-07 1.84214e+14
7.29000e-07 1.81751e+14
7.31000e-07 1.80920e+14
7.33000e-07 1.79534e+14
7.35000e-07 1.78726e+14
7.37000e-07 1.77404e+14
7.39000e-07 1.75196e+14
7.41000e-07 1.72337e+14
7.43000e-07 1.71745e+14
7.45000e-07 1.70987e+14
7.47000e-07 1.68952e+14
7.49000e-07 1.68078e+14
7.51000e-07 1.67551e+14
7.53000e-07 1.66536e+14
7.55000e-07 1.65774e+14
7.57000e-07 1.64281e+14
7.59000e-07 1.63076e+14
7.61000e-07 1.61830e+14
7.63000e-07 1.60718e+14
7.65000e-07 1.59280e+14
7.67000e-07 1.57150e+14
7.69000e-07 1.56678e+14
7.71000e-07 1.55334e+14
7.73000e-07 1.54827e+14
7.75000e-07 1.53289e+14
7.77000e-07 1.49200e+14
7.79000e-07 1.51638e+14
7.81000e-07 1.50288e+14
7.83000e-07 1.48556e+14
7.85000e-07 1.47104e+14
7.87000e-07 1.46308e+14
7.89000e-07 1.45023e+14
7.91000e-07 1.43941e+14
7.93000e-07 1.42731e+14
7.95000e-07 1.41459e+14
7.97000e-07 1.41847e+14
7.99000e-07 1.39480e+14
8.01000e-07 1.39307e+14
8.03000e-07 1.38210e+14
8.05000e-07 1.37350e+14
8.07000e-07 1.36462e+14
8.09000e-07 1.35368e+14
8.11000e-07 1.34827e+14
8.13000e-07 1.33999e+14
8.15000e-07 1.32996e+14
8.17000e-07 1.32069e+14
8.19000e-07 1.29257e+14
8.21000e-07 1.28980e+14
8.23000e-07 1.28021e+14
8.25000e-07 1.27462e+14
8.27000e-07 1.27936e+14
8.29000e-07 1.26936e+14
8.31000e-07 1.25731e+14
8.33000e-07 1.23684e+14
8.35000e-07 1.23595e+14
8.37000e-07 1.22757e+14
8.39000e-07 1.20610e+14
8.41000e-07 1.19568e+14
8.43000e-07 1.17989e+14
8.45000e-07 1.15521e+14
8.47000e-07 1.14488e+14
8.49000e-07 1.14618e+14
8.51000e-07 1.09300e+14
8.53000e-07 1.14426e+14
8.55000e-07 1.03275e+14
8.57000e-07 1.15269e+14
8.59000e-07 1.07595e+14
8.61000e-07 1.05805e+14
8.63000e-07 1.15062e+14
8.65000e-07 1.09828e+14
8.67000e-07 9.35650e+13
8.69000e-07 1.10082e+14
8.71000e-07 1.14701e+14
8.73000e-07 1.09401e+14
8.75000e-07 9.07745e+13
8.77000e-07 1.05016e+14
8.79000e-07 1.12906e+14
8.81000e-07 1.13272e+14
8.83000e-07 1.09252e+14
8.85000e-07 9.86096e+13
8.87000e-07 8.58163e+13
8.89000e-07 1.04884e+14
8.91000e-07 1.09653e+14
8.93000e-07 1.10471e+14
8.95000e-07 1.10932e+14
8.97000e-07 1.08233e+14
8.99000e-07 1.02372e+14
9.01000e-07 8.28360e+13
9.03000e-07 9.02406e+13
9.05000e-07 1.02570e+14
9.07000e-07 1.03592e+14
9.09000e-07 1.03060e+14
9.11000e-07 1.05594e+14
9.13000e-07 1.05892e+14
9.15000e-07 1.05218e+14
9.17000e-07 1.03178e+14
9.19000e-07 9.95799e+13
9.21000e-07 9.15044e+13
9.23000e-07 7.27654e+13
9.25000e-07 8.80333e+13
9.27000e-07 9.46507e+13
9.29000e-07 9.92461e+13
9.31000e-07 1.00033e+14
9.33000e-07 9.97775e+13
9.35000e-07 9.95407e+13
9.37000e-07 9.91720e+13
9.39000e-07 9.79254e+13
9.41000e-07 9.45484e+13
9.43000e-07 9.62957e+13
9.45000e-07 9.55426e+13
9.47000e-07 9.47362e+13
9.49000e-07 9.29569e+13
9.51000e-07 8.93297e+13
9.53000e-07 8.12563e+13
9.55000e-07 6.60169e+13
9.57000e-07 8.18495e+13
9.59000e-07 8.77800e+13
9.61000e-07 8.89936e+13
9.63000e-07 8.86406e+13
9.65000e-07 8.97017e+13
9.67000e-07 8.85937e+13
9.69000e-07 8.86176e+13
9.71000e-07 8.90880e+13
9.73000e-07 8.84555e+13
9.75000e-07 8.74748e+13
9.77000e-07 8.74406e+13
9.79000e-07 8.69147e+13
9.81000e-07 8.63180e+13
9.83000e-07 8.56474e+13
9.85000e-07 8.46709e+13
9.87000e-07 8.40884e+13
9.89000e-07 8.31670e+13
9.91000e-07 8.28163e+13
9.93000e-07 8.23608e+13
9.95000e-07 8.16647e+13
9.97000e-07 8.09054e+13
9.99000e-07 7.93964e+13
1.00250e-06 7.11398e+13
1.00750e-06 6.75665e+13
1.01250e-06 7.60071e+13
1.01750e-06 7.64191e+13
1.02250e-06 7.58357e+13
1.02750e-06 7.49103e+13
1.03250e-06 7.36352e+13
1.03750e-06 7.26017e+13
1.04250e-06 7.14598e+13
1.04750e-06 6.97012e+13
1.05250e-06 6.89521e+13
1.05750e-06 6.81365e+13
1.06250e-06 6.70829e+13
1.06750e-06 6.48196e+13
1.07250e-06 6.45998e+13
1.07750e-06 6.36609e+13
1.08250e-06 6.23926e+13
1.08750e-06 6.01510e+13
1.09250e-06 5.02462e+13
1.09750e-06 5.48751e+13
1.10250e-06 5.86649e+13
1.10750e-06 5.86862e+13
1.11250e-06 5.79255e+13
1.11750e-06 5.72303e+13
1.12250e-06 5.65631e+13
1.12750e-06 5.47142e+13
1.13250e-06 5.40471e+13
1.13750e-06 5.39136e+13
1.14250e-06 5.28742e+13
1.14750e-06 5.27091e+13
1.15250e-06 5.20287e+13
1.15750e-06 5.12202e+13
1.16250e-06 4.99164e+13
1.16750e-06 4.89398e+13
1.17250e-06 4.91892e+13
1.17750e-06 4.75007e+13
1.18250e-06 4.73342e+13
1.18750e-06 4.63995e+13
1.19250e-06 4.66285e+13
1.19750e-06 4.54544e+13
1.20250e-06 4.51632e+13
1.20750e-06 4.43920e+13
1.21250e-06 4.38831e+13
1.21750e-06 4.34752e+13
1.22250e-06 4.28228e+13
1.22750e-06 4.21871e+13
1.23250e-06 4.16496e+13
1.23750e-06 4.11710e+13
1.24250e-06 4.07306e+13
1.24750e-06 4.00803e+13
1.25250e-06 3.95280e+13
1.25750e-06 3.86973e+13
1.26250e-06 3.82992e+13
1.26750e-06 3.78124e+13
1.27250e-06 3.69807e+13
1.27750e-06 3.48497e+13
1.28250e-06 2.94503e+13
1.28750e-06 3.43673e+13
1.29250e-06 3.51754e+13
1.29750e-06 3.50547e+13
1.30250e-06 3.47217e+13
1.30750e-06 3.43971e+13
1.31250e-06 3.39147e+13
1.31750e-06 3.33734e+13
1.32250e-06 3.31366e+13
1.32750e-06 3.27101e+13
1.33250e-06 3.23250e+13
1.33750e-06 3.19027e+13
1.34250e-06 3.15129e+13
1.34750e-06 3.11176e+13
1.35250e-06 3.06470e+13
1.35750e-06 3.02316e+13
1.36250e-06 2.99695e+13
1.36750e-06 2.95553e+13
1.37250e-06 2.89484e+13
1.37750e-06 2.87982e+13
1.38250e-06 2.84700e+13
1.38750e-06 2.82300e+13
1.39250e-06 2.77517e+13
1.39750e-06 2.74937e+13
1.40250e-06 2.71697e+13
1.40750e-06 2.68819e+13
1.41250e-06 2.64861e+13
1.41750e-06 2.62227e+13
1.42250e-06 2.58581e+13
1.42750e-06 2.55220e+13
1.43250e-06 2.52799e+13
1.43750e-06 2.50296e+13
1.44250e-06 2.42118e+13
1.44750e-06 2.43973e+13
1.45250e-06 2.38564e+13
1.45700e-06 2.38335e+13
1.46200e-06 2.35209e+13
1.46750e-06 2.32942e+13
1.47250e-06 2.29712e+13
1.47750e-06 2.26176e+13
1.48250e-06 2.24378e+13
1.48750e-06 2.20744e+13
1.49250e-06 2.20502e+13
1.49750e-06 2.17067e+13
1.50250e-06 2.13789e+13
1.50750e-06 2.10715e+13
1.51250e-06 2.09505e+13
1.51750e-06 2.06622e+13
1.52250e-06 2.03479e+13
1.52750e-06 2.01261e+13
1.53250e-06 1.98186e+13
1.53750e-06 1.96166e+13
1.54250e-06 1.91919e+13
1.54750e-06 1.91216e+13
1.55250e-06 1.88611e+13
1.55750e-06 1.84172e+13
1.56250e-06 1.87115e+13
1.56750e-06 1.80327e+13
1.57250e-06 1.76653e+13
1.57750e-06 1.80621e+13
1.58250e-06 1.78429e+13
1.58750e-06 1.65407e+13
1.59250e-06 1.72511e+13
1.59750e-06 1.77175e+13
1.60500e-06 1.69205e+13
1.61500e-06 1.59866e+13
1.62500e-06 1.67306e+13
1.63500e-06 1.57162e+13
1.64500e-06 1.47823e+13
1.65500e-06 1.57279e+13
1.66500e-06 1.54336e+13
1.67500e-06 1.43381e+13
1.68500e-06 1.34094e+13
1.69500e-06 1.44423e+13
1.70500e-06 1.41930e+13
1.71500e-06 1.39358e+13
1.72500e-06 1.33556e+13
1.73500e-06 1.16571e+13
1.74500e-06 1.25638e+13
1.75500e-06 1.27084e+13
1.76500e-06 1.24886e+13
1.77500e-06 1.22814e+13
1.78500e-06 1.20141e+13
1.79500e-06 1.17894e+13
1.80500e-06 1.13561e+13
1.81500e-06 9.98588e+12
1.82500e-06 1.05512e+13
1.83500e-06 1.07998e+13
1.84500e-06 1.06235e+13
1.85500e-06 1.03751e+13
1.86500e-06 1.00195e+13
1.87500e-06 8.73227e+12
1.88500e-06 9.56249e+12
1.89500e-06 9.53874e+12
1.90500e-06 9.46730e+12
1.91500e-06 9.27746e+12
1.92500e-06 9.06512e+12
1.93500e-06 8.71026e+12
1.94500e-06 7.63056e+12
1.95500e-06 8.39053e+12
1.96500e-06 8.40535e+12
1.97500e-06 8.26231e+12
1.98500e-06 8.14294e+12
1.99500e-06 7.99392e+12
2.00500e-06 7.85066e+12
2.01500e-06 7.71132e+12
2.02500e-06 7.55955e+12
2.03500e-06 7.41130e+12
2.04500e-06 7.29692e+12
2.05500e-06 7.16194e+12
2.06500e-06 7.01791e+12
2.07500e-06 6.89864e+12
2.08500e-06 6.77880e+12
2.09500e-06 6.65399e+12
2.10500e-06 6.53761e+12
2.11500e-06 6.40519e+12
2.12500e-06 6.29115e+12
2.13500e-06 6.17409e+12
2.14500e-06 6.06155e+12
2.15500e-06 5.85844e+12
2.16500e-06 5.16410e+12
2.17500e-06 5.59415e+12
2.18500e-06 5.64027e+12
2.19500e-06 5.58212e+12
2.20500e-06 5.48426e+12
2.21500e-06 5.38986e+12
2.22500e-06 5.31618e+12
2.23500e-06 5.22693e+12
2.24500e-06 5.13958e+12
2.25500e-06 5.03964e+12
2.26500e-06 4.96697e+12
2.27500e-06 4.88737e+12
2.28500e-06 4.82210e+12
2.29500e-06 4.80370e+12
2.30500e-06 4.73205e+12
2.31500e-06 4.64338e+12
2.32500e-06 4.56206e+12
2.33500e-06 4.47643e+12
2.34500e-06 4.39846e+12
2.35500e-06 4.31995e+12
2.36500e-06 4.24524e+12
2.37500e-06 4.16849e+12
2.38500e-06 4.09638e+12
2.39500e-06 4.02711e+12
2.40500e-06 3.96054e+12
2.41500e-06 3.89015e+12
2.42500e-06 3.82616e+12
2.43500e-06 3.76634e+12
2.44500e-06 3.70080e+12
2.45500e-06 3.64728e+12
2.46500e-06 3.58395e+12
2.47500e-06 3.53500e+12
2.48500e-06 3.48263e+12
2.49500e-06 3.40799e+12
2.50500e-06 3.42946e+12
2.51500e-06 3.34733e+12
2.52500e-06 3.23968e+12
2.53500e-06 3.23346e+12
2.54500e-06 3.20665e+12
2.55500e-06 3.12792e+12
2.56500e-06 3.01907e+12
2.57500e-06 3.04856e+12
2.58500e-06 3.02169e+12
2.59500e-06 2.97842e+12
2.60500e-06 2.87887e+12
2.61500e-06 2.74853e+12
2.62500e-06 2.53939e+12
2.63500e-06 2.74017e+12
2.64500e-06 2.76828e+12
2.65500e-06 2.73298e+12
2.66500e-06 2.65734e+12
2.67500e-06 2.51548e+12
2.68500e-06 2.58927e+12
2.69500e-06 2.59369e+12
2.70500e-06 2.56559e+12
2.71500e-06 2.53308e+12
2.72500e-06 2.49656e+12
2.73500e-06 2.45562e+12
2.74500e-06 2.39827e+12
2.75500e-06 2.23839e+12
2.76500e-06 2.27229e+12
2.77500e-06 2.31343e+12
2.78500e-06 2.29626e+12
2.79500e-06 2.27161e+12
2.80500e-06 2.24280e+12
2.81500e-06 2.21282e+12
2.82500e-06 2.18250e+12
2.83500e-06 2.15162e+12
2.84500e-06 2.11427e+12
2.85500e-06 2.07740e+12
2.86500e-06 1.99499e+12
2.87500e-06 1.86929e+12
2.88500e-06 1.97571e+12
2.89500e-06 1.97512e+12
2.90500e-06 1.95784e+12
2.91500e-06 1.93180e+12
2.92500e-06 1.91020e+12
2.93500e-06 1.88653e+12
2.94500e-06 1.86184e+12
2.95500e-06 1.83817e+12
2.96500e-06 1.81461e+12
2.97500e-06 1.79115e+12
2.98500e-06 1.76839e+12
2.99500e-06 1.74455e+12
3.00500e-06 1.71969e+12
3.01500e-06 1.69230e+12
3.02500e-06 1.65515e+12
3.03500e-06 1.53290e+12
3.04500e-06 1.54808e+12
3.05500e-06 1.59851e+12
3.06500e-06 1.59066e+12
3.07500e-06 1.57615e+12
3.08500e-06 1.55506e+12
3.09500e-06 1.53775e+12
3.10500e-06 1.51876e+12
3.11500e-06 1.49691e+12
3.12500e-06 1.48079e+12
3.13500e-06 1.46369e+12
3.14500e-06 1.44522e+12
3.15500e-06 1.42876e+12
3.16500e-06 1.41279e+12
3.17500e-06 1.39404e+12
3.18500e-06 1.37906e+12
3.19500e-06 1.36247e+12
3.21000e-06 1.33781e+12
3.23000e-06 1.30682e+12
3.25000e-06 1.27566e+12
3.27000e-06 1.23953e+12
3.29000e-06 1.13986e+12
3.31000e-06 1.16457e+12
3.33000e-06 1.16390e+12
3.35000e-06 1.14105e+12
3.37000e-06 1.11176e+12
3.39000e-06 1.08609e+12
3.41000e-06 1.06137e+12
3.43000e-06 1.03827e+12
3.45000e-06 1.01566e+12
3.47000e-06 9.92442e+11
3.49000e-06 9.70274e+11
3.51000e-06 9.48699e+11
3.53000e-06 9.27488e+11
3.55000e-06 9.07501e+11
3.57000e-06 8.86691e+11
3.59000e-06 8.67865e+11
3.61000e-06 8.49053e+11
3.63000e-06 8.31546e+11
3.65000e-06 8.12703e+11
3.67000e-06 7.97184e+11
3.69000e-06 7.75673e+11
3.71000e-06 7.61667e+11
3.73000e-06 7.23545e+11
3.75000e-06 6.99319e+11
3.77000e-06 7.16649e+11
3.79000e-06 7.04909e+11
3.81000e-06 6.85356e+11
3.83000e-06 6.73158e+11
3.85000e-06 6.65191e+11
3.87000e-06 6.51340e+11
3.89000e-06 6.35374e+11
3.91000e-06 6.15953e+11
3.93000e-06 6.13261e+11
3.95000e-06 6.03734e+11
3.97000e-06 5.92767e+11
3.99000e-06 5.80024e+11
4.01000e-06 5.59610e+11
4.03000e-06 5.46414e+11
4.05000e-06 5.17053e+11
4.07000e-06 5.33180e+11
4.09000e-06 5.26694e+11
4.11000e-06 5.18258e+11
4.13000e-06 5.07883e+11
4.15000e-06 4.95125e+11
4.17000e-06 4.73575e+11
4.19000e-06 4.76511e+11
4.21000e-06 4.70740e+11
4.23000e-06 4.63731e+11
4.25000e-06 4.55184e+11
4.27000e-06 4.47087e+11
4.29000e-06 4.39059e+11
4.31000e-06 4.31161e+11
4.33000e-06 4.23168e+11
4.35000e-06 4.13751e+11
4.37000e-06 3.93737e+11
4.39000e-06 3.94419e+11
4.41000e-06 3.93020e+11
4.43000e-06 3.87386e+11
4.45000e-06 3.80678e+11
4.47000e-06 3.75243e+11
4.49000e-06 3.68712e+11
4.51000e-06 3.62541e+11
4.53000e-06 3.56299e+11
4.55000e-06 3.50262e+11
4.57000e-06 3.44191e+11
4.59000e-06 3.38319e+11
4.61000e-06 3.32040e+11
4.63000e-06 3.24432e+11
4.65000e-06 3.01715e+11
4.67000e-06 2.99327e+11
4.69000e-06 3.06764e+11
4.71000e-06 3.05082e+11
4.73000e-06 3.01093e+11
4.75000e-06 2.96075e+11
4.77000e-06 2.91329e+11
4.79000e-06 2.86717e+11
4.81000e-06 2.82074e+11
4.83000e-06 2.77547e+11
4.85000e-06 2.73100e+11
4.87000e-06 2.68765e+11
4.89000e-06 2.64507e+11
4.91000e-06 2.60247e+11
4.93000e-06 2.56218e+11
4.95000e-06 2.52184e+11
4.97000e-06 2.48267e+11
4.99000e-06 2.44374e+11
5.01000e-06 2.40596e+11
5.03000e-06 2.36870e+11
5.05000e-06 2.33254e+11
5.07000e-06 2.29703e+11
5.09000e-06 2.25677e+11
5.11000e-06 2.19975e+11
5.13000e-06 2.07470e+11
5.15000e-06 2.14085e+11
5.17000e-06 2.12517e+11
5.19000e-06 2.09651e+11
5.21000e-06 2.06490e+11
5.23000e-06 2.03440e+11
5.25000e-06 2.00444e+11
5.27000e-06 1.97488e+11
5.29000e-06 1.94598e+11
5.31000e-06 1.91745e+11
5.33000e-06 1.88943e+11
5.35000e-06 1.86190e+11
5.37000e-06 1.83447e+11
5.39000e-06 1.80844e+11
5.41000e-06 1.78260e+11
5.43000e-06 1.75659e+11
5.45000e-06 1.73167e+11
5.47000e-06 1.70644e+11
5.49000e-06 1.68303e+11
5.51000e-06 1.65930e+11
5.53000e-06 1.63574e+11
5.55000e-06 1.61296e+11
5.57000e-06 1.58998e+11
5.59000e-06 1.56717e+11
5.61000e-06 1.54632e+11
5.63000e-06 1.52502e+11
5.65000e-06 1.50421e+11
5.67000e-06 1.48342e+11
5.69000e-06 1.46312e+11
5.71000e-06 1.44330e+11
5.73000e-06 1.42360e+11
5.75000e-06 1.40437e+11
5.77000e-06 1.38526e+11
5.79000e-06 1.36638e+11
5.81000e-06 1.34828e+11
5.83000e-06 1.33040e+11
5.85000e-06 1.31439e+11
5.87000e-06 1.29331e+11
5.89000e-06 1.26185e+11
5.91000e-06 1.19141e+11
5.93000e-06 1.23438e+11
5.95000e-06 1.22642e+11
5.97000e-06 1.21388e+11
5.99000e-06 1.19802e+11
6.01000e-06 1.18223e+11
6.03000e-06 1.16726e+11
6.05000e-06 1.15224e+11
6.07000e-06 1.13730e+11
6.09000e-06 1.12253e+11
6.11000e-06 1.10772e+11
6.13000e-06 1.09429e+11
6.15000e-06 1.08041e+11
6.17000e-06 1.06679e+11
6.19000e-06 1.05322e+11
6.21000e-06 1.04010e+11
6.23000e-06 1.02644e+11
6.25000e-06 1.01400e+11
6.27000e-06 1.00122e+11
6.29000e-06 9.89053e+10
6.31000e-06 9.76454e+10
6.33000e-06 9.64652e+10
6.35000e-06 9.52792e+10
6.37000e-06 9.41248e+10
6.39000e-06 9.29645e+10
6.42000e-06 9.12824e+10
6.46000e-06 8.90713e+10
6.50000e-06 8.69342e+10
6.54000e-06 8.48805e+10
6.58000e-06 8.28658e+10
6.62000e-06 8.09090e+10
6.66000e-06 7.90210e+10
6.70000e-06 7.71848e+10
6.74000e-06 7.53949e+10
6.78000e-06 7.36686e+10
6.82000e-06 7.19841e+10
6.86000e-06 7.03450e+10
6.90000e-06 6.87373e+10
6.94000e-06 6.71940e+10
6.98000e-06 6.56953e+10
7.02000e-06 6.42348e+10
7.06000e-06 6.28144e+10
7.10000e-06 6.14524e+10
7.14000e-06 6.00985e+10
7.18000e-06 5.87921e+10
7.22000e-06 5.74906e+10
7.26000e-06 5.62770e+10
7.30000e-06 5.50865e+10
7.34000e-06 5.39059e+10
7.38000e-06 5.27691e+10
7.42000e-06 5.14880e+10
7.46000e-06 4.87691e+10
7.50000e-06 4.77071e+10
7.54000e-06 4.82990e+10
7.58000e-06 4.74929e+10
7.62000e-06 4.65285e+10
7.66000e-06 4.55802e+10
7.70000e-06 4.46542e+10
7.74000e-06 4.37562e+10
7.78000e-06 4.28780e+10
7.82000e-06 4.20209e+10
7.86000e-06 4.11851e+10
7.90000e-06 4.03695e+10
7.94000e-06 3.95742e+10
7.98000e-06 3.87980e+10
8.02000e-06 3.80389e+10
8.06000e-06 3.73004e+10
8.10000e-06 3.65826e+10
8.14000e-06 3.58743e+10
8.18000e-06 3.51893e+10
8.22000e-06 3.45226e+10
8.26000e-06 3.38677e+10
8.30000e-06 3.32282e+10
8.34000e-06 3.25934e+10
8.38000e-06 3.19804e+10
8.42000e-06 3.13924e+10
8.46000e-06 3.08173e+10
8.50000e-06 3.02511e+10
8.54000e-06 2.96941e+10
8.58000e-06 2.91512e+10
8.62000e-06 2.86202e+10
8.66000e-06 2.81052e+10
8.70000e-06 2.75990e+10
8.74000e-06 2.71029e+10
8.78000e-06 2.66199e+10
8.82000e-06 2.61427e+10
8.86000e-06 2.56807e+10
8.90000e-06 2.52282e+10
8.94000e-06 2.47871e+10
8.98000e-06 2.43514e+10
9.02000e-06 2.39294e+10
9.06000e-06 2.35166e+10
9.10000e-06 2.31084e+10
9.14000e-06 2.27122e+10
9.18000e-06 2.23256e+10
9.22000e-06 2.19457e+10
9.26000e-06 2.15738e+10
9.30000e-06 2.12096e+10
9.34000e-06 2.08525e+10
9.38000e-06 2.05033e+10
9.42000e-06 2.01615e+10
9.46000e-06 1.98267e+10
9.50000e-06 1.94986e+10
9.54000e-06 1.91748e+10
9.58000e-06 1.88635e+10
9.62000e-06 1.85543e+10
9.66000e-06 1.82536e+10
9.70000e-06 1.79577e+10
9.74000e-06 1.76655e+10
9.78000e-06 1.73827e+10
9.82000e-06 1.71038e+10
9.86000e-06 1.68320e+10
9.90000e-06 1.65652e+10
9.94000e-06 1.63029e+10
9.98000e-06 1.60446e+10
1.00200e-05 1.57930e+10
2.00000e-05 1.01190e+09
4.00000e-05 6.29988e+07
6.00000e-05 1.23432e+07
8.00000e-05 3.87567e+06
1.00000e-04 1.57684e+06
1.20000e-04 7.55999e+05
1.40000e-04 4.05985e+05
1.60000e-04 2.36899e+05
