9.09000e-09 0.00000e+00
9.35000e-09 0.00000e+00
9.61000e-09 0.00000e+00
9.77000e-09 0.00000e+00
9.96000e-09 0.00000e+00
1.02000e-08 0.00000e+00
1.03800e-08 0.00000e+00
1.05600e-08 0.00000e+00
1.07700e-08 0.00000e+00
1.10400e-08 0.00000e+00
1.14000e-08 0.00000e+00
1.17800e-08 0.00000e+00
1.21300e-08 0.00000e+00
1.24800e-08 0.00000e+00
1.27100e-08 0.00000e+00
1.28400e-08 0.00000e+00
1.30500e-08 0.00000e+00
1.32400e-08 0.00000e+00
1.33900e-08 0.00000e+00
1.36600e-08 0.00000e+00
1.39800e-08 0.00000e+00
1.43300e-08 0.00000e+00
1.47200e-08 0.00000e+00
1.51000e-08 0.00000e+00
1.55200e-08 0.00000e+00
1.58800e-08 0.00000e+00
1.62000e-08 0.00000e+00
1.66000e-08 0.00000e+00
1.70300e-08 0.00000e+00
1.73400e-08 0.00000e+00
1.76800e-08 0.00000e+00
1.80200e-08 0.00000e+00
1.81700e-08 0.00000e+00
1.86100e-08 0.00000e+00
1.91000e-08 0.00000e+00
1.93900e-08 0.00000e+00
1.98400e-08 0.00000e+00
2.01800e-08 0.00000e+00
2.05000e-08 0.00000e+00
2.10500e-08 0.00000e+00
2.16200e-08 0.00000e+00
2.19800e-08 0.00000e+00
2.23000e-08 0.00000e+00
2.26800e-08 0.00000e+00
2.30000e-08 0.00000e+00
2.34000e-08 0.00000e+00
2.40000e-08 0.00000e+00
2.46500e-08 0.00000e+00
2.52400e-08 0.00000e+00
2.56800e-08 0.00000e+00
2.60000e-08 0.00000e+00
2.64000e-08 0.00000e+00
2.68500e-08 0.00000e+00
2.73500e-08 0.00000e+00
2.78500e-08 0.00000e+00
2.84000e-08 0.00000e+00
2.90000e-08 0.00000e+00
2.96000e-08 0.00000e+00
3.01000e-08 0.00000e+00
3.08000e-08 0.00000e+00
3.18000e-08 0.00000e+00
3.28000e-08 0.00000e+00
3.38000e-08 0.00000e+00
3.48000e-08 0.00000e+00
3.57000e-08 0.00000e+00
3.66000e-08 0.00000e+00
3.75000e-08 0.00000e+00
3.85000e-08 0.00000e+00
3.95000e-08 0.00000e+00
4.05000e-08 0.00000e+00
4.14000e-08 0.00000e+00
4.22000e-08 0.00000e+00
4.30000e-08 0.00000e+00
4.41000e-08 0.00000e+00
4.51000e-08 0.00000e+00
4.60000e-08 0.00000e+00
4.70000e-08 0.00000e+00
4.80000e-08 0.00000e+00
4.90000e-08 0.00000e+00
5.00000e-08 0.00000e+00
5.06000e-08 0.00000e+00
5.12000e-08 0.00000e+00
5.20000e-08 0.00000e+00
5.30000e-08 0.00000e+00
5.40000e-08 0.00000e+00
5.50000e-08 0.00000e+00
5.60000e-08 0.00000e+00
5.70000e-08 0.00000e+00
5.80000e-08 0.00000e+00
5.90000e-08 0.00000e+00
6.00000e-08 0.00000e+00
6.10000e-08 0.00000e+00
6.20000e-08 0.00000e+00
6.30000e-08 0.00000e+00
6.40000e-08 0.00000e+00
6.50000e-08 0.00000e+00
6.58000e-08 0.00000e+00
6.65000e-08 0.00000e+00
6.75000e-08 0.00000e+00
6.85000e-08 0.00000e+00
6.95000e-08 0.00000e+00
7.05000e-08 0.00000e+00
7.16000e-08 0.00000e+00
7.26000e-08 0.00000e+00
7.35000e-08 0.00000e+00
7.45000e-08 0.00000e+00
7.55000e-08 0.00000e+00
7.65000e-08 0.00000e+00
7.75000e-08 0.00000e+00
7.85000e-08 0.00000e+00
7.95000e-08 0.00000e+00
8.05000e-08 0.00000e+00
8.15000e-08 0.00000e+00
8.25000e-08 0.00000e+00
8.35000e-08 0.00000e+00
8.45000e-08 0.00000e+00
8.55000e-08 0.00000e+00
8.65000e-08 0.00000e+00
8.75000e-08 0.00000e+00
8.85000e-08 0.00000e+00
8.95000e-08 0.00000e+00
9.05000e-08 0.00000e+00
9.15000e-08 0.00000e+00
9.25000e-08 8.14200e+03
9.35000e-08 1.13555e+04
9.45000e-08 1.57299e+04
9.55000e-08 2.25276e+04
9.65000e-08 3.08468e+04
9.75000e-08 4.17103e+04
9.85000e-08 5.63023e+04
9.95000e-08 7.52148e+04
1.00500e-07 1.02487e+05
1.01500e-07 1.35582e+05
1.02500e-07 1.67728e+05
1.03500e-07 2.33506e+05
1.04500e-07 3.04044e+05
1.05500e-07 3.93273e+05
1.06500e-07 5.05097e+05
1.07500e-07 6.48082e+05
1.08500e-07 8.26601e+05
1.09500e-07 1.04559e+06
1.10500e-07 4.39664e+06
1.11500e-07 8.48596e+06
1.12500e-07 1.24834e+07
1.13500e-07 1.74760e+07
1.14500e-07 2.26772e+07
1.15500e-07 2.53048e+07
1.16500e-07 3.39112e+07
1.17500e-07 4.19673e+07
1.18500e-07 4.31990e+07
1.19500e-07 2.97184e+07
1.20500e-07 3.10304e+07
1.21500e-07 1.25211e+07
1.22500e-07 4.06448e+07
1.23500e-07 9.00982e+07
1.24500e-07 1.75099e+08
1.25500e-07 2.43256e+08
1.26500e-07 2.50820e+08
1.27500e-07 3.39669e+08
1.28500e-07 4.31276e+08
1.29500e-07 5.15801e+08
1.30500e-07 5.17903e+08
1.31500e-07 6.87939e+08
1.32500e-07 7.65510e+08
1.33500e-07 8.55971e+08
1.34500e-07 1.00593e+09
1.35500e-07 1.11079e+09
1.36500e-07 1.22618e+09
1.37500e-07 1.30810e+09
1.38500e-07 1.40814e+09
1.39500e-07 1.58312e+09
1.40500e-07 1.83630e+09
1.41500e-07 2.01120e+09
1.42500e-07 2.23130e+09
1.43500e-07 2.49376e+09
1.44200e-07 3.09032e+09
1.44700e-07 2.91102e+09
1.45500e-07 3.36277e+09
1.46500e-07 3.86696e+09
1.47500e-07 4.26232e+09
1.48500e-07 4.65663e+09
1.49500e-07 5.80580e+09
1.50500e-07 6.73633e+09
1.51200e-07 5.84110e+09
1.51700e-07 6.73872e+09
1.52500e-07 1.18169e+10
1.53500e-07 1.60958e+10
1.54500e-07 1.54163e+10
1.55500e-07 2.03974e+10
1.56500e-07 1.94101e+10
1.57500e-07 2.98620e+10
1.58500e-07 3.49524e+10
1.59500e-07 4.03930e+10
1.60500e-07 4.21141e+10
1.61500e-07 4.56862e+10
1.62500e-07 4.72842e+10
1.63500e-07 5.72235e+10
1.64500e-07 7.34144e+10
1.65500e-07 4.91341e+10
1.66500e-07 8.18684e+10
1.67200e-07 5.92752e+10
1.67700e-07 2.74049e+11
1.68500e-07 2.73576e+11
1.69500e-07 2.70108e+11
1.70500e-07 3.33534e+11
1.71500e-07 5.94845e+11
1.72500e-07 6.90126e+11
1.73500e-07 9.76660e+11
1.74500e-07 1.02459e+12
1.75500e-07 1.61479e+12
1.76500e-07 1.14841e+12
1.77500e-07 1.52085e+12
1.78500e-07 1.85030e+12
1.79500e-07 2.89362e+12
1.80500e-07 2.24001e+12
1.81500e-07 2.00292e+12
1.82500e-07 2.31459e+12
1.83500e-07 2.22946e+12
1.84500e-07 1.35341e+12
1.85500e-07 2.63348e+12
1.86500e-07 3.71063e+12
1.87500e-07 3.49467e+12
1.88500e-07 3.65595e+12
1.89500e-07 4.75069e+12
1.90500e-07 4.39533e+12
1.91500e-07 4.90706e+12
1.92500e-07 3.74481e+12
1.93500e-07 1.58592e+12
1.94500e-07 5.52335e+12
1.95500e-07 5.87871e+12
1.96700e-07 7.48819e+12
1.97600e-07 6.17471e+12
1.98400e-07 7.83876e+12
1.99500e-07 8.42167e+12
2.00500e-07 7.36860e+12
2.01500e-07 7.95813e+12
2.02500e-07 5.89337e+12
2.03500e-07 9.08789e+12
2.04500e-07 1.05019e+13
2.05500e-07 9.82990e+12
2.06500e-07 9.13859e+12
2.07400e-07 1.08917e+13
2.07800e-07 2.08184e+13
2.08500e-07 2.52466e+13
2.09500e-07 2.29590e+13
2.10500e-07 2.06975e+13
2.11500e-07 2.34836e+13
2.12500e-07 2.02347e+13
2.13500e-07 1.83290e+13
2.14500e-07 2.44394e+13
2.15500e-07 2.45449e+13
2.16500e-07 2.05420e+13
2.17500e-07 2.12422e+13
2.18500e-07 2.67155e+13
2.19500e-07 2.68808e+13
2.20500e-07 2.54272e+13
2.21500e-07 1.89332e+13
2.22500e-07 2.16596e+13
2.23500e-07 2.93429e+13
2.24500e-07 2.74810e+13
2.25500e-07 2.01559e+13
2.26500e-07 1.92778e+13
2.27500e-07 2.14962e+13
2.28500e-07 2.87554e+13
2.29500e-07 2.34678e+13
2.30500e-07 2.90166e+13
2.31500e-07 2.44917e+13
2.32500e-07 1.82900e+13
2.33500e-07 1.54320e+13
2.34500e-07 9.20618e+12
2.35500e-07 2.14143e+13
2.36500e-07 1.05329e+13
2.37500e-07 1.53614e+13
2.38500e-07 7.36741e+12
2.39500e-07 1.02339e+13
2.40500e-07 1.01848e+13
2.41500e-07 1.29997e+13
2.42500e-07 2.45983e+13
2.43500e-07 2.42244e+13
2.44500e-07 2.92913e+13
2.45500e-07 3.11240e+13
2.46500e-07 2.75401e+13
2.47500e-07 2.39066e+13
2.48500e-07 1.55665e+13
2.49500e-07 1.80945e+13
2.50500e-07 3.00597e+13
2.51300e-07 1.04533e+13
2.51800e-07 7.19851e+12
2.52500e-07 8.93251e+12
2.53500e-07 1.56637e+13
2.54500e-07 1.71445e+13
2.55500e-07 2.93338e+13
2.56500e-07 2.21100e+13
2.57500e-07 2.80237e+13
2.58500e-07 2.51615e+13
2.59500e-07 2.21926e+13
2.60500e-07 1.90535e+13
2.61500e-07 1.64796e+13
2.62500e-07 2.43612e+13
2.63500e-07 3.88373e+13
2.64500e-07 5.34168e+13
2.65500e-07 6.62496e+13
2.66500e-07 4.47920e+13
2.67500e-07 5.22296e+13
2.68500e-07 5.71898e+13
2.69500e-07 4.46302e+13
2.70500e-07 5.25681e+13
2.71500e-07 4.00157e+13
2.72500e-07 3.71204e+13
2.73500e-07 4.39890e+13
2.74500e-07 2.22633e+13
2.75500e-07 3.03349e+13
2.76500e-07 3.90600e+13
2.77500e-07 4.25084e+13
2.78500e-07 2.41230e+13
2.79500e-07 9.20797e+12
2.80500e-07 1.16773e+13
2.81500e-07 3.79563e+13
2.82500e-07 5.78175e+13
2.83500e-07 5.72884e+13
2.84500e-07 4.80523e+13
2.85500e-07 2.79485e+13
2.86500e-07 6.27454e+13
2.87500e-07 7.12247e+13
2.88500e-07 6.29647e+13
2.89500e-07 6.84235e+13
2.91000e-07 8.62181e+13
2.93000e-07 7.68302e+13
2.95000e-07 7.49045e+13
2.97000e-07 8.09375e+13
2.99000e-07 8.17968e+13
3.01000e-07 8.71169e+13
3.03000e-07 8.63030e+13
3.05000e-07 8.99212e+13
3.07000e-07 9.10478e+13
3.09000e-07 9.17985e+13
3.11000e-07 9.33170e+13
3.13000e-07 9.23858e+13
3.15000e-07 8.90219e+13
3.17000e-07 9.26483e+13
3.19000e-07 8.36492e+13
3.21000e-07 9.31141e+13
3.23000e-07 8.04347e+13
3.25000e-07 9.66927e+13
3.27000e-07 1.07337e+14
3.29000e-07 1.04038e+14
3.31000e-07 1.05959e+14
3.33000e-07 1.05590e+14
3.35000e-07 1.04682e+14
3.37000e-07 9.22545e+13
3.39000e-07 9.96990e+13
3.41000e-07 9.93979e+13
3.43000e-07 9.99681e+13
3.45000e-07 1.03965e+14
3.47000e-07 1.04901e+14
3.49000e-07 1.09174e+14
3.51000e-07 1.12040e+14
3.53000e-07 1.06819e+14
3.55000e-07 1.18957e+14
3.57000e-07 1.01873e+14
3.59000e-07 9.80608e+13
3.61000e-07 1.04965e+14
3.63000e-07 1.05149e+14
3.64000e-07 1.06403e+14
3.65000e-07 1.17675e+14
3.67000e-07 1.15635e+14
3.69000e-07 1.08727e+14
3.71000e-07 1.15134e+14
3.73000e-07 1.04060e+14
3.75000e-07 1.14424e+14
3.77000e-07 1.25793e+14
3.79000e-07 1.34658e+14
3.81000e-07 1.44001e+14
3.83000e-07 1.04832e+14
3.85000e-07 1.43403e+14
3.87000e-07 1.46183e+14
3.89000e-07 1.28912e+14
3.91000e-07 1.48412e+14
3.93000e-07 8.44252e+13
3.95000e-07 1.29239e+14
3.97000e-07 9.10221e+13
3.99000e-07 1.59953e+14
4.01000e-07 1.69008e+14
4.03000e-07 1.71465e+14
4.05000e-07 1.67183e+14
4.07000e-07 1.64466e+14
4.09000e-07 1.68073e+14
4.11000e-07 1.53187e+14
4.13000e-07 1.72413e+14
4.15000e-07 1.76860e+14
4.17000e-07 1.75935e+14
4.19000e-07 1.72457e+14
4.21000e-07 1.71915e+14
4.23000e-07 1.65648e+14
4.25000e-07 1.68932e+14
4.27000e-07 1.63107e+14
4.29000e-07 1.55983e+14
4.31000e-07 1.38990e+14
4.33000e-07 1.60075e+14
4.35000e-07 1.48544e+14
4.37000e-07 1.74808e+14
4.39000e-07 1.66388e+14
4.41000e-07 1.70154e+14
4.43000e-07 1.71863e+14
4.45000e-07 1.70643e+14
4.47000e-07 1.74866e+14
4.49000e-07 1.73940e+14
4.51000e-07 1.85030e+14
4.53000e-07 1.72308e+14
4.55000e-07 1.74776e+14
4.57000e-07 1.82982e+14
4.59000e-07 1.74079e+14
4.61000e-07 1.77088e+14
4.63000e-07 1.73785e+14
4.65000e-07 1.75416e+14
4.67000e-07 1.78218e+14
4.69000e-07 1.74200e+14
4.71000e-07 1.68008e+14
4.73000e-07 1.75274e+14
4.75000e-07 1.76122e+14
4.77000e-07 1.75327e+14
4.79000e-07 1.74079e+14
4.81000e-07 1.72358e+14
4.83000e-07 1.72581e+14
4.85000e-07 1.57697e+14
4.87000e-07 1.36646e+14
4.89000e-07 1.63881e+14
4.91000e-07 1.64627e+14
4.93000e-07 1.62085e+14
4.95000e-07 1.66252e+14
4.97000e-07 1.67723e+14
4.99000e-07 1.58347e+14
5.01000e-07 1.53528e+14
5.03000e-07 1.60172e+14
5.05000e-07 1.59437e+14
5.07000e-07 1.63634e+14
5.09000e-07 1.59501e+14
5.11000e-07 1.60938e+14
5.13000e-07 1.57424e+14
5.15000e-07 1.53348e+14
5.17000e-07 1.46710e+14
5.19000e-07 1.46057e+14
5.21000e-07 1.51794e+14
5.23000e-07 1.52797e+14
5.25000e-07 1.55613e+14
5.27000e-07 1.43148e+14
5.29000e-07 1.53282e+14
5.31000e-07 1.55189e+14
5.33000e-07 1.45685e+14
5.35000e-07 1.51929e+14
5.37000e-07 1.50695e+14
5.39000e-07 1.49449e+14
5.41000e-07 1.45528e+14
5.43000e-07 1.48444e+14
5.45000e-07 1.49817e+14
5.47000e-07 1.47502e+14
5.49000e-07 1.48029e+14
5.51000e-07 1.47118e+14
5.53000e-07 1.46487e+14
5.55000e-07 1.47011e+14
5.57000e-07 1.43674e+14
5.59000e-07 1.42298e+14
5.61000e-07 1.43668e+14
5.63000e-07 1.44051e+14
5.65000e-07 1.43423e+14
5.67000e-07 1.40608e+14
5.69000e-07 1.41657e+14
5.71000e-07 1.39719e+14
5.73000e-07 1.44104e+14
5.75000e-07 1.40699e+14
5.77000e-07 1.41015e+14
5.79000e-07 1.39099e+14
5.81000e-07 1.39661e+14
5.83000e-07 1.40056e+14
5.85000e-07 1.37713e+14
5.87000e-07 1.37378e+14
5.89000e-07 1.32646e+14
5.91000e-07 1.35751e+14
5.93000e-07 1.35019e+14
5.95000e-07 1.34826e+14
5.97000e-07 1.34209e+14
5.99000e-07 1.33010e+14
6.01000e-07 1.31250e+14
6.03000e-07 1.30889e+14
6.05000e-07 1.32052e+14
6.07000e-07 1.31163e+14
6.09000e-07 1.29115e+14
6.11000e-07 1.27877e+14
6.13000e-07 1.24297e+14
6.15000e-07 1.24496e+14
6.17000e-07 1.22671e+14
6.19000e-07 1.25891e+14
6.21000e-07 1.25423e+14
6.23000e-07 1.23212e+14
6.25000e-07 1.19724e+14
6.27000e-07 1.23437e+14
6.29000e-07 1.23034e+14
6.31000e-07 1.20164e+14
6.33000e-07 1.20281e+14
6.35000e-07 1.19917e+14
6.37000e-07 1.19165e+14
6.39000e-07 1.19287e+14
6.41000e-07 1.16545e+14
6.43000e-07 1.16969e+14
6.45000e-07 1.15892e+14
6.47000e-07 1.15276e+14
6.49000e-07 1.13645e+14
6.51000e-07 1.14352e+14
6.53000e-07 1.12946e+14
6.55000e-07 1.04820e+14
6.56125e-07 8.75301e+13
6.59000e-07 1.08869e+14
6.61000e-07 1.11755e+14
6.63000e-07 1.11433e+14
6.65000e-07 1.11011e+14
6.67000e-07 1.09830e+14
6.69000e-07 1.10504e+14
6.71000e-07 1.09001e+14
6.73000e-07 1.09103e+14
6.75000e-07 1.07994e+14
6.77000e-07 1.07801e+14
6.79000e-07 1.07020e+14
6.81000e-07 1.06270e+14
6.83000e-07 1.05988e+14
6.85000e-07 1.04374e+14
6.87000e-07 1.04693e+14
6.89000e-07 1.04364e+14
6.91000e-07 1.03508e+14
6.93000e-07 1.03076e+14
6.95000e-07 1.02531e+14
6.97000e-07 1.01943e+14
6.99000e-07 1.01546e+14
7.01000e-07 9.92730e+13
7.03000e-07 9.98371e+13
7.05000e-07 9.96883e+13
7.07000e-07 9.89442e+13
7.09000e-07 9.82744e+13
7.11000e-07 9.73496e+13
7.13000e-07 9.66487e+13
7.15000e-07 9.61087e+13
7.17000e-07 9.54634e+13
7.19000e-07 9.39565e+13
7.21000e-07 9.44940e+13
7.23000e-07 9.40368e+13
7.25000e-07 9.39631e+13
7.27000e-07 9.35466e+13
7.29000e-07 9.16588e+13
7.31000e-07 9.20886e+13
7.33000e-07 9.16638e+13
7.35000e-07 9.15841e+13
7.37000e-07 9.12125e+13
7.39000e-07 8.94088e+13
7.41000e-07 8.76026e+13
7.43000e-07 8.85647e+13
7.45000e-07 8.84360e+13
7.47000e-07 8.83749e+13
7.49000e-07 8.75611e+13
7.51000e-07 8.72690e+13
7.53000e-07 8.70519e+13
7.55000e-07 8.69482e+13
7.57000e-07 8.61015e+13
7.59000e-07 8.56026e+13
7.61000e-07 8.50361e+13
7.63000e-07 8.48627e+13
7.65000e-07 8.43294e+13
7.67000e-07 8.25902e+13
7.69000e-07 8.33079e+13
7.71000e-07 8.23439e+13
7.73000e-07 8.24227e+13
7.75000e-07 8.13142e+13
7.77000e-07 8.08587e+13
7.79000e-07 8.14621e+13
7.81000e-07 8.08046e+13
7.83000e-07 7.98946e+13
7.85000e-07 7.93290e+13
7.87000e-07 7.96258e+13
7.89000e-07 7.92045e+13
7.91000e-07 7.84252e+13
7.93000e-07 7.71494e+13
7.95000e-07 7.70717e+13
7.97000e-07 7.75513e+13
7.99000e-07 7.71812e+13
8.01000e-07 7.62091e+13
8.03000e-07 7.59351e+13
8.05000e-07 7.53083e+13
8.07000e-07 7.54388e+13
8.09000e-07 7.43985e+13
8.11000e-07 7.46678e+13
8.13000e-07 7.44662e+13
8.15000e-07 7.39367e+13
8.17000e-07 7.35130e+13
8.19000e-07 7.16268e+13
8.21000e-07 7.17142e+13
8.23000e-07 7.12548e+13
8.25000e-07 7.12529e+13
8.27000e-07 7.16248e+13
8.29000e-07 7.11535e+13
8.31000e-07 7.01186e+13
8.33000e-07 6.91959e+13
8.35000e-07 6.95619e+13
8.37000e-07 6.94718e+13
8.39000e-07 6.84399e+13
8.41000e-07 6.86634e+13
8.43000e-07 6.76859e+13
8.45000e-07 6.71496e+13
8.47000e-07 6.67016e+13
8.49000e-07 6.66281e+13
8.51000e-07 6.39328e+13
8.53000e-07 6.63826e+13
8.55000e-07 6.20579e+13
8.57000e-07 6.63030e+13
8.59000e-07 6.44068e+13
8.61000e-07 6.39097e+13
8.63000e-07 6.51819e+13
8.65000e-07 6.44730e+13
8.67000e-07 5.89586e+13
8.69000e-07 6.28332e+13
8.71000e-07 6.36027e+13
8.73000e-07 6.29854e+13
8.75000e-07 5.97848e+13
8.77000e-07 6.23436e+13
8.79000e-07 6.24356e+13
8.81000e-07 6.15118e+13
8.83000e-07 6.14509e+13
8.85000e-07 6.03317e+13
8.87000e-07 5.72540e+13
8.89000e-07 6.07815e+13
8.91000e-07 6.07984e+13
8.93000e-07 5.99500e+13
8.95000e-07 6.00539e+13
8.97000e-07 5.98099e+13
8.99000e-07 5.93856e+13
9.01000e-07 5.46996e+13
9.03000e-07 5.72897e+13
9.05000e-07 5.88629e+13
9.07000e-07 5.75732e+13
9.09000e-07 5.62305e+13
9.11000e-07 5.71141e+13
9.13000e-07 5.77184e+13
9.15000e-07 5.74708e+13
9.17000e-07 5.70860e+13
9.19000e-07 5.68824e+13
9.21000e-07 5.52322e+13
9.23000e-07 5.08009e+13
9.25000e-07 5.41655e+13
9.27000e-07 5.49184e+13
9.29000e-07 5.54200e+13
9.31000e-07 5.52994e+13
9.33000e-07 5.48592e+13
9.35000e-07 5.46032e+13
9.37000e-07 5.43961e+13
9.39000e-07 5.41048e+13
9.41000e-07 5.19606e+13
9.43000e-07 5.32782e+13
9.45000e-07 5.27788e+13
9.47000e-07 5.30686e+13
9.49000e-07 5.29120e+13
9.51000e-07 5.22815e+13
9.53000e-07 5.13239e+13
9.55000e-07 4.67554e+13
9.57000e-07 5.08505e+13
9.59000e-07 5.13965e+13
9.61000e-07 5.08360e+13
9.63000e-07 5.02310e+13
9.65000e-07 5.03467e+13
9.67000e-07 4.98566e+13
9.69000e-07 5.00322e+13
9.71000e-07 4.99981e+13
9.73000e-07 4.97808e+13
9.75000e-07 4.91052e+13
9.77000e-07 4.91096e+13
9.79000e-07 4.88817e+13
9.81000e-07 4.87178e+13
9.83000e-07 4.84886e+13
9.85000e-07 4.81909e+13
9.87000e-07 4.77908e+13
9.89000e-07 4.74783e+13
9.91000e-07 4.72754e+13
9.93000e-07 4.73220e+13
9.95000e-07 4.71358e+13
9.97000e-07 4.69279e+13
9.99000e-07 4.66194e+13
1.00250e-06 4.53161e+13
1.00750e-06 4.38468e+13
1.01250e-06 4.49288e+13
1.01750e-06 4.43355e+13
1.02250e-06 4.40255e+13
1.02750e-06 4.36623e+13
1.03250e-06 4.28729e+13
1.03750e-06 4.24292e+13
1.04250e-06 4.20336e+13
1.04750e-06 4.11732e+13
1.05250e-06 4.09496e+13
1.05750e-06 4.04386e+13
1.06250e-06 3.98586e+13
1.06750e-06 3.87026e+13
1.07250e-06 3.87356e+13
1.07750e-06 3.82666e+13
1.08250e-06 3.76375e+13
1.08750e-06 3.72253e+13
1.09250e-06 3.50294e+13
1.09750e-06 3.59339e+13
1.10250e-06 3.63711e+13
1.10750e-06 3.61202e+13
1.11250e-06 3.55893e+13
1.11750e-06 3.51267e+13
1.12250e-06 3.48922e+13
1.12750e-06 3.39967e+13
1.13250e-06 3.37177e+13
1.13750e-06 3.35326e+13
1.14250e-06 3.29078e+13
1.14750e-06 3.30222e+13
1.15250e-06 3.26541e+13
1.15750e-06 3.21729e+13
1.16250e-06 3.14926e+13
1.16750e-06 3.11239e+13
1.17250e-06 3.12673e+13
1.17750e-06 3.03421e+13
1.18250e-06 3.01803e+13
1.18750e-06 2.97183e+13
1.19250e-06 2.99836e+13
1.19750e-06 2.90349e+13
1.20250e-06 2.90936e+13
1.20750e-06 2.86723e+13
1.21250e-06 2.85106e+13
1.21750e-06 2.83964e+13
1.22250e-06 2.80738e+13
1.22750e-06 2.76705e+13
1.23250e-06 2.74366e+13
1.23750e-06 2.71587e+13
1.24250e-06 2.68747e+13
1.24750e-06 2.66379e+13
1.25250e-06 2.62960e+13
1.25750e-06 2.59443e+13
1.26250e-06 2.57156e+13
1.26750e-06 2.54404e+13
1.27250e-06 2.52456e+13
1.27750e-06 2.47690e+13
1.28250e-06 2.25110e+13
1.28750e-06 2.42607e+13
1.29250e-06 2.41636e+13
1.29750e-06 2.40270e+13
1.30250e-06 2.37030e+13
1.30750e-06 2.35661e+13
1.31250e-06 2.31769e+13
1.31750e-06 2.28950e+13
1.32250e-06 2.28514e+13
1.32750e-06 2.25108e+13
1.33250e-06 2.23506e+13
1.33750e-06 2.20933e+13
1.34250e-06 2.19583e+13
1.34750e-06 2.17272e+13
1.35250e-06 2.14844e+13
1.35750e-06 2.11445e+13
1.36250e-06 2.10444e+13
1.36750e-06 2.08062e+13
1.37250e-06 2.04869e+13
1.37750e-06 2.03781e+13
1.38250e-06 2.02132e+13
1.38750e-06 2.00933e+13
1.39250e-06 1.98385e+13
1.39750e-06 1.96640e+13
1.40250e-06 1.94053e+13
1.40750e-06 1.93057e+13
1.41250e-06 1.89993e+13
1.41750e-06 1.89518e+13
1.42250e-06 1.85831e+13
1.42750e-06 1.83431e+13
1.43250e-06 1.83624e+13
1.43750e-06 1.82658e+13
1.44250e-06 1.75769e+13
1.44750e-06 1.78707e+13
1.45250e-06 1.74220e+13
1.45700e-06 1.74787e+13
1.46200e-06 1.72967e+13
1.46750e-06 1.71682e+13
1.47250e-06 1.68708e+13
1.47750e-06 1.66940e+13
1.48250e-06 1.66158e+13
1.48750e-06 1.62666e+13
1.49250e-06 1.64315e+13
1.49750e-06 1.61522e+13
1.50250e-06 1.57998e+13
1.50750e-06 1.56570e+13
1.51250e-06 1.57379e+13
1.51750e-06 1.56174e+13
1.52250e-06 1.53476e+13
1.52750e-06 1.52875e+13
1.53250e-06 1.50905e+13
1.53750e-06 1.49624e+13
1.54250e-06 1.47828e+13
1.54750e-06 1.46751e+13
1.55250e-06 1.44770e+13
1.55750e-06 1.42737e+13
1.56250e-06 1.43401e+13
1.56750e-06 1.39755e+13
1.57250e-06 1.38807e+13
1.57750e-06 1.36366e+13
1.58250e-06 1.36560e+13
1.58750e-06 1.30955e+13
1.59250e-06 1.33579e+13
1.59750e-06 1.34183e+13
1.60500e-06 1.31043e+13
1.61500e-06 1.26878e+13
1.62500e-06 1.27713e+13
1.63500e-06 1.23228e+13
1.64500e-06 1.18779e+13
1.65500e-06 1.20429e+13
1.66500e-06 1.18184e+13
1.67500e-06 1.13328e+13
1.68500e-06 1.08468e+13
1.69500e-06 1.11299e+13
1.70500e-06 1.08316e+13
1.71500e-06 1.06572e+13
1.72500e-06 1.03258e+13
1.73500e-06 9.59477e+12
1.74500e-06 9.85219e+12
1.75500e-06 9.78317e+12
1.76500e-06 9.59160e+12
1.77500e-06 9.41556e+12
1.78500e-06 9.24663e+12
1.79500e-06 9.08379e+12
1.80500e-06 8.84593e+12
1.81500e-06 8.22518e+12
1.82500e-06 8.38775e+12
1.83500e-06 8.36158e+12
1.84500e-06 8.17214e+12
1.85500e-06 8.04025e+12
1.86500e-06 7.81866e+12
1.87500e-06 7.15136e+12
1.88500e-06 7.52406e+12
1.89500e-06 7.32914e+12
1.90500e-06 7.32808e+12
1.91500e-06 7.17675e+12
1.92500e-06 7.04159e+12
1.93500e-06 6.84785e+12
1.94500e-06 6.32341e+12
1.95500e-06 6.61906e+12
1.96500e-06 6.52844e+12
1.97500e-06 6.39924e+12
1.98500e-06 6.30834e+12
1.99500e-06 6.19614e+12
2.00500e-06 6.10103e+12
2.01500e-06 6.00768e+12
2.02500e-06 5.86875e+12
2.03500e-06 5.74053e+12
2.04500e-06 5.69173e+12
2.05500e-06 5.58482e+12
2.06500e-06 5.46001e+12
2.07500e-06 5.37933e+12
2.08500e-06 5.29033e+12
2.09500e-06 5.17858e+12
2.10500e-06 5.10960e+12
2.11500e-06 5.01347e+12
2.12500e-06 4.92702e+12
2.13500e-06 4.85196e+12
2.14500e-06 4.77702e+12
2.15500e-06 4.67536e+12
2.16500e-06 4.30876e+12
2.17500e-06 4.48887e+12
2.18500e-06 4.44338e+12
2.19500e-06 4.39587e+12
2.20500e-06 4.29604e+12
2.21500e-06 4.23929e+12
2.22500e-06 4.17654e+12
2.23500e-06 4.10870e+12
2.24500e-06 4.04064e+12
2.25500e-06 3.96236e+12
2.26500e-06 3.90490e+12
2.27500e-06 3.84655e+12
2.28500e-06 3.77782e+12
2.29500e-06 3.73238e+12
2.30500e-06 3.68262e+12
2.31500e-06 3.61608e+12
2.32500e-06 3.56281e+12
2.33500e-06 3.49898e+12
2.34500e-06 3.45311e+12
2.35500e-06 3.38968e+12
2.36500e-06 3.34174e+12
2.37500e-06 3.28140e+12
2.38500e-06 3.22400e+12
2.39500e-06 3.18380e+12
2.40500e-06 3.13029e+12
2.41500e-06 3.08039e+12
2.42500e-06 3.03466e+12
2.43500e-06 2.98240e+12
2.44500e-06 2.94293e+12
2.45500e-06 2.88519e+12
2.46500e-06 2.85656e+12
2.47500e-06 2.80782e+12
2.48500e-06 2.75482e+12
2.49500e-06 2.72183e+12
2.50500e-06 2.70098e+12
2.51500e-06 2.65298e+12
2.52500e-06 2.60766e+12
2.53500e-06 2.57347e+12
2.54500e-06 2.53753e+12
2.55500e-06 2.49323e+12
2.56500e-06 2.44365e+12
2.57500e-06 2.43130e+12
2.58500e-06 2.38321e+12
2.59500e-06 2.36309e+12
2.60500e-06 2.32200e+12
2.61500e-06 2.26637e+12
2.62500e-06 2.12153e+12
2.63500e-06 2.21565e+12
2.64500e-06 2.19279e+12
2.65500e-06 2.16679e+12
2.66500e-06 2.12059e+12
2.67500e-06 2.08155e+12
2.68500e-06 2.07930e+12
2.69500e-06 2.05819e+12
2.70500e-06 2.02982e+12
2.71500e-06 2.00099e+12
2.72500e-06 1.97360e+12
2.73500e-06 1.94831e+12
2.74500e-06 1.91929e+12
2.75500e-06 1.85873e+12
2.76500e-06 1.85009e+12
2.77500e-06 1.84167e+12
2.78500e-06 1.81939e+12
2.79500e-06 1.79752e+12
2.80500e-06 1.77290e+12
2.81500e-06 1.75015e+12
2.82500e-06 1.72626e+12
2.83500e-06 1.70511e+12
2.84500e-06 1.67806e+12
2.85500e-06 1.65801e+12
2.86500e-06 1.62433e+12
2.87500e-06 1.57048e+12
2.88500e-06 1.58894e+12
2.89500e-06 1.57403e+12
2.90500e-06 1.55419e+12
2.91500e-06 1.53264e+12
2.92500e-06 1.51245e+12
2.93500e-06 1.49547e+12
2.94500e-06 1.47438e+12
2.95500e-06 1.45743e+12
2.96500e-06 1.43943e+12
2.97500e-06 1.42092e+12
2.98500e-06 1.40325e+12
2.99500e-06 1.38382e+12
3.00500e-06 1.36678e+12
3.01500e-06 1.35048e+12
3.02500e-06 1.33086e+12
3.03500e-06 1.27818e+12
3.04500e-06 1.28056e+12
3.05500e-06 1.28261e+12
3.06500e-06 1.26711e+12
3.07500e-06 1.25406e+12
3.08500e-06 1.23593e+12
3.09500e-06 1.22178e+12
3.10500e-06 1.20803e+12
3.11500e-06 1.18646e+12
3.12500e-06 1.17768e+12
3.13500e-06 1.16451e+12
3.14500e-06 1.15015e+12
3.15500e-06 1.13405e+12
3.16500e-06 1.12306e+12
3.17500e-06 1.10889e+12
3.18500e-06 1.09663e+12
3.19500e-06 1.08450e+12
3.21000e-06 1.06368e+12
3.23000e-06 1.04004e+12
3.25000e-06 1.01522e+12
3.27000e-06 9.91142e+11
3.29000e-06 9.43418e+11
3.31000e-06 9.41646e+11
3.33000e-06 9.23574e+11
3.35000e-06 9.04589e+11
3.37000e-06 8.82606e+11
3.39000e-06 8.62322e+11
3.41000e-06 8.42355e+11
3.43000e-06 8.26220e+11
3.45000e-06 8.09199e+11
3.47000e-06 7.90918e+11
3.49000e-06 7.73899e+11
3.51000e-06 7.57308e+11
3.53000e-06 7.40255e+11
3.55000e-06 7.24913e+11
3.57000e-06 7.08537e+11
3.59000e-06 6.93678e+11
3.61000e-06 6.79827e+11
3.63000e-06 6.65695e+11
3.65000e-06 6.49964e+11
3.67000e-06 6.36634e+11
3.69000e-06 6.20123e+11
3.71000e-06 6.08091e+11
3.73000e-06 5.90783e+11
3.75000e-06 5.71987e+11
3.77000e-06 5.73277e+11
3.79000e-06 5.61840e+11
3.81000e-06 5.50429e+11
3.83000e-06 5.40483e+11
3.85000e-06 5.30740e+11
3.87000e-06 5.19206e+11
3.89000e-06 5.08901e+11
3.91000e-06 4.98164e+11
3.93000e-06 4.90228e+11
3.95000e-06 4.79916e+11
3.97000e-06 4.71221e+11
3.99000e-06 4.60214e+11
4.01000e-06 4.51160e+11
4.03000e-06 4.43028e+11
4.05000e-06 4.25388e+11
4.07000e-06 4.27335e+11
4.09000e-06 4.19675e+11
4.11000e-06 4.12412e+11
4.13000e-06 4.05004e+11
4.15000e-06 3.96669e+11
4.17000e-06 3.87370e+11
4.19000e-06 3.82114e+11
4.21000e-06 3.74326e+11
4.23000e-06 3.69363e+11
4.25000e-06 3.62078e+11
4.27000e-06 3.56008e+11
4.29000e-06 3.49114e+11
4.31000e-06 3.42292e+11
4.33000e-06 3.35943e+11
4.35000e-06 3.29138e+11
4.37000e-06 3.20233e+11
4.39000e-06 3.16834e+11
4.41000e-06 3.10693e+11
4.43000e-06 3.05878e+11
4.45000e-06 3.00680e+11
4.47000e-06 2.95017e+11
4.49000e-06 2.90358e+11
4.51000e-06 2.85232e+11
4.53000e-06 2.80130e+11
4.55000e-06 2.75744e+11
4.57000e-06 2.71153e+11
4.59000e-06 2.66221e+11
4.61000e-06 2.62338e+11
4.63000e-06 2.57792e+11
4.65000e-06 2.47564e+11
4.67000e-06 2.46330e+11
4.69000e-06 2.45500e+11
4.71000e-06 2.41807e+11
4.73000e-06 2.38150e+11
4.75000e-06 2.34195e+11
4.77000e-06 2.30447e+11
4.79000e-06 2.26901e+11
4.81000e-06 2.23048e+11
4.83000e-06 2.19702e+11
4.85000e-06 2.16020e+11
4.87000e-06 2.12661e+11
4.89000e-06 2.09318e+11
4.91000e-06 2.06054e+11
4.93000e-06 2.02758e+11
4.95000e-06 1.99539e+11
4.97000e-06 1.96411e+11
4.99000e-06 1.93554e+11
5.01000e-06 1.90556e+11
5.03000e-06 1.87659e+11
5.05000e-06 1.84536e+11
5.07000e-06 1.81851e+11
5.09000e-06 1.79146e+11
5.11000e-06 1.76029e+11
5.13000e-06 1.71138e+11
5.15000e-06 1.70990e+11
5.17000e-06 1.68711e+11
5.19000e-06 1.66099e+11
5.21000e-06 1.63507e+11
5.23000e-06 1.61116e+11
5.25000e-06 1.58893e+11
5.27000e-06 1.56618e+11
5.29000e-06 1.54197e+11
5.31000e-06 1.52049e+11
5.33000e-06 1.49783e+11
5.35000e-06 1.47665e+11
5.37000e-06 1.45444e+11
5.39000e-06 1.43458e+11
5.41000e-06 1.41460e+11
5.43000e-06 1.39244e+11
5.45000e-06 1.37451e+11
5.47000e-06 1.35289e+11
5.49000e-06 1.33530e+11
5.51000e-06 1.31756e+11
5.53000e-06 1.29905e+11
5.55000e-06 1.28066e+11
5.57000e-06 1.26358e+11
5.59000e-06 1.24335e+11
5.61000e-06 1.22839e+11
5.63000e-06 1.21100e+11
5.65000e-06 1.19560e+11
5.67000e-06 1.17933e+11
5.69000e-06 1.16241e+11
5.71000e-06 1.14742e+11
5.73000e-06 1.13195e+11
5.75000e-06 1.11651e+11
5.77000e-06 1.10128e+11
5.79000e-06 1.08630e+11
5.81000e-06 1.07200e+11
5.83000e-06 1.05809e+11
5.85000e-06 1.04426e+11
5.87000e-06 1.02949e+11
5.89000e-06 1.01316e+11
5.91000e-06 9.86542e+10
5.93000e-06 9.89647e+10
5.95000e-06 9.75110e+10
5.97000e-06 9.64444e+10
5.99000e-06 9.51966e+10
6.01000e-06 9.39039e+10
6.03000e-06 9.27702e+10
6.05000e-06 9.15856e+10
6.07000e-06 9.03746e+10
6.09000e-06 8.91736e+10
6.11000e-06 8.79338e+10
6.13000e-06 8.69649e+10
6.15000e-06 8.58962e+10
6.17000e-06 8.48029e+10
6.19000e-06 8.37416e+10
6.21000e-06 8.26941e+10
6.23000e-06 8.15030e+10
6.25000e-06 8.05839e+10
6.27000e-06 7.95829e+10
6.29000e-06 7.86510e+10
6.31000e-06 7.75808e+10
6.33000e-06 7.67350e+10
6.35000e-06 7.57749e+10
6.37000e-06 7.48375e+10
6.39000e-06 7.39186e+10
6.42000e-06 7.26042e+10
6.46000e-06 7.08250e+10
6.50000e-06 6.91062e+10
6.54000e-06 6.75192e+10
6.58000e-06 6.59281e+10
6.62000e-06 6.43610e+10
6.66000e-06 6.28827e+10
6.70000e-06 6.14031e+10
6.74000e-06 5.99724e+10
6.78000e-06 5.86161e+10
6.82000e-06 5.72769e+10
6.86000e-06 5.59761e+10
6.90000e-06 5.47118e+10
6.94000e-06 5.34712e+10
6.98000e-06 5.22972e+10
7.02000e-06 5.11044e+10
7.06000e-06 5.00024e+10
7.10000e-06 4.89129e+10
7.14000e-06 4.78454e+10
7.18000e-06 4.68030e+10
7.22000e-06 4.57800e+10
7.26000e-06 4.48002e+10
7.30000e-06 4.38602e+10
7.34000e-06 4.29122e+10
7.38000e-06 4.20201e+10
7.42000e-06 4.11167e+10
7.46000e-06 3.98795e+10
7.50000e-06 3.90983e+10
7.54000e-06 3.85990e+10
7.58000e-06 3.78256e+10
7.62000e-06 3.70493e+10
7.66000e-06 3.62980e+10
7.70000e-06 3.55521e+10
7.74000e-06 3.48454e+10
7.78000e-06 3.41469e+10
7.82000e-06 3.34652e+10
7.86000e-06 3.28010e+10
7.90000e-06 3.21522e+10
7.94000e-06 3.15183e+10
7.98000e-06 3.09038e+10
8.02000e-06 3.02923e+10
8.06000e-06 2.97030e+10
8.10000e-06 2.91393e+10
8.14000e-06 2.85660e+10
8.18000e-06 2.80255e+10
8.22000e-06 2.75008e+10
8.26000e-06 2.69761e+10
8.30000e-06 2.64707e+10
8.34000e-06 2.59617e+10
8.38000e-06 2.54822e+10
8.42000e-06 2.50153e+10
8.46000e-06 2.45535e+10
8.50000e-06 2.41024e+10
8.54000e-06 2.36597e+10
8.58000e-06 2.32293e+10
8.62000e-06 2.28048e+10
8.66000e-06 2.23957e+10
8.70000e-06 2.19941e+10
8.74000e-06 2.15984e+10
8.78000e-06 2.12135e+10
8.82000e-06 2.08297e+10
8.86000e-06 2.04640e+10
8.90000e-06 2.01012e+10
8.94000e-06 1.97539e+10
8.98000e-06 1.94017e+10
9.02000e-06 1.90703e+10
9.06000e-06 1.87462e+10
9.10000e-06 1.84143e+10
9.14000e-06 1.81006e+10
9.18000e-06 1.77966e+10
9.22000e-06 1.74958e+10
9.26000e-06 1.71987e+10
9.30000e-06 1.69100e+10
9.34000e-06 1.66242e+10
9.38000e-06 1.63474e+10
9.42000e-06 1.60752e+10
9.46000e-06 1.58086e+10
9.50000e-06 1.55472e+10
9.54000e-06 1.52892e+10
9.58000e-06 1.50427e+10
9.62000e-06 1.47945e+10
9.66000e-06 1.45572e+10
9.70000e-06 1.43217e+10
9.74000e-06 1.40832e+10
9.78000e-06 1.38615e+10
9.82000e-06 1.36413e+10
9.86000e-06 1.34255e+10
9.90000e-06 1.32138e+10
9.94000e-06 1.30028e+10
9.98000e-06 1.27986e+10
1.00200e-05 1.25979e+10
2.00000e-05 8.11882e+08
4.00000e-05 5.08021e+07
6.00000e-05 9.97362e+06
8.00000e-05 3.13552e+06
1.00000e-04 1.27685e+06
1.20000e-04 6.12606e+05
1.40000e-04 3.29159e+05
1.60000e-04 1.92147e+05
