9.09000e-09 0.00000e+00
9.35000e-09 0.00000e+00
9.61000e-09 0.00000e+00
9.77000e-09 0.00000e+00
9.96000e-09 0.00000e+00
1.02000e-08 0.00000e+00
1.03800e-08 0.00000e+00
1.05600e-08 0.00000e+00
1.07700e-08 0.00000e+00
1.10400e-08 0.00000e+00
1.14000e-08 0.00000e+00
1.17800e-08 0.00000e+00
1.21300e-08 0.00000e+00
1.24800e-08 0.00000e+00
1.27100e-08 0.00000e+00
1.28400e-08 0.00000e+00
1.30500e-08 0.00000e+00
1.32400e-08 0.00000e+00
1.33900e-08 0.00000e+00
1.36600e-08 0.00000e+00
1.39800e-08 0.00000e+00
1.43300e-08 0.00000e+00
1.47200e-08 0.00000e+00
1.51000e-08 0.00000e+00
1.55200e-08 0.00000e+00
1.58800e-08 0.00000e+00
1.62000e-08 0.00000e+00
1.66000e-08 0.00000e+00
1.70300e-08 0.00000e+00
1.73400e-08 0.00000e+00
1.76800e-08 0.00000e+00
1.80200e-08 0.00000e+00
1.81700e-08 0.00000e+00
1.86100e-08 0.00000e+00
1.91000e-08 0.00000e+00
1.93900e-08 0.00000e+00
1.98400e-08 0.00000e+00
2.01800e-08 0.00000e+00
2.05000e-08 0.00000e+00
2.10500e-08 0.00000e+00
2.16200e-08 0.00000e+00
2.19800e-08 0.00000e+00
2.23000e-08 0.00000e+00
2.26800e-08 0.00000e+00
2.30000e-08 0.00000e+00
2.34000e-08 0.00000e+00
2.40000e-08 0.00000e+00
2.46500e-08 0.00000e+00
2.52400e-08 0.00000e+00
2.56800e-08 0.00000e+00
2.60000e-08 0.00000e+00
2.64000e-08 0.00000e+00
2.68500e-08 0.00000e+00
2.73500e-08 0.00000e+00
2.78500e-08 0.00000e+00
2.84000e-08 0.00000e+00
2.90000e-08 0.00000e+00
2.96000e-08 0.00000e+00
3.01000e-08 0.00000e+00
3.08000e-08 0.00000e+00
3.18000e-08 0.00000e+00
3.28000e-08 0.00000e+00
3.38000e-08 0.00000e+00
3.48000e-08 0.00000e+00
3.57000e-08 0.00000e+00
3.66000e-08 0.00000e+00
3.75000e-08 0.00000e+00
3.85000e-08 0.00000e+00
3.95000e-08 0.00000e+00
4.05000e-08 0.00000e+00
4.14000e-08 0.00000e+00
4.22000e-08 0.00000e+00
4.30000e-08 0.00000e+00
4.41000e-08 0.00000e+00
4.51000e-08 0.00000e+00
4.60000e-08 0.00000e+00
4.70000e-08 0.00000e+00
4.80000e-08 0.00000e+00
4.90000e-08 0.00000e+00
5.00000e-08 0.00000e+00
5.06000e-08 6.42544e-02
5.12000e-08 1.14153e-01
5.20000e-08 2.11674e-01
5.30000e-08 4.48268e-01
5.40000e-08 9.12796e-01
5.50000e-08 1.82661e+00
5.60000e-08 3.56176e+00
5.70000e-08 6.79170e+00
5.80000e-08 1.26223e+01
5.90000e-08 2.32478e+01
6.00000e-08 4.18265e+01
6.10000e-08 7.40238e+01
6.20000e-08 1.28817e+02
6.30000e-08 2.20713e+02
6.40000e-08 3.72592e+02
6.50000e-08 6.20540e+02
6.58000e-08 9.23893e+02
6.65000e-08 1.29897e+03
6.75000e-08 2.09274e+03
6.85000e-08 3.33074e+03
6.95000e-08 5.23675e+03
7.05000e-08 8.12696e+03
7.16000e-08 1.30482e+04
7.26000e-08 1.98159e+04
7.35000e-08 2.86070e+04
7.45000e-08 4.25971e+04
7.55000e-08 6.28187e+04
7.65000e-08 9.17646e+04
7.75000e-08 1.32791e+05
7.85000e-08 1.90473e+05
7.95000e-08 2.70222e+05
8.05000e-08 3.81355e+05
8.15000e-08 5.33472e+05
8.25000e-08 7.39872e+05
8.35000e-08 1.01798e+06
8.45000e-08 1.39042e+06
8.55000e-08 1.88493e+06
8.65000e-08 2.53713e+06
8.75000e-08 3.39032e+06
8.85000e-08 4.50316e+06
8.95000e-08 5.94049e+06
9.05000e-08 7.78230e+06
9.15000e-08 3.54864e+08
9.25000e-08 2.04268e+09
9.35000e-08 3.09770e+09
9.45000e-08 4.49069e+09
9.55000e-08 6.26421e+09
9.65000e-08 8.02270e+09
9.75000e-08 8.10468e+09
9.85000e-08 1.12504e+10
9.95000e-08 1.26240e+10
1.00500e-07 1.62468e+10
1.01500e-07 1.92924e+10
1.02500e-07 1.67929e+10
1.03500e-07 2.58233e+10
1.04500e-07 3.07915e+10
1.05500e-07 3.56583e+10
1.06500e-07 3.96917e+10
1.07500e-07 4.71327e+10
1.08500e-07 5.37530e+10
1.09500e-07 5.90565e+10
1.10500e-07 1.71750e+11
1.11500e-07 2.74639e+11
1.12500e-07 3.48624e+11
1.13500e-07 4.15822e+11
1.14500e-07 4.72987e+11
1.15500e-07 4.90559e+11
1.16500e-07 6.00504e+11
1.17500e-07 6.61954e+11
1.18500e-07 6.44524e+11
1.19500e-07 4.12892e+11
1.20500e-07 4.17354e+11
1.21500e-07 9.99153e+10
1.22500e-07 4.62482e+11
1.23500e-07 9.22421e+11
1.24500e-07 1.77751e+12
1.25500e-07 3.04776e+12
1.26500e-07 4.30189e+12
1.27500e-07 1.51805e+13
1.28500e-07 4.56806e+13
1.29500e-07 7.25257e+13
1.30500e-07 4.85230e+13
1.31500e-07 1.25616e+14
1.32500e-07 1.59179e+14
1.33500e-07 1.59957e+14
1.34500e-07 2.37385e+14
1.35500e-07 2.24989e+14
1.36500e-07 2.23484e+14
1.37500e-07 2.65218e+14
1.38500e-07 2.40290e+14
1.39500e-07 2.81015e+14
1.40500e-07 2.93193e+14
1.41500e-07 2.76514e+14
1.42500e-07 3.21588e+14
1.43500e-07 2.85252e+14
1.44200e-07 3.53655e+14
1.44700e-07 4.22628e+14
1.45500e-07 4.32852e+14
1.46500e-07 3.63245e+14
1.47500e-07 3.70440e+14
1.48500e-07 4.16275e+14
1.49500e-07 4.72079e+14
1.50500e-07 4.98094e+14
1.51200e-07 4.30724e+14
1.51700e-07 4.57176e+14
1.52500e-07 4.35124e+14
1.53500e-07 3.94138e+14
1.54500e-07 5.95455e+14
1.55500e-07 5.18365e+14
1.56500e-07 4.57003e+14
1.57500e-07 6.10286e+14
1.58500e-07 6.51841e+14
1.59500e-07 7.40126e+14
1.60500e-07 6.86196e+14
1.61500e-07 6.43232e+14
1.62500e-07 5.27597e+14
1.63500e-07 6.28071e+14
1.64500e-07 7.14528e+14
1.65500e-07 4.78439e+14
1.66500e-07 7.01665e+14
1.67200e-07 4.22712e+14
1.67700e-07 7.17620e+14
1.68500e-07 8.00439e+14
1.69500e-07 6.67396e+14
1.70500e-07 6.63983e+14
1.71500e-07 6.96302e+14
1.72500e-07 6.84024e+14
1.73500e-07 7.50914e+14
1.74500e-07 7.33672e+14
1.75500e-07 8.22697e+14
1.76500e-07 6.55210e+14
1.77500e-07 7.74607e+14
1.78500e-07 7.64333e+14
1.79500e-07 8.78435e+14
1.80500e-07 8.19990e+14
1.81500e-07 7.99577e+14
1.82500e-07 7.66203e+14
1.83500e-07 7.17564e+14
1.84500e-07 6.35446e+14
1.85500e-07 7.02338e+14
1.86500e-07 7.28241e+14
1.87500e-07 7.39696e+14
1.88500e-07 7.36439e+14
1.89500e-07 7.59372e+14
1.90500e-07 7.03305e+14
1.91500e-07 7.58633e+14
1.92500e-07 7.63673e+14
1.93500e-07 6.81596e+14
1.94500e-07 7.82425e+14
1.95500e-07 7.72578e+14
1.96700e-07 8.16899e+14
1.97600e-07 7.96758e+14
1.98400e-07 7.71022e+14
1.99500e-07 7.39750e+14
2.00500e-07 7.06122e+14
2.01500e-07 6.96653e+14
2.02500e-07 6.63955e+14
2.03500e-07 7.10727e+14
2.04500e-07 7.61744e+14
2.05500e-07 7.25989e+14
2.06500e-07 7.05051e+14
2.07400e-07 7.65656e+14
2.07800e-07 7.80134e+14
2.08500e-07 7.61603e+14
2.09500e-07 7.30084e+14
2.10500e-07 6.82311e+14
2.11500e-07 6.86486e+14
2.12500e-07 7.13870e+14
2.13500e-07 5.90449e+14
2.14500e-07 6.74287e+14
2.15500e-07 6.75410e+14
2.16500e-07 6.27045e+14
2.17500e-07 6.17597e+14
2.18500e-07 6.35606e+14
2.19500e-07 6.78721e+14
2.20500e-07 6.46056e+14
2.21500e-07 5.87130e+14
2.22500e-07 5.77208e+14
2.23500e-07 6.57186e+14
2.24500e-07 5.83518e+14
2.25500e-07 5.62241e+14
2.26500e-07 5.62706e+14
2.27500e-07 5.93721e+14
2.28500e-07 6.22513e+14
2.29500e-07 5.77202e+14
2.30500e-07 5.77757e+14
2.31500e-07 5.55575e+14
2.32500e-07 4.19687e+14
2.33500e-07 5.08344e+14
2.34500e-07 4.53219e+14
2.35500e-07 5.51147e+14
2.36500e-07 4.64054e+14
2.37500e-07 5.03133e+14
2.38500e-07 4.24083e+14
2.39500e-07 4.75561e+14
2.40500e-07 4.51944e+14
2.41500e-07 4.62833e+14
2.42500e-07 5.15842e+14
2.43500e-07 4.90411e+14
2.44500e-07 5.28013e+14
2.45500e-07 5.09550e+14
2.46500e-07 5.13254e+14
2.47500e-07 4.81748e+14
2.48500e-07 5.01762e+14
2.49500e-07 4.77765e+14
2.50500e-07 5.53110e+14
2.51300e-07 4.72717e+14
2.51800e-07 4.68679e+14
2.52500e-07 4.32013e+14
2.53500e-07 4.27151e+14
2.54500e-07 4.27826e+14
2.55500e-07 4.78968e+14
2.56500e-07 4.73482e+14
2.57500e-07 5.14975e+14
2.58500e-07 5.18125e+14
2.59500e-07 5.02956e+14
2.60500e-07 4.81604e+14
2.61500e-07 4.66760e+14
2.62500e-07 5.19218e+14
2.63500e-07 5.18903e+14
2.64500e-07 5.91695e+14
2.65500e-07 5.86552e+14
2.66500e-07 5.27263e+14
2.67500e-07 5.56070e+14
2.68500e-07 5.54182e+14
2.69500e-07 5.21030e+14
2.70500e-07 5.36956e+14
2.71500e-07 5.03304e+14
2.72500e-07 5.09317e+14
2.73500e-07 5.51531e+14
2.74500e-07 4.52515e+14
2.75500e-07 4.64980e+14
2.76500e-07 4.84374e+14
2.77500e-07 5.15051e+14
2.78500e-07 4.64537e+14
2.79500e-07 2.63841e+14
2.80500e-07 3.10845e+14
2.81500e-07 5.13449e+14
2.82500e-07 5.46877e+14
2.83500e-07 5.30042e+14
2.84500e-07 5.09799e+14
2.85500e-07 4.93247e+14
2.86500e-07 5.34238e+14
2.87500e-07 5.20045e+14
2.88500e-07 5.29481e+14
2.89500e-07 5.08973e+14
2.91000e-07 5.64689e+14
2.93000e-07 5.40330e+14
2.95000e-07 5.36838e+14
2.97000e-07 5.41975e+14
2.99000e-07 5.47517e+14
3.01000e-07 5.54154e+14
3.03000e-07 5.47026e+14
3.05000e-07 5.44330e+14
3.07000e-07 5.41179e+14
3.09000e-07 5.46979e+14
3.11000e-07 5.32255e+14
3.13000e-07 5.31204e+14
3.15000e-07 5.35794e+14
3.17000e-07 5.29842e+14
3.19000e-07 5.06634e+14
3.21000e-07 5.20339e+14
3.23000e-07 5.06404e+14
3.25000e-07 5.14244e+14
3.27000e-07 5.18542e+14
3.29000e-07 5.20157e+14
3.31000e-07 5.22349e+14
3.33000e-07 5.12221e+14
3.35000e-07 5.04814e+14
3.37000e-07 5.02853e+14
3.39000e-07 4.97855e+14
3.41000e-07 5.02757e+14
3.43000e-07 5.00721e+14
3.45000e-07 4.96578e+14
3.47000e-07 4.90245e+14
3.49000e-07 4.88199e+14
3.51000e-07 4.93446e+14
3.53000e-07 4.91377e+14
3.55000e-07 4.92462e+14
3.57000e-07 4.81166e+14
3.59000e-07 4.77282e+14
3.61000e-07 4.75535e+14
3.63000e-07 4.75312e+14
3.64000e-07 4.72221e+14
3.65000e-07 4.82560e+14
3.67000e-07 4.72028e+14
3.69000e-07 4.29242e+14
3.71000e-07 4.43211e+14
3.73000e-07 4.47000e+14
3.75000e-07 5.40215e+14
3.77000e-07 5.63363e+14
3.79000e-07 6.87861e+14
3.81000e-07 8.12031e+14
3.83000e-07 6.42236e+14
3.85000e-07 9.14396e+14
3.87000e-07 1.05843e+15
3.89000e-07 5.65540e+14
3.91000e-07 1.06323e+15
3.93000e-07 9.53699e+14
3.95000e-07 1.04140e+15
3.97000e-07 5.30333e+14
3.99000e-07 1.01764e+15
4.01000e-07 1.22291e+15
4.03000e-07 1.23962e+15
4.05000e-07 1.22060e+15
4.07000e-07 1.12479e+15
4.09000e-07 8.02912e+14
4.11000e-07 6.06195e+14
4.13000e-07 1.04313e+15
4.15000e-07 1.14309e+15
4.17000e-07 1.15175e+15
4.19000e-07 1.13606e+15
4.21000e-07 1.12923e+15
4.23000e-07 1.09954e+15
4.25000e-07 1.09203e+15
4.27000e-07 1.05420e+15
4.29000e-07 1.04607e+15
4.31000e-07 9.41780e+14
4.33000e-07 6.59709e+14
4.35000e-07 5.61159e+14
4.37000e-07 9.14025e+14
4.39000e-07 9.73958e+14
4.41000e-07 9.76554e+14
4.43000e-07 9.67506e+14
4.45000e-07 9.76503e+14
4.47000e-07 9.64635e+14
4.49000e-07 9.42326e+14
4.51000e-07 9.48397e+14
4.53000e-07 9.28640e+14
4.55000e-07 9.08247e+14
4.57000e-07 9.16027e+14
4.59000e-07 8.96188e+14
4.61000e-07 8.98622e+14
4.63000e-07 8.75252e+14
4.65000e-07 8.74795e+14
4.67000e-07 8.64209e+14
4.69000e-07 8.36027e+14
4.71000e-07 8.07545e+14
4.73000e-07 8.29811e+14
4.75000e-07 8.20801e+14
4.77000e-07 8.06763e+14
4.79000e-07 7.91781e+14
4.81000e-07 7.64335e+14
4.83000e-07 7.05616e+14
4.85000e-07 5.16940e+14
4.87000e-07 4.18254e+14
4.89000e-07 6.52926e+14
4.91000e-07 7.14469e+14
4.93000e-07 7.16682e+14
4.95000e-07 7.21081e+14
4.97000e-07 7.21756e+14
4.99000e-07 7.07796e+14
5.01000e-07 6.90435e+14
5.03000e-07 6.93427e+14
5.05000e-07 6.80264e+14
5.07000e-07 6.81884e+14
5.09000e-07 6.74311e+14
5.11000e-07 6.67557e+14
5.13000e-07 6.58110e+14
5.15000e-07 6.46731e+14
5.17000e-07 6.30940e+14
5.19000e-07 6.25611e+14
5.21000e-07 6.25966e+14
5.23000e-07 6.13544e+14
5.25000e-07 6.17079e+14
5.27000e-07 5.96181e+14
5.29000e-07 6.02317e+14
5.31000e-07 5.91549e+14
5.33000e-07 5.81256e+14
5.35000e-07 5.83697e+14
5.37000e-07 5.74027e+14
5.39000e-07 5.68958e+14
5.41000e-07 5.58993e+14
5.43000e-07 5.56352e+14
5.45000e-07 5.52517e+14
5.47000e-07 5.46709e+14
5.49000e-07 5.42320e+14
5.51000e-07 5.36901e+14
5.53000e-07 5.29193e+14
5.55000e-07 5.25741e+14
5.57000e-07 5.18609e+14
5.59000e-07 5.13904e+14
5.61000e-07 5.09671e+14
5.63000e-07 5.05046e+14
5.65000e-07 4.99495e+14
5.67000e-07 4.93352e+14
5.69000e-07 4.89390e+14
5.71000e-07 4.84407e+14
5.73000e-07 4.80756e+14
5.75000e-07 4.74581e+14
5.77000e-07 4.70301e+14
5.79000e-07 4.65203e+14
5.81000e-07 4.60767e+14
5.83000e-07 4.56358e+14
5.85000e-07 4.51713e+14
5.87000e-07 4.46650e+14
5.89000e-07 4.38497e+14
5.91000e-07 4.37961e+14
5.93000e-07 4.33801e+14
5.95000e-07 4.28868e+14
5.97000e-07 4.25006e+14
5.99000e-07 4.19936e+14
6.01000e-07 4.15362e+14
6.03000e-07 4.12290e+14
6.05000e-07 4.08344e+14
6.07000e-07 4.04901e+14
6.09000e-07 4.00570e+14
6.11000e-07 3.96438e+14
6.13000e-07 3.91660e+14
6.15000e-07 3.83847e+14
6.17000e-07 3.84104e+14
6.19000e-07 3.81705e+14
6.21000e-07 3.78029e+14
6.23000e-07 3.73752e+14
6.25000e-07 3.67149e+14
6.27000e-07 3.67426e+14
6.29000e-07 3.63970e+14
6.31000e-07 3.59433e+14
6.33000e-07 3.56602e+14
6.35000e-07 3.49650e+14
6.37000e-07 3.47402e+14
6.39000e-07 3.45895e+14
6.41000e-07 3.41310e+14
6.43000e-07 3.38799e+14
6.45000e-07 3.32671e+14
6.47000e-07 3.31202e+14
6.49000e-07 3.25023e+14
6.51000e-07 3.18300e+14
6.53000e-07 3.02332e+14
6.55000e-07 2.53852e+14
6.56125e-07 2.05180e+14
6.59000e-07 2.81012e+14
6.61000e-07 3.00896e+14
6.63000e-07 3.04817e+14
6.65000e-07 3.04460e+14
6.67000e-07 3.02806e+14
6.69000e-07 3.00897e+14
6.71000e-07 2.98587e+14
6.73000e-07 2.95826e+14
6.75000e-07 2.93488e+14
6.77000e-07 2.91436e+14
6.79000e-07 2.88790e+14
6.81000e-07 2.86211e+14
6.83000e-07 2.83366e+14
6.85000e-07 2.80967e+14
6.87000e-07 2.78719e+14
6.89000e-07 2.76294e+14
6.91000e-07 2.73821e+14
6.93000e-07 2.71325e+14
6.95000e-07 2.69001e+14
6.97000e-07 2.66560e+14
6.99000e-07 2.64436e+14
7.01000e-07 2.61196e+14
7.03000e-07 2.59400e+14
7.05000e-07 2.57377e+14
7.07000e-07 2.55327e+14
7.09000e-07 2.53169e+14
7.11000e-07 2.47805e+14
7.13000e-07 2.48054e+14
7.15000e-07 2.46167e+14
7.17000e-07 2.44195e+14
7.19000e-07 2.42109e+14
7.21000e-07 2.40210e+14
7.23000e-07 2.37997e+14
7.25000e-07 2.35711e+14
7.27000e-07 2.34273e+14
7.29000e-07 2.31855e+14
7.31000e-07 2.30080e+14
7.33000e-07 2.28273e+14
7.35000e-07 2.26572e+14
7.37000e-07 2.24713e+14
7.39000e-07 2.22532e+14
7.41000e-07 2.19418e+14
7.43000e-07 2.17911e+14
7.45000e-07 2.16553e+14
7.47000e-07 2.13848e+14
7.49000e-07 2.12775e+14
7.51000e-07 2.11570e+14
7.53000e-07 2.10002e+14
7.55000e-07 2.08567e+14
7.57000e-07 2.06763e+14
7.59000e-07 2.05119e+14
7.61000e-07 2.03470e+14
7.63000e-07 2.01796e+14
7.65000e-07 1.99996e+14
7.67000e-07 1.98064e+14
7.69000e-07 1.96710e+14
7.71000e-07 1.94994e+14
7.73000e-07 1.93772e+14
7.75000e-07 1.92127e+14
7.77000e-07 1.86640e+14
7.79000e-07 1.89234e+14
7.81000e-07 1.87667e+14
7.83000e-07 1.85898e+14
7.85000e-07 1.84005e+14
7.87000e-07 1.82323e+14
7.89000e-07 1.80582e+14
7.91000e-07 1.79646e+14
7.93000e-07 1.78484e+14
7.95000e-07 1.76323e+14
7.97000e-07 1.76157e+14
7.99000e-07 1.72851e+14
8.01000e-07 1.73234e+14
8.03000e-07 1.71770e+14
8.05000e-07 1.70586e+14
8.07000e-07 1.69169e+14
8.09000e-07 1.67913e+14
8.11000e-07 1.66720e+14
8.13000e-07 1.65541e+14
8.15000e-07 1.64276e+14
8.17000e-07 1.63027e+14
8.19000e-07 1.60305e+14
8.21000e-07 1.59838e+14
8.23000e-07 1.58478e+14
8.25000e-07 1.57688e+14
8.27000e-07 1.57841e+14
8.29000e-07 1.56521e+14
8.31000e-07 1.55360e+14
8.33000e-07 1.53029e+14
8.35000e-07 1.52313e+14
8.37000e-07 1.51027e+14
8.39000e-07 1.48483e+14
8.41000e-07 1.46376e+14
8.43000e-07 1.44034e+14
8.45000e-07 1.41042e+14
8.47000e-07 1.39437e+14
8.49000e-07 1.39627e+14
8.51000e-07 1.33858e+14
8.53000e-07 1.39393e+14
8.55000e-07 1.25920e+14
8.57000e-07 1.41172e+14
8.59000e-07 1.30156e+14
8.61000e-07 1.28023e+14
8.63000e-07 1.42231e+14
8.65000e-07 1.33825e+14
8.67000e-07 1.13547e+14
8.69000e-07 1.36223e+14
8.71000e-07 1.43171e+14
8.73000e-07 1.34582e+14
8.75000e-07 1.08828e+14
8.77000e-07 1.27709e+14
8.79000e-07 1.41054e+14
8.81000e-07 1.42545e+14
8.83000e-07 1.36595e+14
8.85000e-07 1.19788e+14
8.87000e-07 1.03318e+14
8.89000e-07 1.29052e+14
8.91000e-07 1.37347e+14
8.93000e-07 1.39392e+14
8.95000e-07 1.39692e+14
8.97000e-07 1.35586e+14
8.99000e-07 1.25917e+14
9.01000e-07 9.99137e+13
9.03000e-07 1.08592e+14
9.05000e-07 1.26636e+14
9.07000e-07 1.30039e+14
9.09000e-07 1.30475e+14
9.11000e-07 1.33162e+14
9.13000e-07 1.32995e+14
9.15000e-07 1.31892e+14
9.17000e-07 1.28956e+14
9.19000e-07 1.23360e+14
9.21000e-07 1.11344e+14
9.23000e-07 8.75131e+13
9.25000e-07 1.06786e+14
9.27000e-07 1.16829e+14
9.29000e-07 1.23477e+14
9.31000e-07 1.24764e+14
9.33000e-07 1.24619e+14
9.35000e-07 1.24293e+14
9.37000e-07 1.23656e+14
9.39000e-07 1.21968e+14
9.41000e-07 1.19165e+14
9.43000e-07 1.20300e+14
9.45000e-07 1.19209e+14
9.47000e-07 1.17555e+14
9.49000e-07 1.14839e+14
9.51000e-07 1.09532e+14
9.53000e-07 9.75209e+13
9.55000e-07 7.90162e+13
9.57000e-07 9.85913e+13
9.59000e-07 1.07594e+14
9.61000e-07 1.10026e+14
9.63000e-07 1.09818e+14
9.65000e-07 1.11252e+14
9.67000e-07 1.10035e+14
9.69000e-07 1.10063e+14
9.71000e-07 1.10021e+14
9.73000e-07 1.09223e+14
9.75000e-07 1.08364e+14
9.77000e-07 1.07877e+14
9.79000e-07 1.07130e+14
9.81000e-07 1.06330e+14
9.83000e-07 1.05383e+14
9.85000e-07 1.04373e+14
9.87000e-07 1.03625e+14
9.89000e-07 1.02348e+14
9.91000e-07 1.02062e+14
9.93000e-07 1.01105e+14
9.95000e-07 1.00208e+14
9.97000e-07 9.90368e+13
9.99000e-07 9.69042e+13
1.00250e-06 8.53467e+13
1.00750e-06 8.09388e+13
1.01250e-06 9.26616e+13
1.01750e-06 9.33324e+13
1.02250e-06 9.23498e+13
1.02750e-06 9.10392e+13
1.03250e-06 8.95023e+13
1.03750e-06 8.80573e+13
1.04250e-06 8.66149e+13
1.04750e-06 8.46707e+13
1.05250e-06 8.34669e+13
1.05750e-06 8.23123e+13
1.06250e-06 8.10355e+13
1.06750e-06 7.85161e+13
1.07250e-06 7.78872e+13
1.07750e-06 7.66793e+13
1.08250e-06 7.50628e+13
1.08750e-06 7.20551e+13
1.09250e-06 5.92829e+13
1.09750e-06 6.49806e+13
1.10250e-06 7.00024e+13
1.10750e-06 6.99645e+13
1.11250e-06 6.90905e+13
1.11750e-06 6.81961e+13
1.12250e-06 6.72371e+13
1.12750e-06 6.52285e+13
1.13250e-06 6.43454e+13
1.13750e-06 6.40314e+13
1.14250e-06 6.29440e+13
1.14750e-06 6.23051e+13
1.15250e-06 6.14168e+13
1.15750e-06 6.04627e+13
1.16250e-06 5.91325e+13
1.16750e-06 5.79721e+13
1.17250e-06 5.78432e+13
1.17750e-06 5.61194e+13
1.18250e-06 5.57644e+13
1.18750e-06 5.47294e+13
1.19250e-06 5.45708e+13
1.19750e-06 5.34172e+13
1.20250e-06 5.28957e+13
1.20750e-06 5.19884e+13
1.21250e-06 5.13068e+13
1.21750e-06 5.06880e+13
1.22250e-06 4.99188e+13
1.22750e-06 4.91379e+13
1.23250e-06 4.84697e+13
1.23750e-06 4.78500e+13
1.24250e-06 4.72607e+13
1.24750e-06 4.64469e+13
1.25250e-06 4.58775e+13
1.25750e-06 4.49178e+13
1.26250e-06 4.43642e+13
1.26750e-06 4.37428e+13
1.27250e-06 4.27041e+13
1.27750e-06 4.01082e+13
1.28250e-06 3.40380e+13
1.28750e-06 3.95581e+13
1.29250e-06 4.05380e+13
1.29750e-06 4.03381e+13
1.30250e-06 3.99246e+13
1.30750e-06 3.94942e+13
1.31250e-06 3.89555e+13
1.31750e-06 3.83153e+13
1.32250e-06 3.79508e+13
1.32750e-06 3.74495e+13
1.33250e-06 3.69589e+13
1.33750e-06 3.64683e+13
1.34250e-06 3.59819e+13
1.34750e-06 3.54975e+13
1.35250e-06 3.49822e+13
1.35750e-06 3.45287e+13
1.36250e-06 3.41276e+13
1.36750e-06 3.36529e+13
1.37250e-06 3.30642e+13
1.37750e-06 3.28027e+13
1.38250e-06 3.23905e+13
1.38750e-06 3.20263e+13
1.39250e-06 3.15384e+13
1.39750e-06 3.11916e+13
1.40250e-06 3.08087e+13
1.40750e-06 3.04323e+13
1.41250e-06 3.00247e+13
1.41750e-06 2.96651e+13
1.42250e-06 2.92838e+13
1.42750e-06 2.89126e+13
1.43250e-06 2.85624e+13
1.43750e-06 2.82292e+13
1.44250e-06 2.75251e+13
1.44750e-06 2.75186e+13
1.45250e-06 2.70081e+13
1.45700e-06 2.68806e+13
1.46200e-06 2.65296e+13
1.46750e-06 2.62366e+13
1.47250e-06 2.59093e+13
1.47750e-06 2.55220e+13
1.48250e-06 2.52781e+13
1.48750e-06 2.48922e+13
1.49250e-06 2.47460e+13
1.49750e-06 2.43963e+13
1.50250e-06 2.40439e+13
1.50750e-06 2.37272e+13
1.51250e-06 2.34866e+13
1.51750e-06 2.31243e+13
1.52250e-06 2.27890e+13
1.52750e-06 2.25061e+13
1.53250e-06 2.21445e+13
1.53750e-06 2.19162e+13
1.54250e-06 2.14546e+13
1.54750e-06 2.13744e+13
1.55250e-06 2.10478e+13
1.55750e-06 2.05401e+13
1.56250e-06 2.09088e+13
1.56750e-06 2.01102e+13
1.57250e-06 1.96778e+13
1.57750e-06 2.02951e+13
1.58250e-06 1.99610e+13
1.58750e-06 1.84512e+13
1.59250e-06 1.92208e+13
1.59750e-06 1.98329e+13
1.60500e-06 1.89153e+13
1.61500e-06 1.78238e+13
1.62500e-06 1.87165e+13
1.63500e-06 1.75511e+13
1.64500e-06 1.65184e+13
1.65500e-06 1.75861e+13
1.66500e-06 1.72450e+13
1.67500e-06 1.60058e+13
1.68500e-06 1.49964e+13
1.69500e-06 1.61234e+13
1.70500e-06 1.58764e+13
1.71500e-06 1.55535e+13
1.72500e-06 1.49534e+13
1.73500e-06 1.30832e+13
1.74500e-06 1.40571e+13
1.75500e-06 1.42092e+13
1.76500e-06 1.39640e+13
1.77500e-06 1.37222e+13
1.78500e-06 1.34211e+13
1.79500e-06 1.31434e+13
1.80500e-06 1.26813e+13
1.81500e-06 1.11938e+13
1.82500e-06 1.17726e+13
1.83500e-06 1.20508e+13
1.84500e-06 1.18596e+13
1.85500e-06 1.15843e+13
1.86500e-06 1.11918e+13
1.87500e-06 9.82476e+12
1.88500e-06 1.06852e+13
1.89500e-06 1.06860e+13
1.90500e-06 1.05461e+13
1.91500e-06 1.03386e+13
1.92500e-06 1.01052e+13
1.93500e-06 9.71089e+12
1.94500e-06 8.55908e+12
1.95500e-06 9.34753e+12
1.96500e-06 9.36620e+12
1.97500e-06 9.21557e+12
1.98500e-06 9.06520e+12
1.99500e-06 8.89807e+12
2.00500e-06 8.73428e+12
2.01500e-06 8.57413e+12
2.02500e-06 8.41377e+12
2.03500e-06 8.25724e+12
2.04500e-06 8.11200e+12
2.05500e-06 7.96419e+12
2.06500e-06 7.81418e+12
2.07500e-06 7.67622e+12
2.08500e-06 7.54055e+12
2.09500e-06 7.40581e+12
2.10500e-06 7.27219e+12
2.11500e-06 7.13015e+12
2.12500e-06 7.00522e+12
2.13500e-06 6.87429e+12
2.14500e-06 6.73927e+12
2.15500e-06 6.51341e+12
2.16500e-06 5.78258e+12
2.17500e-06 6.22168e+12
2.18500e-06 6.27778e+12
2.19500e-06 6.20413e+12
2.20500e-06 6.10483e+12
2.21500e-06 5.99639e+12
2.22500e-06 5.90662e+12
2.23500e-06 5.80727e+12
2.24500e-06 5.71058e+12
2.25500e-06 5.61033e+12
2.26500e-06 5.52205e+12
2.27500e-06 5.43118e+12
2.28500e-06 5.36462e+12
2.29500e-06 5.35760e+12
2.30500e-06 5.27094e+12
2.31500e-06 5.17243e+12
2.32500e-06 5.07771e+12
2.33500e-06 4.98235e+12
2.34500e-06 4.89096e+12
2.35500e-06 4.80210e+12
2.36500e-06 4.71706e+12
2.37500e-06 4.63274e+12
2.38500e-06 4.55072e+12
2.39500e-06 4.47274e+12
2.40500e-06 4.39797e+12
2.41500e-06 4.32086e+12
2.42500e-06 4.24430e+12
2.43500e-06 4.18206e+12
2.44500e-06 4.10450e+12
2.45500e-06 4.05038e+12
2.46500e-06 3.97400e+12
2.47500e-06 3.92356e+12
2.48500e-06 3.86966e+12
2.49500e-06 3.78060e+12
2.50500e-06 3.81514e+12
2.51500e-06 3.71845e+12
2.52500e-06 3.58801e+12
2.53500e-06 3.58837e+12
2.54500e-06 3.56459e+12
2.55500e-06 3.47222e+12
2.56500e-06 3.34413e+12
2.57500e-06 3.38503e+12
2.58500e-06 3.36571e+12
2.59500e-06 3.31067e+12
2.60500e-06 3.19037e+12
2.61500e-06 3.04404e+12
2.62500e-06 2.83659e+12
2.63500e-06 3.04310e+12
2.64500e-06 3.08018e+12
2.65500e-06 3.04066e+12
2.66500e-06 2.95153e+12
2.67500e-06 2.78172e+12
2.68500e-06 2.87124e+12
2.69500e-06 2.88307e+12
2.70500e-06 2.85433e+12
2.71500e-06 2.81826e+12
2.72500e-06 2.77742e+12
2.73500e-06 2.73036e+12
2.74500e-06 2.66100e+12
2.75500e-06 2.47877e+12
2.76500e-06 2.51631e+12
2.77500e-06 2.57007e+12
2.78500e-06 2.55364e+12
2.79500e-06 2.52580e+12
2.80500e-06 2.49509e+12
2.81500e-06 2.46123e+12
2.82500e-06 2.42793e+12
2.83500e-06 2.39208e+12
2.84500e-06 2.35211e+12
2.85500e-06 2.30729e+12
2.86500e-06 2.20956e+12
2.87500e-06 2.07334e+12
2.88500e-06 2.19148e+12
2.89500e-06 2.19488e+12
2.90500e-06 2.17636e+12
2.91500e-06 2.14997e+12
2.92500e-06 2.12508e+12
2.93500e-06 2.09781e+12
2.94500e-06 2.07069e+12
2.95500e-06 2.04410e+12
2.96500e-06 2.01769e+12
2.97500e-06 1.99176e+12
2.98500e-06 1.96643e+12
2.99500e-06 1.94043e+12
3.00500e-06 1.91135e+12
3.01500e-06 1.88091e+12
3.02500e-06 1.83630e+12
3.03500e-06 1.70169e+12
3.04500e-06 1.71544e+12
3.05500e-06 1.77422e+12
3.06500e-06 1.76815e+12
3.07500e-06 1.75177e+12
3.08500e-06 1.73026e+12
3.09500e-06 1.71072e+12
3.10500e-06 1.68940e+12
3.11500e-06 1.66770e+12
3.12500e-06 1.64744e+12
3.13500e-06 1.62817e+12
3.14500e-06 1.60758e+12
3.15500e-06 1.58935e+12
3.16500e-06 1.57048e+12
3.17500e-06 1.55074e+12
3.18500e-06 1.53300e+12
3.19500e-06 1.51441e+12
3.21000e-06 1.48731e+12
3.23000e-06 1.45245e+12
3.25000e-06 1.41783e+12
3.27000e-06 1.37675e+12
3.29000e-06 1.26561e+12
3.31000e-06 1.29276e+12
3.33000e-06 1.29610e+12
3.35000e-06 1.26982e+12
3.37000e-06 1.23838e+12
3.39000e-06 1.20991e+12
3.41000e-06 1.18208e+12
3.43000e-06 1.15527e+12
3.45000e-06 1.12926e+12
3.47000e-06 1.10345e+12
3.49000e-06 1.07831e+12
3.51000e-06 1.05413e+12
3.53000e-06 1.03052e+12
3.55000e-06 1.00803e+12
3.57000e-06 9.85271e+11
3.59000e-06 9.63771e+11
3.61000e-06 9.42917e+11
3.63000e-06 9.23064e+11
3.65000e-06 9.02513e+11
3.67000e-06 8.85431e+11
3.69000e-06 8.61969e+11
3.71000e-06 8.46296e+11
3.73000e-06 8.02640e+11
3.75000e-06 7.75938e+11
3.77000e-06 7.96141e+11
3.79000e-06 7.83669e+11
3.81000e-06 7.60489e+11
3.83000e-06 7.46737e+11
3.85000e-06 7.39279e+11
3.87000e-06 7.24564e+11
3.89000e-06 7.05382e+11
3.91000e-06 6.82216e+11
3.93000e-06 6.81120e+11
3.95000e-06 6.71487e+11
3.97000e-06 6.59671e+11
3.99000e-06 6.46164e+11
4.01000e-06 6.20336e+11
4.03000e-06 6.04962e+11
4.05000e-06 5.73462e+11
4.07000e-06 5.91992e+11
4.09000e-06 5.85699e+11
4.11000e-06 5.76444e+11
4.13000e-06 5.64182e+11
4.15000e-06 5.49461e+11
4.17000e-06 5.23448e+11
4.19000e-06 5.28720e+11
4.21000e-06 5.23666e+11
4.23000e-06 5.15673e+11
4.25000e-06 5.06305e+11
4.27000e-06 4.97193e+11
4.29000e-06 4.88228e+11
4.31000e-06 4.79449e+11
4.33000e-06 4.70227e+11
4.35000e-06 4.59284e+11
4.37000e-06 4.35421e+11
4.39000e-06 4.36643e+11
4.41000e-06 4.36682e+11
4.43000e-06 4.30790e+11
4.45000e-06 4.23331e+11
4.47000e-06 4.17722e+11
4.49000e-06 4.10458e+11
4.51000e-06 4.03492e+11
4.53000e-06 3.96541e+11
4.55000e-06 3.89842e+11
4.57000e-06 3.83136e+11
4.59000e-06 3.76425e+11
4.61000e-06 3.69088e+11
4.63000e-06 3.59949e+11
4.65000e-06 3.34244e+11
4.67000e-06 3.30852e+11
4.69000e-06 3.39803e+11
4.71000e-06 3.39063e+11
4.73000e-06 3.34736e+11
4.75000e-06 3.29486e+11
4.77000e-06 3.24228e+11
4.79000e-06 3.19031e+11
4.81000e-06 3.13876e+11
4.83000e-06 3.08843e+11
4.85000e-06 3.03899e+11
4.87000e-06 2.99057e+11
4.89000e-06 2.94316e+11
4.91000e-06 2.89626e+11
4.93000e-06 2.85079e+11
4.95000e-06 2.80612e+11
4.97000e-06 2.76223e+11
4.99000e-06 2.71910e+11
5.01000e-06 2.67703e+11
5.03000e-06 2.63553e+11
5.05000e-06 2.59520e+11
5.07000e-06 2.55498e+11
5.09000e-06 2.50687e+11
5.11000e-06 2.43679e+11
5.13000e-06 2.29329e+11
5.15000e-06 2.37281e+11
5.17000e-06 2.36040e+11
5.19000e-06 2.33218e+11
5.21000e-06 2.29724e+11
5.23000e-06 2.26317e+11
5.25000e-06 2.22970e+11
5.27000e-06 2.19680e+11
5.29000e-06 2.16447e+11
5.31000e-06 2.13283e+11
5.33000e-06 2.10160e+11
5.35000e-06 2.07105e+11
5.37000e-06 2.04089e+11
5.39000e-06 2.01150e+11
5.41000e-06 1.98263e+11
5.43000e-06 1.95412e+11
5.45000e-06 1.92611e+11
5.47000e-06 1.89858e+11
5.49000e-06 1.87190e+11
5.51000e-06 1.84543e+11
5.53000e-06 1.81941e+11
5.55000e-06 1.79385e+11
5.57000e-06 1.76848e+11
5.59000e-06 1.74355e+11
5.61000e-06 1.71977e+11
5.63000e-06 1.69605e+11
5.65000e-06 1.67273e+11
5.67000e-06 1.64970e+11
5.69000e-06 1.62707e+11
5.71000e-06 1.60495e+11
5.73000e-06 1.58298e+11
5.75000e-06 1.56162e+11
5.77000e-06 1.54040e+11
5.79000e-06 1.51955e+11
5.81000e-06 1.49928e+11
5.83000e-06 1.47926e+11
5.85000e-06 1.46135e+11
5.87000e-06 1.43643e+11
5.89000e-06 1.39715e+11
5.91000e-06 1.31642e+11
5.93000e-06 1.36776e+11
5.95000e-06 1.36316e+11
5.97000e-06 1.35034e+11
5.99000e-06 1.33283e+11
6.01000e-06 1.31553e+11
6.03000e-06 1.29863e+11
6.05000e-06 1.28182e+11
6.07000e-06 1.26532e+11
6.09000e-06 1.24899e+11
6.11000e-06 1.23286e+11
6.13000e-06 1.21741e+11
6.15000e-06 1.20183e+11
6.17000e-06 1.18673e+11
6.19000e-06 1.17170e+11
6.21000e-06 1.15694e+11
6.23000e-06 1.14224e+11
6.25000e-06 1.12809e+11
6.27000e-06 1.11391e+11
6.29000e-06 1.10018e+11
6.31000e-06 1.08649e+11
6.33000e-06 1.07296e+11
6.35000e-06 1.05977e+11
6.37000e-06 1.04690e+11
6.39000e-06 1.03400e+11
6.42000e-06 1.01521e+11
6.46000e-06 9.90674e+10
6.50000e-06 9.66927e+10
6.54000e-06 9.43949e+10
6.58000e-06 9.21544e+10
6.62000e-06 8.99781e+10
6.66000e-06 8.78729e+10
6.70000e-06 8.58281e+10
6.74000e-06 8.38421e+10
6.78000e-06 8.19141e+10
6.82000e-06 8.00400e+10
6.86000e-06 7.82111e+10
6.90000e-06 7.64357e+10
6.94000e-06 7.47178e+10
6.98000e-06 7.30466e+10
7.02000e-06 7.14253e+10
7.06000e-06 6.98413e+10
7.10000e-06 6.83144e+10
7.14000e-06 6.68114e+10
7.18000e-06 6.53595e+10
7.22000e-06 6.39254e+10
7.26000e-06 6.25625e+10
7.30000e-06 6.12298e+10
7.34000e-06 5.99231e+10
7.38000e-06 5.86340e+10
7.42000e-06 5.70962e+10
7.46000e-06 5.38394e+10
7.50000e-06 5.26599e+10
7.54000e-06 5.35439e+10
7.58000e-06 5.27724e+10
7.62000e-06 5.17118e+10
7.66000e-06 5.06570e+10
7.70000e-06 4.96294e+10
7.74000e-06 4.86273e+10
7.78000e-06 4.76505e+10
7.82000e-06 4.66973e+10
7.86000e-06 4.57677e+10
7.90000e-06 4.48612e+10
7.94000e-06 4.39771e+10
7.98000e-06 4.31137e+10
8.02000e-06 4.22724e+10
8.06000e-06 4.14514e+10
8.10000e-06 4.06502e+10
8.14000e-06 3.98674e+10
8.18000e-06 3.91046e+10
8.22000e-06 3.83597e+10
8.26000e-06 3.76318e+10
8.30000e-06 3.69217e+10
8.34000e-06 3.62228e+10
8.38000e-06 3.55420e+10
8.42000e-06 3.48836e+10
8.46000e-06 3.42413e+10
8.50000e-06 3.36106e+10
8.54000e-06 3.29922e+10
8.58000e-06 3.23896e+10
8.62000e-06 3.18002e+10
8.66000e-06 3.12248e+10
8.70000e-06 3.06616e+10
8.74000e-06 3.01113e+10
8.78000e-06 2.95731e+10
8.82000e-06 2.90459e+10
8.86000e-06 2.85309e+10
8.90000e-06 2.80286e+10
8.94000e-06 2.75370e+10
8.98000e-06 2.70549e+10
9.02000e-06 2.65845e+10
9.06000e-06 2.61235e+10
9.10000e-06 2.56724e+10
9.14000e-06 2.52312e+10
9.18000e-06 2.47999e+10
9.22000e-06 2.43774e+10
9.26000e-06 2.39638e+10
9.30000e-06 2.35591e+10
9.34000e-06 2.31625e+10
9.38000e-06 2.27744e+10
9.42000e-06 2.23942e+10
9.46000e-06 2.20221e+10
9.50000e-06 2.16575e+10
9.54000e-06 2.12991e+10
9.58000e-06 2.09513e+10
9.62000e-06 2.06085e+10
9.66000e-06 2.02730e+10
9.70000e-06 1.99444e+10
9.74000e-06 1.96217e+10
9.78000e-06 1.93063e+10
9.82000e-06 1.89966e+10
9.86000e-06 1.86940e+10
9.90000e-06 1.83968e+10
9.94000e-06 1.81057e+10
9.98000e-06 1.78197e+10
1.00200e-05 1.75397e+10
2.00000e-05 1.12162e+09
4.00000e-05 6.97116e+07
6.00000e-05 1.36481e+07
8.00000e-05 4.28354e+06
1.00000e-04 1.74212e+06
1.20000e-04 8.34955e+05
1.40000e-04 4.48232e+05
1.60000e-04 2.61460e+05
