9.09000e-09 0.00000e+00
9.35000e-09 0.00000e+00
9.61000e-09 0.00000e+00
9.77000e-09 0.00000e+00
9.96000e-09 0.00000e+00
1.02000e-08 0.00000e+00
1.03800e-08 0.00000e+00
1.05600e-08 0.00000e+00
1.07700e-08 0.00000e+00
1.10400e-08 0.00000e+00
1.14000e-08 0.00000e+00
1.17800e-08 0.00000e+00
1.21300e-08 0.00000e+00
1.24800e-08 0.00000e+00
1.27100e-08 0.00000e+00
1.28400e-08 0.00000e+00
1.30500e-08 0.00000e+00
1.32400e-08 0.00000e+00
1.33900e-08 0.00000e+00
1.36600e-08 0.00000e+00
1.39800e-08 0.00000e+00
1.43300e-08 0.00000e+00
1.47200e-08 0.00000e+00
1.51000e-08 0.00000e+00
1.55200e-08 0.00000e+00
1.58800e-08 0.00000e+00
1.62000e-08 0.00000e+00
1.66000e-08 0.00000e+00
1.70300e-08 0.00000e+00
1.73400e-08 0.00000e+00
1.76800e-08 0.00000e+00
1.80200e-08 0.00000e+00
1.81700e-08 0.00000e+00
1.86100e-08 0.00000e+00
1.91000e-08 0.00000e+00
1.93900e-08 0.00000e+00
1.98400e-08 0.00000e+00
2.01800e-08 0.00000e+00
2.05000e-08 0.00000e+00
2.10500e-08 0.00000e+00
2.16200e-08 0.00000e+00
2.19800e-08 0.00000e+00
2.23000e-08 0.00000e+00
2.26800e-08 0.00000e+00
2.30000e-08 0.00000e+00
2.34000e-08 0.00000e+00
2.40000e-08 0.00000e+00
2.46500e-08 0.00000e+00
2.52400e-08 0.00000e+00
2.56800e-08 0.00000e+00
2.60000e-08 0.00000e+00
2.64000e-08 0.00000e+00
2.68500e-08 0.00000e+00
2.73500e-08 0.00000e+00
2.78500e-08 0.00000e+00
2.84000e-08 0.00000e+00
2.90000e-08 0.00000e+00
2.96000e-08 0.00000e+00
3.01000e-08 0.00000e+00
3.08000e-08 0.00000e+00
3.18000e-08 0.00000e+00
3.28000e-08 0.00000e+00
3.38000e-08 0.00000e+00
3.48000e-08 0.00000e+00
3.57000e-08 0.00000e+00
3.66000e-08 0.00000e+00
3.75000e-08 0.00000e+00
3.85000e-08 0.00000e+00
3.95000e-08 0.00000e+00
4.05000e-08 0.00000e+00
4.14000e-08 0.00000e+00
4.22000e-08 0.00000e+00
4.30000e-08 0.00000e+00
4.41000e-08 0.00000e+00
4.51000e-08 0.00000e+00
4.60000e-08 0.00000e+00
4.70000e-08 0.00000e+00
4.80000e-08 0.00000e+00
4.90000e-08 0.00000e+00
5.00000e-08 0.00000e+00
5.06000e-08 3.55401e+00
5.12000e-08 6.12153e+00
5.20000e-08 1.09837e+01
5.30000e-08 2.23664e+01
5.40000e-08 4.38550e+01
5.50000e-08 8.47264e+01
5.60000e-08 1.59438e+02
5.70000e-08 2.93546e+02
5.80000e-08 5.27143e+02
5.90000e-08 9.37454e+02
6.00000e-08 1.62936e+03
6.10000e-08 2.78523e+03
6.20000e-08 4.68090e+03
6.30000e-08 7.74476e+03
6.40000e-08 1.26199e+04
6.50000e-08 2.02891e+04
6.58000e-08 2.93587e+04
6.65000e-08 4.02615e+04
6.75000e-08 6.25730e+04
6.85000e-08 9.60724e+04
6.95000e-08 1.45708e+05
7.05000e-08 2.18174e+05
7.16000e-08 3.36632e+05
7.26000e-08 4.93238e+05
7.35000e-08 6.89555e+05
7.45000e-08 9.90994e+05
7.55000e-08 1.41089e+06
7.65000e-08 1.99024e+06
7.75000e-08 2.78227e+06
7.85000e-08 3.85659e+06
7.95000e-08 5.29041e+06
8.05000e-08 7.22039e+06
8.15000e-08 9.77296e+06
8.25000e-08 1.31214e+07
8.35000e-08 1.74823e+07
8.45000e-08 2.31428e+07
8.55000e-08 3.04167e+07
8.65000e-08 3.97135e+07
8.75000e-08 5.14986e+07
8.85000e-08 6.64212e+07
8.95000e-08 8.51215e+07
9.05000e-08 1.08379e+08
9.15000e-08 2.74876e+09
9.25000e-08 1.76208e+10
9.35000e-08 2.95420e+10
9.45000e-08 4.84631e+10
9.55000e-08 7.03087e+10
9.65000e-08 9.19065e+10
9.75000e-08 8.09279e+10
9.85000e-08 1.28140e+11
9.95000e-08 1.40311e+11
1.00500e-07 1.77092e+11
1.01500e-07 2.04407e+11
1.02500e-07 1.47132e+11
1.03500e-07 2.57702e+11
1.04500e-07 3.08970e+11
1.05500e-07 3.52487e+11
1.06500e-07 3.81904e+11
1.07500e-07 4.47236e+11
1.08500e-07 4.99320e+11
1.09500e-07 5.33193e+11
1.10500e-07 5.51539e+12
1.11500e-07 2.04243e+13
1.12500e-07 2.69862e+13
1.13500e-07 2.75208e+13
1.14500e-07 2.18663e+13
1.15500e-07 2.14854e+13
1.16500e-07 1.90754e+13
1.17500e-07 1.05710e+13
1.18500e-07 5.14890e+12
1.19500e-07 2.14791e+12
1.20500e-07 2.11170e+12
1.21500e-07 5.83996e+11
1.22500e-07 2.27706e+12
1.23500e-07 4.62137e+12
1.24500e-07 1.85565e+13
1.25500e-07 6.93364e+13
1.26500e-07 7.50153e+13
1.27500e-07 3.26135e+14
1.28500e-07 5.98648e+14
1.29500e-07 6.92145e+14
1.30500e-07 4.49725e+14
1.31500e-07 8.51226e+14
1.32500e-07 9.72048e+14
1.33500e-07 9.01819e+14
1.34500e-07 1.19003e+15
1.35500e-07 1.10949e+15
1.36500e-07 1.01464e+15
1.37500e-07 1.19131e+15
1.38500e-07 1.14587e+15
1.39500e-07 1.26759e+15
1.40500e-07 1.26865e+15
1.41500e-07 1.14604e+15
1.42500e-07 1.28682e+15
1.43500e-07 1.14148e+15
1.44200e-07 1.31802e+15
1.44700e-07 1.47924e+15
1.45500e-07 1.44660e+15
1.46500e-07 1.25997e+15
1.47500e-07 1.22687e+15
1.48500e-07 1.33274e+15
1.49500e-07 1.45566e+15
1.50500e-07 1.48610e+15
1.51200e-07 1.30195e+15
1.51700e-07 1.43855e+15
1.52500e-07 1.16635e+15
1.53500e-07 1.00753e+15
1.54500e-07 1.41589e+15
1.55500e-07 1.24916e+15
1.56500e-07 1.13375e+15
1.57500e-07 1.30875e+15
1.58500e-07 1.41257e+15
1.59500e-07 1.52512e+15
1.60500e-07 1.42381e+15
1.61500e-07 1.38675e+15
1.62500e-07 1.20999e+15
1.63500e-07 1.33190e+15
1.64500e-07 1.41725e+15
1.65500e-07 1.08526e+15
1.66500e-07 1.38246e+15
1.67200e-07 9.59512e+14
1.67700e-07 1.31733e+15
1.68500e-07 1.47244e+15
1.69500e-07 1.30373e+15
1.70500e-07 1.25735e+15
1.71500e-07 1.25813e+15
1.72500e-07 1.23363e+15
1.73500e-07 1.32259e+15
1.74500e-07 1.29461e+15
1.75500e-07 1.43169e+15
1.76500e-07 1.19160e+15
1.77500e-07 1.35979e+15
1.78500e-07 1.34199e+15
1.79500e-07 1.48785e+15
1.80500e-07 1.40851e+15
1.81500e-07 1.36867e+15
1.82500e-07 1.32849e+15
1.83500e-07 1.26762e+15
1.84500e-07 1.14867e+15
1.85500e-07 1.23550e+15
1.86500e-07 1.24796e+15
1.87500e-07 1.29609e+15
1.88500e-07 1.27580e+15
1.89500e-07 1.28387e+15
1.90500e-07 1.21230e+15
1.91500e-07 1.27425e+15
1.92500e-07 1.28118e+15
1.93500e-07 1.21907e+15
1.94500e-07 1.30565e+15
1.95500e-07 1.28296e+15
1.96700e-07 1.33561e+15
1.97600e-07 1.31228e+15
1.98400e-07 1.27023e+15
1.99500e-07 1.22266e+15
2.00500e-07 1.19672e+15
2.01500e-07 1.15945e+15
2.02500e-07 1.14509e+15
2.03500e-07 1.18244e+15
2.04500e-07 1.23513e+15
2.05500e-07 1.18032e+15
2.06500e-07 1.15505e+15
2.07400e-07 1.21476e+15
2.07800e-07 1.23975e+15
2.08500e-07 1.22069e+15
2.09500e-07 1.17233e+15
2.10500e-07 1.12474e+15
2.11500e-07 1.12618e+15
2.12500e-07 1.15089e+15
2.13500e-07 9.85335e+14
2.14500e-07 1.09580e+15
2.15500e-07 1.10325e+15
2.16500e-07 1.04044e+15
2.17500e-07 1.02397e+15
2.18500e-07 1.02984e+15
2.19500e-07 1.09281e+15
2.20500e-07 1.04069e+15
2.21500e-07 9.58292e+14
2.22500e-07 9.38054e+14
2.23500e-07 1.04386e+15
2.24500e-07 9.35468e+14
2.25500e-07 9.13261e+14
2.26500e-07 9.15422e+14
2.27500e-07 9.65696e+14
2.28500e-07 9.98174e+14
2.29500e-07 9.36564e+14
2.30500e-07 9.21649e+14
2.31500e-07 8.84250e+14
2.32500e-07 7.09049e+14
2.33500e-07 8.31647e+14
2.34500e-07 7.65035e+14
2.35500e-07 8.76271e+14
2.36500e-07 7.68518e+14
2.37500e-07 8.13621e+14
2.38500e-07 7.14819e+14
2.39500e-07 7.89318e+14
2.40500e-07 7.47921e+14
2.41500e-07 7.66351e+14
2.42500e-07 8.21736e+14
2.43500e-07 7.79483e+14
2.44500e-07 8.36895e+14
2.45500e-07 8.01901e+14
2.46500e-07 8.03344e+14
2.47500e-07 7.64208e+14
2.48500e-07 8.02971e+14
2.49500e-07 7.71432e+14
2.50500e-07 8.59782e+14
2.51300e-07 7.62568e+14
2.51800e-07 7.68218e+14
2.52500e-07 7.17047e+14
2.53500e-07 7.06711e+14
2.54500e-07 7.06054e+14
2.55500e-07 7.68809e+14
2.56500e-07 7.62024e+14
2.57500e-07 8.14752e+14
2.58500e-07 8.14493e+14
2.59500e-07 7.94857e+14
2.60500e-07 7.62396e+14
2.61500e-07 7.52059e+14
2.62500e-07 8.04293e+14
2.63500e-07 8.01021e+14
2.64500e-07 8.86035e+14
2.65500e-07 8.72799e+14
2.66500e-07 8.04731e+14
2.67500e-07 8.36474e+14
2.68500e-07 8.32606e+14
2.69500e-07 7.93917e+14
2.70500e-07 8.12617e+14
2.71500e-07 7.71377e+14
2.72500e-07 7.76532e+14
2.73500e-07 8.31602e+14
2.74500e-07 7.10061e+14
2.75500e-07 7.17672e+14
2.76500e-07 7.43928e+14
2.77500e-07 7.81187e+14
2.78500e-07 7.34350e+14
2.79500e-07 4.60047e+14
2.80500e-07 5.31146e+14
2.81500e-07 7.80681e+14
2.82500e-07 8.07500e+14
2.83500e-07 7.80486e+14
2.84500e-07 7.52993e+14
2.85500e-07 7.35942e+14
2.86500e-07 7.81254e+14
2.87500e-07 7.58828e+14
2.88500e-07 7.72451e+14
2.89500e-07 7.48604e+14
2.91000e-07 8.13778e+14
2.93000e-07 7.80721e+14
2.95000e-07 7.76361e+14
2.97000e-07 7.78838e+14
2.99000e-07 7.82360e+14
3.01000e-07 7.91583e+14
3.03000e-07 7.79772e+14
3.05000e-07 7.73305e+14
3.07000e-07 7.63622e+14
3.09000e-07 7.69433e+14
3.11000e-07 7.50649e+14
3.13000e-07 7.47816e+14
3.15000e-07 7.49322e+14
3.17000e-07 7.41472e+14
3.19000e-07 7.13508e+14
3.21000e-07 7.27349e+14
3.23000e-07 7.12158e+14
3.25000e-07 7.15690e+14
3.27000e-07 7.17391e+14
3.29000e-07 7.17431e+14
3.31000e-07 7.17280e+14
3.33000e-07 7.03798e+14
3.35000e-07 6.93137e+14
3.37000e-07 6.90972e+14
3.39000e-07 6.81761e+14
3.41000e-07 6.88075e+14
3.43000e-07 6.82764e+14
3.45000e-07 6.77276e+14
3.47000e-07 6.68052e+14
3.49000e-07 6.64036e+14
3.51000e-07 6.66918e+14
3.53000e-07 6.64582e+14
3.55000e-07 6.61778e+14
3.57000e-07 6.50394e+14
3.59000e-07 6.45505e+14
3.61000e-07 6.40975e+14
3.63000e-07 6.37991e+14
3.64000e-07 6.34945e+14
3.65000e-07 6.45270e+14
3.67000e-07 6.32746e+14
3.69000e-07 5.76933e+14
3.71000e-07 5.90601e+14
3.73000e-07 5.96361e+14
3.75000e-07 7.22760e+14
3.77000e-07 7.52618e+14
3.79000e-07 9.28103e+14
3.81000e-07 1.10319e+15
3.83000e-07 8.68009e+14
3.85000e-07 1.23522e+15
3.87000e-07 1.42996e+15
3.89000e-07 7.47780e+14
3.91000e-07 1.42855e+15
3.93000e-07 1.39029e+15
3.95000e-07 1.41360e+15
3.97000e-07 7.09461e+14
3.99000e-07 1.35014e+15
4.01000e-07 1.57143e+15
4.03000e-07 1.57840e+15
4.05000e-07 1.55651e+15
4.07000e-07 1.45462e+15
4.09000e-07 1.05379e+15
4.11000e-07 7.92173e+14
4.13000e-07 1.35042e+15
4.15000e-07 1.45070e+15
4.17000e-07 1.44807e+15
4.19000e-07 1.43063e+15
4.21000e-07 1.41477e+15
4.23000e-07 1.38441e+15
4.25000e-07 1.36814e+15
4.27000e-07 1.33118e+15
4.29000e-07 1.31667e+15
4.31000e-07 1.21244e+15
4.33000e-07 8.51722e+14
4.35000e-07 7.22044e+14
4.37000e-07 1.16529e+15
4.39000e-07 1.21712e+15
4.41000e-07 1.22001e+15
4.43000e-07 1.20852e+15
4.45000e-07 1.21092e+15
4.47000e-07 1.19338e+15
4.49000e-07 1.16300e+15
4.51000e-07 1.16364e+15
4.53000e-07 1.14523e+15
4.55000e-07 1.11906e+15
4.57000e-07 1.12231e+15
4.59000e-07 1.10034e+15
4.61000e-07 1.10060e+15
4.63000e-07 1.07331e+15
4.65000e-07 1.07121e+15
4.67000e-07 1.05606e+15
4.69000e-07 1.02996e+15
4.71000e-07 9.96640e+14
4.73000e-07 1.01379e+15
4.75000e-07 1.00076e+15
4.77000e-07 9.85848e+14
4.79000e-07 9.68536e+14
4.81000e-07 9.39933e+14
4.83000e-07 8.78277e+14
4.85000e-07 6.46876e+14
4.87000e-07 5.23171e+14
4.89000e-07 8.17406e+14
4.91000e-07 8.78581e+14
4.93000e-07 8.77217e+14
4.95000e-07 8.78169e+14
4.97000e-07 8.74212e+14
4.99000e-07 8.60803e+14
5.01000e-07 8.41126e+14
5.03000e-07 8.39930e+14
5.05000e-07 8.23851e+14
5.07000e-07 8.23241e+14
5.09000e-07 8.13832e+14
5.11000e-07 8.03766e+14
5.13000e-07 7.94262e+14
5.15000e-07 7.81812e+14
5.17000e-07 7.64584e+14
5.19000e-07 7.57500e+14
5.21000e-07 7.55595e+14
5.23000e-07 7.41206e+14
5.25000e-07 7.40531e+14
5.27000e-07 7.21804e+14
5.29000e-07 7.23585e+14
5.31000e-07 7.10288e+14
5.33000e-07 7.01918e+14
5.35000e-07 6.99826e+14
5.37000e-07 6.89645e+14
5.39000e-07 6.82669e+14
5.41000e-07 6.72109e+14
5.43000e-07 6.66720e+14
5.45000e-07 6.61151e+14
5.47000e-07 6.53605e+14
5.49000e-07 6.46902e+14
5.51000e-07 6.39918e+14
5.53000e-07 6.31738e+14
5.55000e-07 6.26092e+14
5.57000e-07 6.18581e+14
5.59000e-07 6.12438e+14
5.61000e-07 6.06451e+14
5.63000e-07 5.99999e+14
5.65000e-07 5.92997e+14
5.67000e-07 5.86302e+14
5.69000e-07 5.80605e+14
5.71000e-07 5.74453e+14
5.73000e-07 5.68821e+14
5.75000e-07 5.62079e+14
5.77000e-07 5.56379e+14
5.79000e-07 5.50081e+14
5.81000e-07 5.44537e+14
5.83000e-07 5.38923e+14
5.85000e-07 5.33307e+14
5.87000e-07 5.26836e+14
5.89000e-07 5.18367e+14
5.91000e-07 5.16461e+14
5.93000e-07 5.11311e+14
5.95000e-07 5.05070e+14
5.97000e-07 5.00360e+14
5.99000e-07 4.94316e+14
6.01000e-07 4.89581e+14
6.03000e-07 4.85230e+14
6.05000e-07 4.80041e+14
6.07000e-07 4.75482e+14
6.09000e-07 4.70566e+14
6.11000e-07 4.65644e+14
6.13000e-07 4.60606e+14
6.15000e-07 4.51469e+14
6.17000e-07 4.51169e+14
6.19000e-07 4.47364e+14
6.21000e-07 4.42816e+14
6.23000e-07 4.38104e+14
6.25000e-07 4.31274e+14
6.27000e-07 4.29801e+14
6.29000e-07 4.25577e+14
6.31000e-07 4.20727e+14
6.33000e-07 4.16982e+14
6.35000e-07 4.08613e+14
6.37000e-07 4.05968e+14
6.39000e-07 4.04492e+14
6.41000e-07 3.99468e+14
6.43000e-07 3.95803e+14
6.45000e-07 3.89395e+14
6.47000e-07 3.87009e+14
6.49000e-07 3.80701e+14
6.51000e-07 3.73316e+14
6.53000e-07 3.56535e+14
6.55000e-07 3.00392e+14
6.56125e-07 2.43477e+14
6.59000e-07 3.32106e+14
6.61000e-07 3.52751e+14
6.63000e-07 3.55674e+14
6.65000e-07 3.54551e+14
6.67000e-07 3.52149e+14
6.69000e-07 3.49466e+14
6.71000e-07 3.46791e+14
6.73000e-07 3.43369e+14
6.75000e-07 3.40527e+14
6.77000e-07 3.37663e+14
6.79000e-07 3.34484e+14
6.81000e-07 3.31409e+14
6.83000e-07 3.28147e+14
6.85000e-07 3.25190e+14
6.87000e-07 3.22333e+14
6.89000e-07 3.19425e+14
6.91000e-07 3.16442e+14
6.93000e-07 3.13473e+14
6.95000e-07 3.10666e+14
6.97000e-07 3.07823e+14
6.99000e-07 3.05200e+14
7.01000e-07 3.01660e+14
7.03000e-07 2.99458e+14
7.05000e-07 2.96761e+14
7.07000e-07 2.94285e+14
7.09000e-07 2.91728e+14
7.11000e-07 2.86966e+14
7.13000e-07 2.86092e+14
7.15000e-07 2.83544e+14
7.17000e-07 2.81290e+14
7.19000e-07 2.78802e+14
7.21000e-07 2.76438e+14
7.23000e-07 2.73830e+14
7.25000e-07 2.71181e+14
7.27000e-07 2.69257e+14
7.29000e-07 2.66690e+14
7.31000e-07 2.64379e+14
7.33000e-07 2.62230e+14
7.35000e-07 2.60045e+14
7.37000e-07 2.57817e+14
7.39000e-07 2.55444e+14
7.41000e-07 2.52310e+14
7.43000e-07 2.50176e+14
7.45000e-07 2.48441e+14
7.47000e-07 2.45613e+14
7.49000e-07 2.44116e+14
7.51000e-07 2.42336e+14
7.53000e-07 2.40519e+14
7.55000e-07 2.38619e+14
7.57000e-07 2.36557e+14
7.59000e-07 2.34573e+14
7.61000e-07 2.32646e+14
7.63000e-07 2.30638e+14
7.65000e-07 2.28591e+14
7.67000e-07 2.26561e+14
7.69000e-07 2.24792e+14
7.71000e-07 2.22752e+14
7.73000e-07 2.21173e+14
7.75000e-07 2.19324e+14
7.77000e-07 2.13185e+14
7.79000e-07 2.15755e+14
7.81000e-07 2.13984e+14
7.83000e-07 2.12069e+14
7.85000e-07 2.10036e+14
7.87000e-07 2.07753e+14
7.89000e-07 2.05794e+14
7.91000e-07 2.04899e+14
7.93000e-07 2.03507e+14
7.95000e-07 2.00887e+14
7.97000e-07 2.00420e+14
7.99000e-07 1.96638e+14
8.01000e-07 1.97126e+14
8.03000e-07 1.95461e+14
8.05000e-07 1.93991e+14
8.07000e-07 1.92348e+14
8.09000e-07 1.90852e+14
8.11000e-07 1.89350e+14
8.13000e-07 1.87935e+14
8.15000e-07 1.86441e+14
8.17000e-07 1.84982e+14
8.19000e-07 1.82456e+14
8.21000e-07 1.81870e+14
8.23000e-07 1.80270e+14
8.25000e-07 1.79441e+14
8.27000e-07 1.79186e+14
8.29000e-07 1.77664e+14
8.31000e-07 1.76401e+14
8.33000e-07 1.74030e+14
8.35000e-07 1.72883e+14
8.37000e-07 1.71268e+14
8.39000e-07 1.68424e+14
8.41000e-07 1.65680e+14
8.43000e-07 1.62917e+14
8.45000e-07 1.59693e+14
8.47000e-07 1.57685e+14
8.49000e-07 1.57978e+14
8.51000e-07 1.51935e+14
8.53000e-07 1.57737e+14
8.55000e-07 1.43261e+14
8.57000e-07 1.60136e+14
8.59000e-07 1.47117e+14
8.61000e-07 1.44640e+14
8.63000e-07 1.61862e+14
8.65000e-07 1.51609e+14
8.67000e-07 1.28968e+14
8.69000e-07 1.55175e+14
8.71000e-07 1.63382e+14
8.73000e-07 1.52886e+14
8.75000e-07 1.23034e+14
8.77000e-07 1.44554e+14
8.79000e-07 1.60792e+14
8.81000e-07 1.62897e+14
8.83000e-07 1.56096e+14
8.85000e-07 1.35776e+14
8.87000e-07 1.16940e+14
8.89000e-07 1.46508e+14
8.91000e-07 1.56533e+14
8.93000e-07 1.58846e+14
8.95000e-07 1.58908e+14
8.97000e-07 1.54417e+14
8.99000e-07 1.42898e+14
9.01000e-07 1.13084e+14
9.03000e-07 1.22605e+14
9.05000e-07 1.43774e+14
9.07000e-07 1.48320e+14
9.09000e-07 1.48831e+14
9.11000e-07 1.50983e+14
9.13000e-07 1.50580e+14
9.15000e-07 1.49311e+14
9.17000e-07 1.46223e+14
9.19000e-07 1.40002e+14
9.21000e-07 1.25987e+14
9.23000e-07 9.89354e+13
9.25000e-07 1.20677e+14
9.27000e-07 1.32436e+14
9.29000e-07 1.39746e+14
9.31000e-07 1.40889e+14
9.33000e-07 1.40563e+14
9.35000e-07 1.40040e+14
9.37000e-07 1.39215e+14
9.39000e-07 1.37358e+14
9.41000e-07 1.34979e+14
9.43000e-07 1.35665e+14
9.45000e-07 1.34408e+14
9.47000e-07 1.32543e+14
9.49000e-07 1.29638e+14
9.51000e-07 1.23795e+14
9.53000e-07 1.09704e+14
9.55000e-07 8.91075e+13
9.57000e-07 1.10989e+14
9.59000e-07 1.21505e+14
9.61000e-07 1.24226e+14
9.63000e-07 1.23776e+14
9.65000e-07 1.25161e+14
9.67000e-07 1.23834e+14
9.69000e-07 1.23769e+14
9.71000e-07 1.23335e+14
9.73000e-07 1.22451e+14
9.75000e-07 1.21564e+14
9.77000e-07 1.20964e+14
9.79000e-07 1.20089e+14
9.81000e-07 1.19154e+14
9.83000e-07 1.17984e+14
9.85000e-07 1.17027e+14
9.87000e-07 1.16171e+14
9.89000e-07 1.14734e+14
9.91000e-07 1.14433e+14
9.93000e-07 1.13312e+14
9.95000e-07 1.12339e+14
9.97000e-07 1.11017e+14
9.99000e-07 1.08791e+14
1.00250e-06 9.57527e+13
1.00750e-06 9.08223e+13
1.01250e-06 1.03888e+14
1.01750e-06 1.04271e+14
1.02250e-06 1.02998e+14
1.02750e-06 1.01427e+14
1.03250e-06 9.96657e+13
1.03750e-06 9.80074e+13
1.04250e-06 9.63832e+13
1.04750e-06 9.44353e+13
1.05250e-06 9.29076e+13
1.05750e-06 9.15056e+13
1.06250e-06 9.00758e+13
1.06750e-06 8.75975e+13
1.07250e-06 8.66385e+13
1.07750e-06 8.52879e+13
1.08250e-06 8.35052e+13
1.08750e-06 8.02991e+13
1.09250e-06 6.61133e+13
1.09750e-06 7.23650e+13
1.10250e-06 7.77384e+13
1.10750e-06 7.74804e+13
1.11250e-06 7.64750e+13
1.11750e-06 7.54362e+13
1.12250e-06 7.42903e+13
1.12750e-06 7.22519e+13
1.13250e-06 7.12423e+13
1.13750e-06 7.07716e+13
1.14250e-06 6.96254e+13
1.14750e-06 6.87110e+13
1.15250e-06 6.76878e+13
1.15750e-06 6.66375e+13
1.16250e-06 6.53156e+13
1.16750e-06 6.40968e+13
1.17250e-06 6.36637e+13
1.17750e-06 6.20020e+13
1.18250e-06 6.14922e+13
1.18750e-06 6.04225e+13
1.19250e-06 5.99619e+13
1.19750e-06 5.88264e+13
1.20250e-06 5.81507e+13
1.20750e-06 5.71869e+13
1.21250e-06 5.63908e+13
1.21750e-06 5.56414e+13
1.22250e-06 5.48066e+13
1.22750e-06 5.39484e+13
1.23250e-06 5.32016e+13
1.23750e-06 5.24724e+13
1.24250e-06 5.17777e+13
1.24750e-06 5.08793e+13
1.25250e-06 5.02794e+13
1.25750e-06 4.93371e+13
1.26250e-06 4.86469e+13
1.26750e-06 4.79309e+13
1.27250e-06 4.68361e+13
1.27750e-06 4.40879e+13
1.28250e-06 3.75927e+13
1.28750e-06 4.34534e+13
1.29250e-06 4.44078e+13
1.29750e-06 4.41199e+13
1.30250e-06 4.36419e+13
1.30750e-06 4.31281e+13
1.31250e-06 4.25355e+13
1.31750e-06 4.18422e+13
1.32250e-06 4.13971e+13
1.32750e-06 4.08422e+13
1.33250e-06 4.02944e+13
1.33750e-06 3.97536e+13
1.34250e-06 3.92134e+13
1.34750e-06 3.86761e+13
1.35250e-06 3.81208e+13
1.35750e-06 3.76320e+13
1.36250e-06 3.71615e+13
1.36750e-06 3.66445e+13
1.37250e-06 3.60820e+13
1.37750e-06 3.57252e+13
1.38250e-06 3.52623e+13
1.38750e-06 3.48266e+13
1.39250e-06 3.43341e+13
1.39750e-06 3.39230e+13
1.40250e-06 3.34938e+13
1.40750e-06 3.30700e+13
1.41250e-06 3.26380e+13
1.41750e-06 3.22281e+13
1.42250e-06 3.18177e+13
1.42750e-06 3.14140e+13
1.43250e-06 3.10188e+13
1.43750e-06 3.06375e+13
1.44250e-06 3.00054e+13
1.44750e-06 2.98704e+13
1.45250e-06 2.93741e+13
1.45700e-06 2.91681e+13
1.46200e-06 2.88244e+13
1.46750e-06 2.84810e+13
1.47250e-06 2.81316e+13
1.47750e-06 2.77275e+13
1.48250e-06 2.74465e+13
1.48750e-06 2.70512e+13
1.49250e-06 2.68262e+13
1.49750e-06 2.64576e+13
1.50250e-06 2.60982e+13
1.50750e-06 2.57463e+13
1.51250e-06 2.54430e+13
1.51750e-06 2.50466e+13
1.52250e-06 2.46727e+13
1.52750e-06 2.43661e+13
1.53250e-06 2.39732e+13
1.53750e-06 2.37314e+13
1.54250e-06 2.32374e+13
1.54750e-06 2.31410e+13
1.55250e-06 2.27812e+13
1.55750e-06 2.22282e+13
1.56250e-06 2.26464e+13
1.56750e-06 2.17692e+13
1.57250e-06 2.13019e+13
1.57750e-06 2.20194e+13
1.58250e-06 2.16232e+13
1.58750e-06 1.99939e+13
1.59250e-06 2.07940e+13
1.59750e-06 2.14582e+13
1.60500e-06 2.04874e+13
1.61500e-06 1.93043e+13
1.62500e-06 2.02402e+13
1.63500e-06 1.90040e+13
1.64500e-06 1.79064e+13
1.65500e-06 1.90000e+13
1.66500e-06 1.86244e+13
1.67500e-06 1.73244e+13
1.68500e-06 1.62649e+13
1.69500e-06 1.74044e+13
1.70500e-06 1.71348e+13
1.71500e-06 1.67690e+13
1.72500e-06 1.61700e+13
1.73500e-06 1.42083e+13
1.74500e-06 1.52163e+13
1.75500e-06 1.53357e+13
1.76500e-06 1.50742e+13
1.77500e-06 1.47936e+13
1.78500e-06 1.44758e+13
1.79500e-06 1.41559e+13
1.80500e-06 1.36838e+13
1.81500e-06 1.21360e+13
1.82500e-06 1.27205e+13
1.83500e-06 1.29861e+13
1.84500e-06 1.27716e+13
1.85500e-06 1.24842e+13
1.86500e-06 1.20778e+13
1.87500e-06 1.06676e+13
1.88500e-06 1.15387e+13
1.89500e-06 1.15232e+13
1.90500e-06 1.13434e+13
1.91500e-06 1.11204e+13
1.92500e-06 1.08750e+13
1.93500e-06 1.04671e+13
1.94500e-06 9.27330e+12
1.95500e-06 1.00727e+13
1.96500e-06 1.00739e+13
1.97500e-06 9.91512e+12
1.98500e-06 9.74089e+12
1.99500e-06 9.55924e+12
2.00500e-06 9.38165e+12
2.01500e-06 9.20795e+12
2.02500e-06 9.03721e+12
2.03500e-06 8.87001e+12
2.04500e-06 8.70979e+12
2.05500e-06 8.55083e+12
2.06500e-06 8.39268e+12
2.07500e-06 8.24268e+12
2.08500e-06 8.09578e+12
2.09500e-06 7.95086e+12
2.10500e-06 7.80782e+12
2.11500e-06 7.66031e+12
2.12500e-06 7.52539e+12
2.13500e-06 7.38737e+12
2.14500e-06 7.23767e+12
2.15500e-06 7.00395e+12
2.16500e-06 6.25228e+12
2.17500e-06 6.69432e+12
2.18500e-06 6.74295e+12
2.19500e-06 6.65906e+12
2.20500e-06 6.55215e+12
2.21500e-06 6.43668e+12
2.22500e-06 6.33474e+12
2.23500e-06 6.22788e+12
2.24500e-06 6.12386e+12
2.25500e-06 6.01958e+12
2.26500e-06 5.92146e+12
2.27500e-06 5.82359e+12
2.28500e-06 5.75288e+12
2.29500e-06 5.74406e+12
2.30500e-06 5.64987e+12
2.31500e-06 5.54408e+12
2.32500e-06 5.44137e+12
2.33500e-06 5.33944e+12
2.34500e-06 5.24104e+12
2.35500e-06 5.14548e+12
2.36500e-06 5.05397e+12
2.37500e-06 4.96474e+12
2.38500e-06 4.87783e+12
2.39500e-06 4.79351e+12
2.40500e-06 4.71178e+12
2.41500e-06 4.62833e+12
2.42500e-06 4.54783e+12
2.43500e-06 4.48031e+12
2.44500e-06 4.39830e+12
2.45500e-06 4.34098e+12
2.46500e-06 4.25753e+12
2.47500e-06 4.20407e+12
2.48500e-06 4.14730e+12
2.49500e-06 4.05058e+12
2.50500e-06 4.08710e+12
2.51500e-06 3.98391e+12
2.52500e-06 3.84346e+12
2.53500e-06 3.84403e+12
2.54500e-06 3.81975e+12
2.55500e-06 3.72043e+12
2.56500e-06 3.58366e+12
2.57500e-06 3.62707e+12
2.58500e-06 3.60847e+12
2.59500e-06 3.54709e+12
2.60500e-06 3.41888e+12
2.61500e-06 3.26596e+12
2.62500e-06 3.05725e+12
2.63500e-06 3.26524e+12
2.64500e-06 3.30058e+12
2.65500e-06 3.25791e+12
2.66500e-06 3.16270e+12
2.67500e-06 2.98262e+12
2.68500e-06 3.07526e+12
2.69500e-06 3.08650e+12
2.70500e-06 3.05538e+12
2.71500e-06 3.01595e+12
2.72500e-06 2.97219e+12
2.73500e-06 2.92254e+12
2.74500e-06 2.84899e+12
2.75500e-06 2.65860e+12
2.76500e-06 2.69582e+12
2.77500e-06 2.75103e+12
2.78500e-06 2.73224e+12
2.79500e-06 2.70254e+12
2.80500e-06 2.66842e+12
2.81500e-06 2.63214e+12
2.82500e-06 2.59631e+12
2.83500e-06 2.55914e+12
2.84500e-06 2.51702e+12
2.85500e-06 2.46887e+12
2.86500e-06 2.36620e+12
2.87500e-06 2.22566e+12
2.88500e-06 2.34573e+12
2.89500e-06 2.34798e+12
2.90500e-06 2.32805e+12
2.91500e-06 2.29965e+12
2.92500e-06 2.27193e+12
2.93500e-06 2.24244e+12
2.94500e-06 2.21338e+12
2.95500e-06 2.18488e+12
2.96500e-06 2.15658e+12
2.97500e-06 2.12891e+12
2.98500e-06 2.10165e+12
2.99500e-06 2.07457e+12
3.00500e-06 2.04410e+12
3.01500e-06 2.01142e+12
3.02500e-06 1.96434e+12
3.03500e-06 1.82549e+12
3.04500e-06 1.83814e+12
3.05500e-06 1.89765e+12
3.06500e-06 1.89026e+12
3.07500e-06 1.87249e+12
3.08500e-06 1.84992e+12
3.09500e-06 1.82819e+12
3.10500e-06 1.80554e+12
3.11500e-06 1.78294e+12
3.12500e-06 1.76093e+12
3.13500e-06 1.73994e+12
3.14500e-06 1.71823e+12
3.15500e-06 1.69812e+12
3.16500e-06 1.67767e+12
3.17500e-06 1.65699e+12
3.18500e-06 1.63750e+12
3.19500e-06 1.61771e+12
3.21000e-06 1.58873e+12
3.23000e-06 1.55132e+12
3.25000e-06 1.51470e+12
3.27000e-06 1.47104e+12
3.29000e-06 1.35620e+12
3.31000e-06 1.38274e+12
3.33000e-06 1.38500e+12
3.35000e-06 1.35646e+12
3.37000e-06 1.32326e+12
3.39000e-06 1.29265e+12
3.41000e-06 1.26266e+12
3.43000e-06 1.23363e+12
3.45000e-06 1.20551e+12
3.47000e-06 1.17788e+12
3.49000e-06 1.15112e+12
3.51000e-06 1.12535e+12
3.53000e-06 1.09997e+12
3.55000e-06 1.07577e+12
3.57000e-06 1.05148e+12
3.59000e-06 1.02869e+12
3.61000e-06 1.00637e+12
3.63000e-06 9.85105e+11
3.65000e-06 9.63254e+11
3.67000e-06 9.44952e+11
3.69000e-06 9.20349e+11
3.71000e-06 9.03528e+11
3.73000e-06 8.58447e+11
3.75000e-06 8.30187e+11
3.77000e-06 8.49922e+11
3.79000e-06 8.36334e+11
3.81000e-06 8.11590e+11
3.83000e-06 7.96689e+11
3.85000e-06 7.88738e+11
3.87000e-06 7.73338e+11
3.89000e-06 7.52634e+11
3.91000e-06 7.27878e+11
3.93000e-06 7.26537e+11
3.95000e-06 7.16228e+11
3.97000e-06 7.03556e+11
3.99000e-06 6.89540e+11
4.01000e-06 6.61922e+11
4.03000e-06 6.45579e+11
4.05000e-06 6.13518e+11
4.07000e-06 6.31724e+11
4.09000e-06 6.24975e+11
4.11000e-06 6.14759e+11
4.13000e-06 6.01641e+11
4.15000e-06 5.85991e+11
4.17000e-06 5.58567e+11
4.19000e-06 5.63891e+11
4.21000e-06 5.58546e+11
4.23000e-06 5.49739e+11
4.25000e-06 5.39739e+11
4.27000e-06 5.29984e+11
4.29000e-06 5.20427e+11
4.31000e-06 5.11086e+11
4.33000e-06 5.01352e+11
4.35000e-06 4.89605e+11
4.37000e-06 4.64618e+11
4.39000e-06 4.65613e+11
4.41000e-06 4.65545e+11
4.43000e-06 4.59143e+11
4.45000e-06 4.51201e+11
4.47000e-06 4.45212e+11
4.49000e-06 4.37480e+11
4.51000e-06 4.29997e+11
4.53000e-06 4.22592e+11
4.55000e-06 4.15427e+11
4.57000e-06 4.08336e+11
4.59000e-06 4.01262e+11
4.61000e-06 3.93339e+11
4.63000e-06 3.83674e+11
4.65000e-06 3.57278e+11
4.67000e-06 3.53326e+11
4.69000e-06 3.62205e+11
4.71000e-06 3.61309e+11
4.73000e-06 3.56728e+11
4.75000e-06 3.51092e+11
4.77000e-06 3.45438e+11
4.79000e-06 3.39884e+11
4.81000e-06 3.34392e+11
4.83000e-06 3.29013e+11
4.85000e-06 3.23742e+11
4.87000e-06 3.18579e+11
4.89000e-06 3.13505e+11
4.91000e-06 3.08534e+11
4.93000e-06 3.03680e+11
4.95000e-06 2.98909e+11
4.97000e-06 2.94236e+11
4.99000e-06 2.89642e+11
5.01000e-06 2.85143e+11
5.03000e-06 2.80721e+11
5.05000e-06 2.76419e+11
5.07000e-06 2.72132e+11
5.09000e-06 2.67002e+11
5.11000e-06 2.59622e+11
5.13000e-06 2.44818e+11
5.15000e-06 2.52763e+11
5.17000e-06 2.51432e+11
5.19000e-06 2.48365e+11
5.21000e-06 2.44644e+11
5.23000e-06 2.41013e+11
5.25000e-06 2.37431e+11
5.27000e-06 2.33923e+11
5.29000e-06 2.30488e+11
5.31000e-06 2.27098e+11
5.33000e-06 2.23779e+11
5.35000e-06 2.20517e+11
5.37000e-06 2.17310e+11
5.39000e-06 2.14183e+11
5.41000e-06 2.11096e+11
5.43000e-06 2.08062e+11
5.45000e-06 2.05079e+11
5.47000e-06 2.02159e+11
5.49000e-06 1.99289e+11
5.51000e-06 1.96468e+11
5.53000e-06 1.93694e+11
5.55000e-06 1.90980e+11
5.57000e-06 1.88287e+11
5.59000e-06 1.85652e+11
5.61000e-06 1.83086e+11
5.63000e-06 1.80551e+11
5.65000e-06 1.78060e+11
5.67000e-06 1.75610e+11
5.69000e-06 1.73203e+11
5.71000e-06 1.70836e+11
5.73000e-06 1.68498e+11
5.75000e-06 1.66223e+11
5.77000e-06 1.63964e+11
5.79000e-06 1.61754e+11
5.81000e-06 1.59582e+11
5.83000e-06 1.57447e+11
5.85000e-06 1.55547e+11
5.87000e-06 1.52903e+11
5.89000e-06 1.48783e+11
5.91000e-06 1.40454e+11
5.93000e-06 1.45604e+11
5.95000e-06 1.45116e+11
5.97000e-06 1.43723e+11
5.99000e-06 1.41851e+11
6.01000e-06 1.40012e+11
6.03000e-06 1.38204e+11
6.05000e-06 1.36416e+11
6.07000e-06 1.34660e+11
6.09000e-06 1.32924e+11
6.11000e-06 1.31218e+11
6.13000e-06 1.29551e+11
6.15000e-06 1.27903e+11
6.17000e-06 1.26283e+11
6.19000e-06 1.24682e+11
6.21000e-06 1.23108e+11
6.23000e-06 1.21562e+11
6.25000e-06 1.20043e+11
6.27000e-06 1.18540e+11
6.29000e-06 1.17064e+11
6.31000e-06 1.15613e+11
6.33000e-06 1.14179e+11
6.35000e-06 1.12769e+11
6.37000e-06 1.11394e+11
6.39000e-06 1.10024e+11
6.42000e-06 1.08011e+11
6.46000e-06 1.05405e+11
6.50000e-06 1.02881e+11
6.54000e-06 1.00420e+11
6.58000e-06 9.80451e+10
6.62000e-06 9.57205e+10
6.66000e-06 9.34870e+10
6.70000e-06 9.13082e+10
6.74000e-06 8.91911e+10
6.78000e-06 8.71419e+10
6.82000e-06 8.51427e+10
6.86000e-06 8.32000e+10
6.90000e-06 8.13124e+10
6.94000e-06 7.94861e+10
6.98000e-06 7.77039e+10
7.02000e-06 7.59769e+10
7.06000e-06 7.42908e+10
7.10000e-06 7.26594e+10
7.14000e-06 7.10613e+10
7.18000e-06 6.95154e+10
7.22000e-06 6.80029e+10
7.26000e-06 6.65402e+10
7.30000e-06 6.51201e+10
7.34000e-06 6.37312e+10
7.38000e-06 6.23685e+10
7.42000e-06 6.07304e+10
7.46000e-06 5.73548e+10
7.50000e-06 5.60789e+10
7.54000e-06 5.69473e+10
7.58000e-06 5.61204e+10
7.62000e-06 5.49903e+10
7.66000e-06 5.38672e+10
7.70000e-06 5.27734e+10
7.74000e-06 5.17055e+10
7.78000e-06 5.06661e+10
7.82000e-06 4.96519e+10
7.86000e-06 4.86631e+10
7.90000e-06 4.76983e+10
7.94000e-06 4.67576e+10
7.98000e-06 4.58398e+10
8.02000e-06 4.49444e+10
8.06000e-06 4.40708e+10
8.10000e-06 4.32181e+10
8.14000e-06 4.23861e+10
8.18000e-06 4.15740e+10
8.22000e-06 4.07812e+10
8.26000e-06 4.00073e+10
8.30000e-06 3.92513e+10
8.34000e-06 3.85112e+10
8.38000e-06 3.77887e+10
8.42000e-06 3.70862e+10
8.46000e-06 3.64005e+10
8.50000e-06 3.57286e+10
8.54000e-06 3.50719e+10
8.58000e-06 3.44309e+10
8.62000e-06 3.38039e+10
8.66000e-06 3.31914e+10
8.70000e-06 3.25922e+10
8.74000e-06 3.20071e+10
8.78000e-06 3.14346e+10
8.82000e-06 3.08746e+10
8.86000e-06 3.03272e+10
8.90000e-06 2.97922e+10
8.94000e-06 2.92688e+10
8.98000e-06 2.87568e+10
9.02000e-06 2.82560e+10
9.06000e-06 2.77657e+10
9.10000e-06 2.72860e+10
9.14000e-06 2.68173e+10
9.18000e-06 2.63579e+10
9.22000e-06 2.59085e+10
9.26000e-06 2.54686e+10
9.30000e-06 2.50378e+10
9.34000e-06 2.46165e+10
9.38000e-06 2.42036e+10
9.42000e-06 2.37994e+10
9.46000e-06 2.34037e+10
9.50000e-06 2.30162e+10
9.54000e-06 2.26361e+10
9.58000e-06 2.22648e+10
9.62000e-06 2.19005e+10
9.66000e-06 2.15439e+10
9.70000e-06 2.11944e+10
9.74000e-06 2.08516e+10
9.78000e-06 2.05159e+10
9.82000e-06 2.01870e+10
9.86000e-06 1.98646e+10
9.90000e-06 1.95488e+10
9.94000e-06 1.92392e+10
9.98000e-06 1.89355e+10
1.00200e-05 1.86380e+10
2.00000e-05 1.19019e+09
4.00000e-05 7.39027e+07
6.00000e-05 1.44644e+07
8.00000e-05 4.53878e+06
1.00000e-04 1.84575e+06
1.20000e-04 8.84584e+05
1.40000e-04 4.74853e+05
1.60000e-04 2.76985e+05
