9.09000e-09 0.00000e+00
9.35000e-09 0.00000e+00
9.61000e-09 0.00000e+00
9.77000e-09 0.00000e+00
9.96000e-09 0.00000e+00
1.02000e-08 0.00000e+00
1.03800e-08 0.00000e+00
1.05600e-08 0.00000e+00
1.07700e-08 0.00000e+00
1.10400e-08 0.00000e+00
1.14000e-08 0.00000e+00
1.17800e-08 0.00000e+00
1.21300e-08 0.00000e+00
1.24800e-08 0.00000e+00
1.27100e-08 0.00000e+00
1.28400e-08 0.00000e+00
1.30500e-08 0.00000e+00
1.32400e-08 0.00000e+00
1.33900e-08 0.00000e+00
1.36600e-08 0.00000e+00
1.39800e-08 0.00000e+00
1.43300e-08 0.00000e+00
1.47200e-08 0.00000e+00
1.51000e-08 0.00000e+00
1.55200e-08 0.00000e+00
1.58800e-08 0.00000e+00
1.62000e-08 0.00000e+00
1.66000e-08 0.00000e+00
1.70300e-08 0.00000e+00
1.73400e-08 0.00000e+00
1.76800e-08 0.00000e+00
1.80200e-08 0.00000e+00
1.81700e-08 0.00000e+00
1.86100e-08 0.00000e+00
1.91000e-08 0.00000e+00
1.93900e-08 0.00000e+00
1.98400e-08 0.00000e+00
2.01800e-08 0.00000e+00
2.05000e-08 0.00000e+00
2.10500e-08 0.00000e+00
2.16200e-08 0.00000e+00
2.19800e-08 0.00000e+00
2.23000e-08 0.00000e+00
2.26800e-08 0.00000e+00
2.30000e-08 0.00000e+00
2.34000e-08 0.00000e+00
2.40000e-08 0.00000e+00
2.46500e-08 0.00000e+00
2.52400e-08 0.00000e+00
2.56800e-08 0.00000e+00
2.60000e-08 0.00000e+00
2.64000e-08 0.00000e+00
2.68500e-08 0.00000e+00
2.73500e-08 0.00000e+00
2.78500e-08 0.00000e+00
2.84000e-08 0.00000e+00
2.90000e-08 0.00000e+00
2.96000e-08 0.00000e+00
3.01000e-08 0.00000e+00
3.08000e-08 0.00000e+00
3.18000e-08 0.00000e+00
3.28000e-08 0.00000e+00
3.38000e-08 0.00000e+00
3.48000e-08 0.00000e+00
3.57000e-08 0.00000e+00
3.66000e-08 0.00000e+00
3.75000e-08 0.00000e+00
3.85000e-08 0.00000e+00
3.95000e-08 0.00000e+00
4.05000e-08 0.00000e+00
4.14000e-08 0.00000e+00
4.22000e-08 0.00000e+00
4.30000e-08 0.00000e+00
4.41000e-08 0.00000e+00
4.51000e-08 0.00000e+00
4.60000e-08 0.00000e+00
4.70000e-08 0.00000e+00
4.80000e-08 0.00000e+00
4.90000e-08 0.00000e+00
5.00000e-08 0.00000e+00
5.06000e-08 9.50846e-08
5.12000e-08 1.92242e-07
5.20000e-08 4.18750e-07
5.30000e-08 1.06728e-06
5.40000e-08 2.59357e-06
5.50000e-08 6.11972e-06
5.60000e-08 1.39316e-05
5.70000e-08 3.07217e-05
5.80000e-08 6.53365e-05
5.90000e-08 1.36774e-04
6.00000e-08 2.76907e-04
6.10000e-08 5.47044e-04
6.20000e-08 1.05404e-03
6.30000e-08 1.98455e-03
6.40000e-08 3.65693e-03
6.50000e-08 6.60139e-03
6.58000e-08 1.04362e-02
6.65000e-08 1.54066e-02
6.75000e-08 2.65069e-02
6.85000e-08 4.48359e-02
6.95000e-08 7.45038e-02
7.05000e-08 1.21344e-01
7.16000e-08 2.05452e-01
7.26000e-08 3.25407e-01
7.35000e-08 4.86387e-01
7.45000e-08 7.50101e-01
7.55000e-08 1.14244e+00
7.65000e-08 1.71923e+00
7.75000e-08 2.55509e+00
7.85000e-08 3.75737e+00
7.95000e-08 5.40325e+00
8.05000e-08 7.81627e+00
8.15000e-08 1.11648e+01
8.25000e-08 1.57423e+01
8.35000e-08 2.19849e+01
8.45000e-08 3.04218e+01
8.55000e-08 4.17353e+01
8.65000e-08 5.67594e+01
8.75000e-08 7.63327e+01
8.85000e-08 1.02453e+02
8.95000e-08 1.36113e+02
9.05000e-08 1.79169e+02
9.15000e-08 1.92067e+05
9.25000e-08 4.35741e+05
9.35000e-08 5.82575e+05
9.45000e-08 7.73014e+05
9.55000e-08 1.07225e+06
9.65000e-08 1.41254e+06
9.75000e-08 1.82491e+06
9.85000e-08 2.37557e+06
9.95000e-08 3.03279e+06
1.00500e-07 4.02458e+06
1.01500e-07 5.14070e+06
1.02500e-07 6.18618e+06
1.03500e-07 8.23112e+06
1.04500e-07 1.03754e+07
1.05500e-07 1.29822e+07
1.06500e-07 1.60404e+07
1.07500e-07 1.99853e+07
1.08500e-07 2.47046e+07
1.09500e-07 3.01328e+07
1.10500e-07 1.27379e+08
1.11500e-07 2.38543e+08
1.12500e-07 3.32728e+08
1.13500e-07 4.38808e+08
1.14500e-07 5.50717e+08
1.15500e-07 5.94031e+08
1.16500e-07 7.87283e+08
1.17500e-07 9.36024e+08
1.18500e-07 9.50448e+08
1.19500e-07 6.37529e+08
1.20500e-07 6.65286e+08
1.21500e-07 2.52333e+08
1.22500e-07 8.35692e+08
1.23500e-07 1.74491e+09
1.24500e-07 4.08199e+09
1.25500e-07 6.26917e+09
1.26500e-07 6.43153e+09
1.27500e-07 9.27235e+09
1.28500e-07 1.25808e+10
1.29500e-07 1.50926e+10
1.30500e-07 1.43633e+10
1.31500e-07 2.04155e+10
1.32500e-07 2.36880e+10
1.33500e-07 2.66933e+10
1.34500e-07 3.24475e+10
1.35500e-07 3.43485e+10
1.36500e-07 3.90009e+10
1.37500e-07 4.19427e+10
1.38500e-07 4.42027e+10
1.39500e-07 5.07612e+10
1.40500e-07 5.70413e+10
1.41500e-07 6.14988e+10
1.42500e-07 6.79260e+10
1.43500e-07 7.17356e+10
1.44200e-07 8.57704e+10
1.44700e-07 8.78992e+10
1.45500e-07 9.81676e+10
1.46500e-07 1.02105e+11
1.47500e-07 1.12424e+11
1.48500e-07 1.24773e+11
1.49500e-07 1.45066e+11
1.50500e-07 1.63313e+11
1.51200e-07 1.61936e+11
1.51700e-07 1.68894e+11
1.52500e-07 2.56772e+11
1.53500e-07 3.13347e+11
1.54500e-07 3.60234e+11
1.55500e-07 4.05752e+11
1.56500e-07 3.87924e+11
1.57500e-07 5.99807e+11
1.58500e-07 7.24346e+11
1.59500e-07 8.74468e+11
1.60500e-07 8.41142e+11
1.61500e-07 8.65712e+11
1.62500e-07 7.71202e+11
1.63500e-07 9.68819e+11
1.64500e-07 1.36183e+12
1.65500e-07 8.28882e+11
1.66500e-07 1.46820e+12
1.67200e-07 9.35808e+11
1.67700e-07 1.29555e+13
1.68500e-07 1.31860e+13
1.69500e-07 8.91859e+12
1.70500e-07 1.14641e+13
1.71500e-07 1.88453e+13
1.72500e-07 2.12874e+13
1.73500e-07 2.67934e+13
1.74500e-07 2.43963e+13
1.75500e-07 3.19240e+13
1.76500e-07 2.17291e+13
1.77500e-07 2.98706e+13
1.78500e-07 3.05608e+13
1.79500e-07 4.37551e+13
1.80500e-07 3.61221e+13
1.81500e-07 3.92384e+13
1.82500e-07 3.64704e+13
1.83500e-07 3.31192e+13
1.84500e-07 2.51358e+13
1.85500e-07 3.51525e+13
1.86500e-07 4.64070e+13
1.87500e-07 4.16912e+13
1.88500e-07 4.37724e+13
1.89500e-07 5.06133e+13
1.90500e-07 4.72597e+13
1.91500e-07 5.17970e+13
1.92500e-07 4.46541e+13
1.93500e-07 2.32192e+13
1.94500e-07 5.61477e+13
1.95500e-07 5.89645e+13
1.96700e-07 6.96317e+13
1.97600e-07 6.42344e+13
1.98400e-07 6.72414e+13
1.99500e-07 6.68778e+13
2.00500e-07 5.94256e+13
2.01500e-07 6.10084e+13
2.02500e-07 5.20406e+13
2.03500e-07 6.70782e+13
2.04500e-07 7.50538e+13
2.05500e-07 7.20779e+13
2.06500e-07 6.68918e+13
2.07400e-07 8.17146e+13
2.07800e-07 9.99128e+13
2.08500e-07 1.00205e+14
2.09500e-07 9.33624e+13
2.10500e-07 8.31217e+13
2.11500e-07 8.88931e+13
2.12500e-07 8.60645e+13
2.13500e-07 7.19786e+13
2.14500e-07 8.96910e+13
2.15500e-07 8.95501e+13
2.16500e-07 8.03739e+13
2.17500e-07 8.14124e+13
2.18500e-07 9.15426e+13
2.19500e-07 9.83810e+13
2.20500e-07 9.19893e+13
2.21500e-07 7.66250e+13
2.22500e-07 7.80989e+13
2.23500e-07 9.88581e+13
2.24500e-07 9.08858e+13
2.25500e-07 7.57087e+13
2.26500e-07 7.59523e+13
2.27500e-07 8.35913e+13
2.28500e-07 9.67003e+13
2.29500e-07 8.34568e+13
2.30500e-07 9.36114e+13
2.31500e-07 8.68011e+13
2.32500e-07 6.18547e+13
2.33500e-07 6.40768e+13
2.34500e-07 4.51780e+13
2.35500e-07 8.02841e+13
2.36500e-07 4.93239e+13
2.37500e-07 6.54917e+13
2.38500e-07 3.76126e+13
2.39500e-07 4.91422e+13
2.40500e-07 4.92783e+13
2.41500e-07 5.41581e+13
2.42500e-07 8.19686e+13
2.43500e-07 7.89649e+13
2.44500e-07 9.12392e+13
2.45500e-07 9.26352e+13
2.46500e-07 9.08559e+13
2.47500e-07 7.96250e+13
2.48500e-07 7.20612e+13
2.49500e-07 6.96147e+13
2.50500e-07 1.00027e+14
2.51300e-07 5.52374e+13
2.51800e-07 4.09920e+13
2.52500e-07 4.55418e+13
2.53500e-07 5.64607e+13
2.54500e-07 6.07990e+13
2.55500e-07 8.20401e+13
2.56500e-07 7.13582e+13
2.57500e-07 8.52251e+13
2.58500e-07 8.29208e+13
2.59500e-07 7.85570e+13
2.60500e-07 7.11655e+13
2.61500e-07 6.24025e+13
2.62500e-07 8.64761e+13
2.63500e-07 1.03081e+14
2.64500e-07 1.32792e+14
2.65500e-07 1.48319e+14
2.66500e-07 1.12957e+14
2.67500e-07 1.29114e+14
2.68500e-07 1.32784e+14
2.69500e-07 1.12920e+14
2.70500e-07 1.26426e+14
2.71500e-07 1.06918e+14
2.72500e-07 1.08286e+14
2.73500e-07 1.21356e+14
2.74500e-07 7.45059e+13
2.75500e-07 8.90699e+13
2.76500e-07 1.02702e+14
2.77500e-07 1.13910e+14
2.78500e-07 7.84379e+13
2.79500e-07 3.03819e+13
2.80500e-07 3.90768e+13
2.81500e-07 1.08666e+14
2.82500e-07 1.42136e+14
2.83500e-07 1.39134e+14
2.84500e-07 1.31488e+14
2.85500e-07 1.04080e+14
2.86500e-07 1.48324e+14
2.87500e-07 1.51073e+14
2.88500e-07 1.45469e+14
2.89500e-07 1.43239e+14
2.91000e-07 1.73593e+14
2.93000e-07 1.60484e+14
2.95000e-07 1.58008e+14
2.97000e-07 1.68345e+14
2.99000e-07 1.71006e+14
3.01000e-07 1.78758e+14
3.03000e-07 1.76036e+14
3.05000e-07 1.79555e+14
3.07000e-07 1.84142e+14
3.09000e-07 1.88225e+14
3.11000e-07 1.83872e+14
3.13000e-07 1.83014e+14
3.15000e-07 1.84787e+14
3.17000e-07 1.84839e+14
3.19000e-07 1.69586e+14
3.21000e-07 1.81940e+14
3.23000e-07 1.66141e+14
3.25000e-07 1.81455e+14
3.27000e-07 1.93331e+14
3.29000e-07 1.91245e+14
3.31000e-07 1.97967e+14
3.33000e-07 1.94730e+14
3.35000e-07 1.93033e+14
3.37000e-07 1.86493e+14
3.39000e-07 1.89422e+14
3.41000e-07 1.87699e+14
3.43000e-07 1.88405e+14
3.45000e-07 1.91070e+14
3.47000e-07 1.89493e+14
3.49000e-07 1.92654e+14
3.51000e-07 1.96060e+14
3.53000e-07 1.91070e+14
3.55000e-07 2.04022e+14
3.57000e-07 1.87300e+14
3.59000e-07 1.82819e+14
3.61000e-07 1.87300e+14
3.63000e-07 1.88258e+14
3.64000e-07 1.88340e+14
3.65000e-07 2.03572e+14
3.67000e-07 1.95650e+14
3.69000e-07 1.81466e+14
3.71000e-07 1.91106e+14
3.73000e-07 1.85291e+14
3.75000e-07 2.10120e+14
3.77000e-07 2.22827e+14
3.79000e-07 2.47682e+14
3.81000e-07 2.74241e+14
3.83000e-07 2.23264e+14
3.85000e-07 2.91574e+14
3.87000e-07 3.09949e+14
3.89000e-07 2.31053e+14
3.91000e-07 3.01151e+14
3.93000e-07 1.94552e+14
3.95000e-07 2.71637e+14
3.97000e-07 1.84917e+14
3.99000e-07 3.07511e+14
4.01000e-07 3.31652e+14
4.03000e-07 3.34770e+14
4.05000e-07 3.29038e+14
4.07000e-07 3.21059e+14
4.09000e-07 2.95406e+14
4.11000e-07 2.50587e+14
4.13000e-07 3.20124e+14
4.15000e-07 3.33080e+14
4.17000e-07 3.31951e+14
4.19000e-07 3.28790e+14
4.21000e-07 3.28734e+14
4.23000e-07 3.19169e+14
4.25000e-07 3.23722e+14
4.27000e-07 3.14849e+14
4.29000e-07 3.13497e+14
4.31000e-07 2.91105e+14
4.33000e-07 2.72146e+14
4.35000e-07 2.43051e+14
4.37000e-07 3.13763e+14
4.39000e-07 3.12435e+14
4.41000e-07 3.10634e+14
4.43000e-07 3.07625e+14
4.45000e-07 3.08766e+14
4.47000e-07 3.10779e+14
4.49000e-07 3.07867e+14
4.51000e-07 3.20534e+14
4.53000e-07 3.04712e+14
4.55000e-07 3.04605e+14
4.57000e-07 3.15239e+14
4.59000e-07 3.02538e+14
4.61000e-07 3.06868e+14
4.63000e-07 2.99706e+14
4.65000e-07 3.01733e+14
4.67000e-07 3.03852e+14
4.69000e-07 2.94638e+14
4.71000e-07 2.84109e+14
4.73000e-07 2.96428e+14
4.75000e-07 2.96208e+14
4.77000e-07 2.93431e+14
4.79000e-07 2.90543e+14
4.81000e-07 2.86341e+14
4.83000e-07 2.80373e+14
4.85000e-07 2.43584e+14
4.87000e-07 2.04703e+14
4.89000e-07 2.66083e+14
4.91000e-07 2.72186e+14
4.93000e-07 2.68835e+14
4.95000e-07 2.74216e+14
4.97000e-07 2.75812e+14
4.99000e-07 2.63559e+14
5.01000e-07 2.56341e+14
5.03000e-07 2.64893e+14
5.05000e-07 2.61470e+14
5.07000e-07 2.66006e+14
5.09000e-07 2.61201e+14
5.11000e-07 2.62233e+14
5.13000e-07 2.57000e+14
5.15000e-07 2.51002e+14
5.17000e-07 2.45244e+14
5.19000e-07 2.43498e+14
5.21000e-07 2.46559e+14
5.23000e-07 2.46632e+14
5.25000e-07 2.50293e+14
5.27000e-07 2.34493e+14
5.29000e-07 2.45350e+14
5.31000e-07 2.45296e+14
5.33000e-07 2.34653e+14
5.35000e-07 2.41063e+14
5.37000e-07 2.38291e+14
5.39000e-07 2.36577e+14
5.41000e-07 2.31214e+14
5.43000e-07 2.33935e+14
5.45000e-07 2.34822e+14
5.47000e-07 2.31546e+14
5.49000e-07 2.31975e+14
5.51000e-07 2.30368e+14
5.53000e-07 2.28274e+14
5.55000e-07 2.28442e+14
5.57000e-07 2.23890e+14
5.59000e-07 2.22351e+14
5.61000e-07 2.22444e+14
5.63000e-07 2.22602e+14
5.65000e-07 2.21241e+14
5.67000e-07 2.17445e+14
5.69000e-07 2.18025e+14
5.71000e-07 2.15611e+14
5.73000e-07 2.18824e+14
5.75000e-07 2.14729e+14
5.77000e-07 2.14420e+14
5.79000e-07 2.12278e+14
5.81000e-07 2.11701e+14
5.83000e-07 2.11138e+14
5.85000e-07 2.08398e+14
5.87000e-07 2.07177e+14
5.89000e-07 2.02297e+14
5.91000e-07 2.04349e+14
5.93000e-07 2.03005e+14
5.95000e-07 2.02164e+14
5.97000e-07 2.00802e+14
5.99000e-07 1.98906e+14
6.01000e-07 1.96364e+14
6.03000e-07 1.95510e+14
6.05000e-07 1.95835e+14
6.07000e-07 1.94874e+14
6.09000e-07 1.92397e+14
6.11000e-07 1.90514e+14
6.13000e-07 1.86456e+14
6.15000e-07 1.85056e+14
6.17000e-07 1.83858e+14
6.19000e-07 1.86457e+14
6.21000e-07 1.85209e+14
6.23000e-07 1.82556e+14
6.25000e-07 1.77841e+14
6.27000e-07 1.81777e+14
6.29000e-07 1.80747e+14
6.31000e-07 1.77332e+14
6.33000e-07 1.76796e+14
6.35000e-07 1.75470e+14
6.37000e-07 1.74351e+14
6.39000e-07 1.74184e+14
6.41000e-07 1.70806e+14
6.43000e-07 1.70620e+14
6.45000e-07 1.68631e+14
6.47000e-07 1.67995e+14
6.49000e-07 1.65235e+14
6.51000e-07 1.64808e+14
6.53000e-07 1.61105e+14
6.55000e-07 1.45222e+14
6.56125e-07 1.18225e+14
6.59000e-07 1.53848e+14
6.61000e-07 1.59497e+14
6.63000e-07 1.59907e+14
6.65000e-07 1.59390e+14
6.67000e-07 1.58072e+14
6.69000e-07 1.58121e+14
6.71000e-07 1.56778e+14
6.73000e-07 1.56139e+14
6.75000e-07 1.54413e+14
6.77000e-07 1.54234e+14
6.79000e-07 1.53048e+14
6.81000e-07 1.51899e+14
6.83000e-07 1.50930e+14
6.85000e-07 1.49263e+14
6.87000e-07 1.49098e+14
6.89000e-07 1.48297e+14
6.91000e-07 1.47163e+14
6.93000e-07 1.46268e+14
6.95000e-07 1.45357e+14
6.97000e-07 1.44276e+14
6.99000e-07 1.43621e+14
7.01000e-07 1.41093e+14
7.03000e-07 1.41092e+14
7.05000e-07 1.40604e+14
7.07000e-07 1.39643e+14
7.09000e-07 1.38722e+14
7.11000e-07 1.36057e+14
7.13000e-07 1.36006e+14
7.15000e-07 1.35364e+14
7.17000e-07 1.34244e+14
7.19000e-07 1.32806e+14
7.21000e-07 1.32715e+14
7.23000e-07 1.31852e+14
7.25000e-07 1.31247e+14
7.27000e-07 1.30754e+14
7.29000e-07 1.28705e+14
7.31000e-07 1.28594e+14
7.33000e-07 1.27816e+14
7.35000e-07 1.27575e+14
7.37000e-07 1.26842e+14
7.39000e-07 1.24873e+14
7.41000e-07 1.22670e+14
7.43000e-07 1.23075e+14
7.45000e-07 1.22748e+14
7.47000e-07 1.21970e+14
7.49000e-07 1.21111e+14
7.51000e-07 1.20687e+14
7.53000e-07 1.20226e+14
7.55000e-07 1.19914e+14
7.57000e-07 1.18828e+14
7.59000e-07 1.18026e+14
7.61000e-07 1.17243e+14
7.63000e-07 1.16727e+14
7.65000e-07 1.15827e+14
7.67000e-07 1.13931e+14
7.69000e-07 1.14180e+14
7.71000e-07 1.13094e+14
7.73000e-07 1.13058e+14
7.75000e-07 1.11735e+14
7.77000e-07 1.09763e+14
7.79000e-07 1.11261e+14
7.81000e-07 1.10284e+14
7.83000e-07 1.09009e+14
7.85000e-07 1.08142e+14
7.87000e-07 1.08049e+14
7.89000e-07 1.07327e+14
7.91000e-07 1.06490e+14
7.93000e-07 1.05090e+14
7.95000e-07 1.04717e+14
7.97000e-07 1.05112e+14
7.99000e-07 1.04114e+14
8.01000e-07 1.03254e+14
8.03000e-07 1.02735e+14
8.05000e-07 1.01981e+14
8.07000e-07 1.01759e+14
8.09000e-07 1.00693e+14
8.11000e-07 1.00678e+14
8.13000e-07 1.00229e+14
8.15000e-07 9.95332e+13
8.17000e-07 9.89110e+13
8.19000e-07 9.66312e+13
8.21000e-07 9.66081e+13
8.23000e-07 9.59334e+13
8.25000e-07 9.56681e+13
8.27000e-07 9.60652e+13
8.29000e-07 9.53885e+13
8.31000e-07 9.42752e+13
8.33000e-07 9.28566e+13
8.35000e-07 9.31310e+13
8.37000e-07 9.27671e+13
8.39000e-07 9.14102e+13
8.41000e-07 9.12689e+13
8.43000e-07 9.02373e+13
8.45000e-07 8.87502e+13
8.47000e-07 8.82738e+13
8.49000e-07 8.82451e+13
8.51000e-07 8.44911e+13
8.53000e-07 8.79372e+13
8.55000e-07 8.11515e+13
8.57000e-07 8.79902e+13
8.59000e-07 8.44819e+13
8.61000e-07 8.34343e+13
8.63000e-07 8.69227e+13
8.65000e-07 8.50007e+13
8.67000e-07 7.56178e+13
8.69000e-07 8.35714e+13
8.71000e-07 8.54128e+13
8.73000e-07 8.35933e+13
8.75000e-07 7.53682e+13
8.77000e-07 8.18382e+13
8.79000e-07 8.38066e+13
8.81000e-07 8.31596e+13
8.83000e-07 8.18797e+13
8.85000e-07 7.83162e+13
8.87000e-07 7.14992e+13
8.89000e-07 8.02682e+13
8.91000e-07 8.11848e+13
8.93000e-07 8.05853e+13
8.95000e-07 8.08793e+13
8.97000e-07 8.00508e+13
8.99000e-07 7.84038e+13
9.01000e-07 6.84407e+13
9.03000e-07 7.32847e+13
9.05000e-07 7.78414e+13
9.07000e-07 7.66055e+13
9.09000e-07 7.52475e+13
9.11000e-07 7.66470e+13
9.13000e-07 7.72109e+13
9.15000e-07 7.68692e+13
9.17000e-07 7.61042e+13
9.19000e-07 7.51488e+13
9.21000e-07 7.19360e+13
9.23000e-07 6.16616e+13
9.25000e-07 7.00339e+13
9.27000e-07 7.21301e+13
9.29000e-07 7.36052e+13
9.31000e-07 7.35327e+13
9.33000e-07 7.30360e+13
9.35000e-07 7.27626e+13
9.37000e-07 7.25511e+13
9.39000e-07 7.18877e+13
9.41000e-07 6.91446e+13
9.43000e-07 7.07072e+13
9.45000e-07 7.01846e+13
9.47000e-07 7.02162e+13
9.49000e-07 6.97155e+13
9.51000e-07 6.84771e+13
9.53000e-07 6.56098e+13
9.55000e-07 5.62395e+13
9.57000e-07 6.54039e+13
9.59000e-07 6.72083e+13
9.61000e-07 6.68146e+13
9.63000e-07 6.61270e+13
9.65000e-07 6.64924e+13
9.67000e-07 6.56899e+13
9.69000e-07 6.57520e+13
9.71000e-07 6.59649e+13
9.73000e-07 6.55945e+13
9.75000e-07 6.47233e+13
9.77000e-07 6.47822e+13
9.79000e-07 6.44432e+13
9.81000e-07 6.41024e+13
9.83000e-07 6.37404e+13
9.85000e-07 6.31790e+13
9.87000e-07 6.27221e+13
9.89000e-07 6.22106e+13
9.91000e-07 6.19252e+13
9.93000e-07 6.18327e+13
9.95000e-07 6.14930e+13
9.97000e-07 6.11708e+13
9.99000e-07 6.06279e+13
1.00250e-06 5.73376e+13
1.00750e-06 5.49291e+13
1.01250e-06 5.81767e+13
1.01750e-06 5.77482e+13
1.02250e-06 5.72966e+13
1.02750e-06 5.66654e+13
1.03250e-06 5.56761e+13
1.03750e-06 5.50533e+13
1.04250e-06 5.43358e+13
1.04750e-06 5.31145e+13
1.05250e-06 5.27097e+13
1.05750e-06 5.20979e+13
1.06250e-06 5.13150e+13
1.06750e-06 4.97280e+13
1.07250e-06 4.96944e+13
1.07750e-06 4.91077e+13
1.08250e-06 4.83047e+13
1.08750e-06 4.74124e+13
1.09250e-06 4.23743e+13
1.09750e-06 4.48853e+13
1.10250e-06 4.61558e+13
1.10750e-06 4.58690e+13
1.11250e-06 4.52232e+13
1.11750e-06 4.46324e+13
1.12250e-06 4.42028e+13
1.12750e-06 4.29345e+13
1.13250e-06 4.24886e+13
1.13750e-06 4.23314e+13
1.14250e-06 4.15259e+13
1.14750e-06 4.15453e+13
1.15250e-06 4.10608e+13
1.15750e-06 4.04510e+13
1.16250e-06 3.95044e+13
1.16750e-06 3.88682e+13
1.17250e-06 3.90937e+13
1.17750e-06 3.78223e+13
1.18250e-06 3.76917e+13
1.18750e-06 3.70170e+13
1.19250e-06 3.73033e+13
1.19750e-06 3.62779e+13
1.20250e-06 3.61852e+13
1.20750e-06 3.56201e+13
1.21250e-06 3.53192e+13
1.21750e-06 3.50754e+13
1.22250e-06 3.46177e+13
1.22750e-06 3.41438e+13
1.23250e-06 3.37606e+13
1.23750e-06 3.33974e+13
1.24250e-06 3.30559e+13
1.24750e-06 3.26583e+13
1.25250e-06 3.22108e+13
1.25750e-06 3.16883e+13
1.26250e-06 3.14000e+13
1.26750e-06 3.10519e+13
1.27250e-06 3.06595e+13
1.27750e-06 2.96605e+13
1.28250e-06 2.59597e+13
1.28750e-06 2.91197e+13
1.29250e-06 2.92534e+13
1.29750e-06 2.90597e+13
1.30250e-06 2.87371e+13
1.30750e-06 2.84979e+13
1.31250e-06 2.80560e+13
1.31750e-06 2.76654e+13
1.32250e-06 2.75363e+13
1.32750e-06 2.71796e+13
1.33250e-06 2.69103e+13
1.33750e-06 2.65831e+13
1.34250e-06 2.63311e+13
1.34750e-06 2.60302e+13
1.35250e-06 2.56878e+13
1.35750e-06 2.53170e+13
1.36250e-06 2.51579e+13
1.36750e-06 2.48393e+13
1.37250e-06 2.43667e+13
1.37750e-06 2.42496e+13
1.38250e-06 2.40135e+13
1.38750e-06 2.38583e+13
1.39250e-06 2.34813e+13
1.39750e-06 2.32847e+13
1.40250e-06 2.30040e+13
1.40750e-06 2.28200e+13
1.41250e-06 2.24699e+13
1.41750e-06 2.23248e+13
1.42250e-06 2.19596e+13
1.42750e-06 2.16803e+13
1.43250e-06 2.15861e+13
1.43750e-06 2.14162e+13
1.44250e-06 2.06452e+13
1.44750e-06 2.09127e+13
1.45250e-06 2.04262e+13
1.45700e-06 2.04386e+13
1.46200e-06 2.01898e+13
1.46750e-06 2.00265e+13
1.47250e-06 1.97117e+13
1.47750e-06 1.94439e+13
1.48250e-06 1.93250e+13
1.48750e-06 1.89791e+13
1.49250e-06 1.90500e+13
1.49750e-06 1.87449e+13
1.50250e-06 1.84318e+13
1.50750e-06 1.81987e+13
1.51250e-06 1.81806e+13
1.51750e-06 1.80005e+13
1.52250e-06 1.77167e+13
1.52750e-06 1.75751e+13
1.53250e-06 1.73354e+13
1.53750e-06 1.71703e+13
1.54250e-06 1.68723e+13
1.54750e-06 1.67823e+13
1.55250e-06 1.65791e+13
1.55750e-06 1.62771e+13
1.56250e-06 1.63907e+13
1.56750e-06 1.59474e+13
1.57250e-06 1.57167e+13
1.57750e-06 1.57171e+13
1.58250e-06 1.56300e+13
1.58750e-06 1.48291e+13
1.59250e-06 1.52308e+13
1.59750e-06 1.53895e+13
1.60500e-06 1.49111e+13
1.61500e-06 1.42924e+13
1.62500e-06 1.45920e+13
1.63500e-06 1.39464e+13
1.64500e-06 1.32903e+13
1.65500e-06 1.37289e+13
1.66500e-06 1.34726e+13
1.67500e-06 1.27840e+13
1.68500e-06 1.20944e+13
1.69500e-06 1.26516e+13
1.70500e-06 1.23599e+13
1.71500e-06 1.21558e+13
1.72500e-06 1.17334e+13
1.73500e-06 1.06054e+13
1.74500e-06 1.11352e+13
1.75500e-06 1.11251e+13
1.76500e-06 1.09134e+13
1.77500e-06 1.07318e+13
1.78500e-06 1.05189e+13
1.79500e-06 1.03351e+13
1.80500e-06 1.00268e+13
1.81500e-06 9.07351e+12
1.82500e-06 9.44454e+12
1.83500e-06 9.49986e+12
1.84500e-06 9.31283e+12
1.85500e-06 9.12872e+12
1.86500e-06 8.87426e+12
1.87500e-06 7.91711e+12
1.88500e-06 8.50225e+12
1.89500e-06 8.36323e+12
1.90500e-06 8.33317e+12
1.91500e-06 8.16460e+12
1.92500e-06 7.99500e+12
1.93500e-06 7.75360e+12
1.94500e-06 6.95956e+12
1.95500e-06 7.47966e+12
1.96500e-06 7.41787e+12
1.97500e-06 7.28045e+12
1.98500e-06 7.17248e+12
1.99500e-06 7.04254e+12
2.00500e-06 6.92496e+12
2.01500e-06 6.80981e+12
2.02500e-06 6.66739e+12
2.03500e-06 6.53006e+12
2.04500e-06 6.45041e+12
2.05500e-06 6.33212e+12
2.06500e-06 6.19700e+12
2.07500e-06 6.10066e+12
2.08500e-06 5.99756e+12
2.09500e-06 5.88088e+12
2.10500e-06 5.78764e+12
2.11500e-06 5.67493e+12
2.12500e-06 5.57676e+12
2.13500e-06 5.48629e+12
2.14500e-06 5.39792e+12
2.15500e-06 5.25976e+12
2.16500e-06 4.71570e+12
2.17500e-06 5.04171e+12
2.18500e-06 5.02249e+12
2.19500e-06 4.97011e+12
2.20500e-06 4.86710e+12
2.21500e-06 4.79046e+12
2.22500e-06 4.72596e+12
2.23500e-06 4.64779e+12
2.24500e-06 4.57023e+12
2.25500e-06 4.47800e+12
2.26500e-06 4.41644e+12
2.27500e-06 4.34793e+12
2.28500e-06 4.27922e+12
2.29500e-06 4.23607e+12
2.30500e-06 4.17812e+12
2.31500e-06 4.10436e+12
2.32500e-06 4.03839e+12
2.33500e-06 3.96407e+12
2.34500e-06 3.90417e+12
2.35500e-06 3.83800e+12
2.36500e-06 3.77739e+12
2.37500e-06 3.71065e+12
2.38500e-06 3.64774e+12
2.39500e-06 3.59488e+12
2.40500e-06 3.53470e+12
2.41500e-06 3.47823e+12
2.42500e-06 3.42564e+12
2.43500e-06 3.36751e+12
2.44500e-06 3.31790e+12
2.45500e-06 3.26098e+12
2.46500e-06 3.21691e+12
2.47500e-06 3.16686e+12
2.48500e-06 3.11372e+12
2.49500e-06 3.06152e+12
2.50500e-06 3.05376e+12
2.51500e-06 2.99503e+12
2.52500e-06 2.92426e+12
2.53500e-06 2.90112e+12
2.54500e-06 2.86621e+12
2.55500e-06 2.80919e+12
2.56500e-06 2.73545e+12
2.57500e-06 2.73709e+12
2.58500e-06 2.69667e+12
2.59500e-06 2.66619e+12
2.60500e-06 2.60413e+12
2.61500e-06 2.51511e+12
2.62500e-06 2.31654e+12
2.63500e-06 2.48190e+12
2.64500e-06 2.47680e+12
2.65500e-06 2.44561e+12
2.66500e-06 2.38937e+12
2.67500e-06 2.30530e+12
2.68500e-06 2.33504e+12
2.69500e-06 2.32049e+12
2.70500e-06 2.29276e+12
2.71500e-06 2.26185e+12
2.72500e-06 2.23056e+12
2.73500e-06 2.19731e+12
2.74500e-06 2.15738e+12
2.75500e-06 2.05260e+12
2.76500e-06 2.06607e+12
2.77500e-06 2.07444e+12
2.78500e-06 2.05408e+12
2.79500e-06 2.02909e+12
2.80500e-06 2.00158e+12
2.81500e-06 1.97535e+12
2.82500e-06 1.94855e+12
2.83500e-06 1.92372e+12
2.84500e-06 1.89319e+12
2.85500e-06 1.86525e+12
2.86500e-06 1.81356e+12
2.87500e-06 1.71916e+12
2.88500e-06 1.78294e+12
2.89500e-06 1.77212e+12
2.90500e-06 1.75320e+12
2.91500e-06 1.72745e+12
2.92500e-06 1.70703e+12
2.93500e-06 1.68672e+12
2.94500e-06 1.66412e+12
2.95500e-06 1.64377e+12
2.96500e-06 1.62314e+12
2.97500e-06 1.60216e+12
2.98500e-06 1.58219e+12
2.99500e-06 1.56072e+12
3.00500e-06 1.54075e+12
3.01500e-06 1.51977e+12
3.02500e-06 1.49327e+12
3.03500e-06 1.40243e+12
3.04500e-06 1.41509e+12
3.05500e-06 1.44015e+12
3.06500e-06 1.42756e+12
3.07500e-06 1.41272e+12
3.08500e-06 1.39233e+12
3.09500e-06 1.37631e+12
3.10500e-06 1.36023e+12
3.11500e-06 1.33796e+12
3.12500e-06 1.32605e+12
3.13500e-06 1.31098e+12
3.14500e-06 1.29458e+12
3.15500e-06 1.27855e+12
3.16500e-06 1.26529e+12
3.17500e-06 1.24855e+12
3.18500e-06 1.23530e+12
3.19500e-06 1.22083e+12
3.21000e-06 1.19829e+12
3.23000e-06 1.17101e+12
3.25000e-06 1.14308e+12
3.27000e-06 1.11431e+12
3.29000e-06 1.03781e+12
3.31000e-06 1.05247e+12
3.33000e-06 1.04126e+12
3.35000e-06 1.01953e+12
3.37000e-06 9.94097e+11
3.39000e-06 9.71649e+11
3.41000e-06 9.49496e+11
3.43000e-06 9.29586e+11
3.45000e-06 9.09850e+11
3.47000e-06 8.89005e+11
3.49000e-06 8.69782e+11
3.51000e-06 8.50664e+11
3.53000e-06 8.31831e+11
3.55000e-06 8.14055e+11
3.57000e-06 7.95737e+11
3.59000e-06 7.79003e+11
3.61000e-06 7.62532e+11
3.63000e-06 7.46862e+11
3.65000e-06 7.29566e+11
3.67000e-06 7.15147e+11
3.69000e-06 6.96321e+11
3.71000e-06 6.83223e+11
3.73000e-06 6.55364e+11
3.75000e-06 6.33443e+11
3.77000e-06 6.43386e+11
3.79000e-06 6.31552e+11
3.81000e-06 6.16634e+11
3.83000e-06 6.05536e+11
3.85000e-06 5.96516e+11
3.87000e-06 5.83726e+11
3.89000e-06 5.70694e+11
3.91000e-06 5.56221e+11
3.93000e-06 5.50354e+11
3.95000e-06 5.39942e+11
3.97000e-06 5.29902e+11
3.99000e-06 5.17906e+11
4.01000e-06 5.04436e+11
4.03000e-06 4.94060e+11
4.05000e-06 4.68820e+11
4.07000e-06 4.78916e+11
4.09000e-06 4.71428e+11
4.11000e-06 4.63439e+11
4.13000e-06 4.54898e+11
4.15000e-06 4.44596e+11
4.17000e-06 4.29920e+11
4.19000e-06 4.28100e+11
4.21000e-06 4.20748e+11
4.23000e-06 4.14715e+11
4.25000e-06 4.06817e+11
4.27000e-06 3.99771e+11
4.29000e-06 3.92593e+11
4.31000e-06 3.85530e+11
4.33000e-06 3.78380e+11
4.35000e-06 3.71126e+11
4.37000e-06 3.57124e+11
4.39000e-06 3.55714e+11
4.41000e-06 3.51798e+11
4.43000e-06 3.46172e+11
4.45000e-06 3.40251e+11
4.47000e-06 3.34856e+11
4.49000e-06 3.29058e+11
4.51000e-06 3.23498e+11
4.53000e-06 3.17949e+11
4.55000e-06 3.12521e+11
4.57000e-06 3.07122e+11
4.59000e-06 3.01841e+11
4.61000e-06 2.96870e+11
4.63000e-06 2.90989e+11
4.65000e-06 2.73542e+11
4.67000e-06 2.72465e+11
4.69000e-06 2.75884e+11
4.71000e-06 2.72969e+11
4.73000e-06 2.68695e+11
4.75000e-06 2.64166e+11
4.77000e-06 2.59936e+11
4.79000e-06 2.55816e+11
4.81000e-06 2.51657e+11
4.83000e-06 2.47624e+11
4.85000e-06 2.43632e+11
4.87000e-06 2.39760e+11
4.89000e-06 2.35975e+11
4.91000e-06 2.32135e+11
4.93000e-06 2.28566e+11
4.95000e-06 2.24908e+11
4.97000e-06 2.21454e+11
4.99000e-06 2.18019e+11
5.01000e-06 2.14615e+11
5.03000e-06 2.11289e+11
5.05000e-06 2.08068e+11
5.07000e-06 2.04890e+11
5.09000e-06 2.01655e+11
5.11000e-06 1.97468e+11
5.13000e-06 1.88545e+11
5.15000e-06 1.91970e+11
5.17000e-06 1.89768e+11
5.19000e-06 1.86966e+11
5.21000e-06 1.84104e+11
5.23000e-06 1.81376e+11
5.25000e-06 1.78739e+11
5.27000e-06 1.76097e+11
5.29000e-06 1.73502e+11
5.31000e-06 1.70955e+11
5.33000e-06 1.68468e+11
5.35000e-06 1.66000e+11
5.37000e-06 1.63511e+11
5.39000e-06 1.61224e+11
5.41000e-06 1.58940e+11
5.43000e-06 1.56557e+11
5.45000e-06 1.54383e+11
5.47000e-06 1.52022e+11
5.49000e-06 1.50017e+11
5.51000e-06 1.47924e+11
5.53000e-06 1.45797e+11
5.55000e-06 1.43794e+11
5.57000e-06 1.41756e+11
5.59000e-06 1.39598e+11
5.61000e-06 1.37838e+11
5.63000e-06 1.35910e+11
5.65000e-06 1.34088e+11
5.67000e-06 1.32229e+11
5.69000e-06 1.30394e+11
5.71000e-06 1.28638e+11
5.73000e-06 1.26881e+11
5.75000e-06 1.25168e+11
5.77000e-06 1.23442e+11
5.79000e-06 1.21748e+11
5.81000e-06 1.20141e+11
5.83000e-06 1.18554e+11
5.85000e-06 1.17029e+11
5.87000e-06 1.15391e+11
5.89000e-06 1.13088e+11
5.91000e-06 1.08182e+11
5.93000e-06 1.10518e+11
5.95000e-06 1.09265e+11
5.97000e-06 1.08048e+11
5.99000e-06 1.06646e+11
6.01000e-06 1.05207e+11
6.03000e-06 1.03909e+11
6.05000e-06 1.02573e+11
6.07000e-06 1.01224e+11
6.09000e-06 9.98900e+10
6.11000e-06 9.85267e+10
6.13000e-06 9.73936e+10
6.15000e-06 9.61695e+10
6.17000e-06 9.49463e+10
6.19000e-06 9.37409e+10
6.21000e-06 9.25734e+10
6.23000e-06 9.12918e+10
6.25000e-06 9.02282e+10
6.27000e-06 8.90910e+10
6.29000e-06 8.80283e+10
6.31000e-06 8.68628e+10
6.33000e-06 8.58522e+10
6.35000e-06 8.47918e+10
6.37000e-06 8.37495e+10
6.39000e-06 8.27205e+10
6.42000e-06 8.12308e+10
6.46000e-06 7.92494e+10
6.50000e-06 7.73336e+10
6.54000e-06 7.55265e+10
6.58000e-06 7.37365e+10
6.62000e-06 7.19894e+10
6.66000e-06 7.03153e+10
6.70000e-06 6.86717e+10
6.74000e-06 6.70704e+10
6.78000e-06 6.55412e+10
6.82000e-06 6.40425e+10
6.86000e-06 6.25797e+10
6.90000e-06 6.11544e+10
6.94000e-06 5.97757e+10
6.98000e-06 5.84476e+10
7.02000e-06 5.71329e+10
7.06000e-06 5.58797e+10
7.10000e-06 5.46681e+10
7.14000e-06 5.34654e+10
7.18000e-06 5.22992e+10
7.22000e-06 5.11417e+10
7.26000e-06 5.00586e+10
7.30000e-06 4.90046e+10
7.34000e-06 4.79482e+10
7.38000e-06 4.69436e+10
7.42000e-06 4.59168e+10
7.46000e-06 4.40332e+10
7.50000e-06 4.31187e+10
7.54000e-06 4.30912e+10
7.58000e-06 4.22501e+10
7.62000e-06 4.13860e+10
7.66000e-06 4.05433e+10
7.70000e-06 3.97133e+10
7.74000e-06 3.89184e+10
7.78000e-06 3.81377e+10
7.82000e-06 3.73746e+10
7.86000e-06 3.66312e+10
7.90000e-06 3.59056e+10
7.94000e-06 3.51958e+10
7.98000e-06 3.45072e+10
8.02000e-06 3.38270e+10
8.06000e-06 3.31703e+10
8.10000e-06 3.25363e+10
8.14000e-06 3.19000e+10
8.18000e-06 3.12932e+10
8.22000e-06 3.07028e+10
8.26000e-06 3.01185e+10
8.30000e-06 2.95511e+10
8.34000e-06 2.89851e+10
8.38000e-06 2.84429e+10
8.42000e-06 2.79204e+10
8.46000e-06 2.74075e+10
8.50000e-06 2.69040e+10
8.54000e-06 2.64083e+10
8.58000e-06 2.59257e+10
8.62000e-06 2.54529e+10
8.66000e-06 2.49958e+10
8.70000e-06 2.45460e+10
8.74000e-06 2.41043e+10
8.78000e-06 2.36750e+10
8.82000e-06 2.32477e+10
8.86000e-06 2.28391e+10
8.90000e-06 2.24350e+10
8.94000e-06 2.20442e+10
8.98000e-06 2.16535e+10
9.02000e-06 2.12808e+10
9.06000e-06 2.09162e+10
9.10000e-06 2.05494e+10
9.14000e-06 2.01981e+10
9.18000e-06 1.98561e+10
9.22000e-06 1.95194e+10
9.26000e-06 1.91876e+10
9.30000e-06 1.88648e+10
9.34000e-06 1.85464e+10
9.38000e-06 1.82370e+10
9.42000e-06 1.79326e+10
9.46000e-06 1.76356e+10
9.50000e-06 1.73430e+10
9.54000e-06 1.70542e+10
9.58000e-06 1.67791e+10
9.62000e-06 1.65027e+10
9.66000e-06 1.62367e+10
9.70000e-06 1.59737e+10
9.74000e-06 1.57105e+10
9.78000e-06 1.54614e+10
9.82000e-06 1.52142e+10
9.86000e-06 1.49728e+10
9.90000e-06 1.47364e+10
9.94000e-06 1.45017e+10
9.98000e-06 1.42730e+10
1.00200e-05 1.40493e+10
2.00000e-05 9.02684e+08
4.00000e-05 5.63542e+07
6.00000e-05 1.10528e+07
8.00000e-05 3.47316e+06
1.00000e-04 1.41394e+06
1.20000e-04 6.78246e+05
1.40000e-04 3.64371e+05
1.60000e-04 2.12691e+05
