9.09000e-09 0.00000e+00
9.35000e-09 0.00000e+00
9.61000e-09 0.00000e+00
9.77000e-09 0.00000e+00
9.96000e-09 0.00000e+00
1.02000e-08 0.00000e+00
1.03800e-08 0.00000e+00
1.05600e-08 0.00000e+00
1.07700e-08 0.00000e+00
1.10400e-08 0.00000e+00
1.14000e-08 0.00000e+00
1.17800e-08 0.00000e+00
1.21300e-08 0.00000e+00
1.24800e-08 0.00000e+00
1.27100e-08 0.00000e+00
1.28400e-08 0.00000e+00
1.30500e-08 0.00000e+00
1.32400e-08 0.00000e+00
1.33900e-08 0.00000e+00
1.36600e-08 0.00000e+00
1.39800e-08 0.00000e+00
1.43300e-08 0.00000e+00
1.47200e-08 0.00000e+00
1.51000e-08 0.00000e+00
1.55200e-08 0.00000e+00
1.58800e-08 0.00000e+00
1.62000e-08 0.00000e+00
1.66000e-08 0.00000e+00
1.70300e-08 0.00000e+00
1.73400e-08 0.00000e+00
1.76800e-08 0.00000e+00
1.80200e-08 0.00000e+00
1.81700e-08 0.00000e+00
1.86100e-08 0.00000e+00
1.91000e-08 0.00000e+00
1.93900e-08 0.00000e+00
1.98400e-08 0.00000e+00
2.01800e-08 0.00000e+00
2.05000e-08 0.00000e+00
2.10500e-08 0.00000e+00
2.16200e-08 0.00000e+00
2.19800e-08 0.00000e+00
2.23000e-08 0.00000e+00
2.26800e-08 0.00000e+00
2.30000e-08 3.78076e+02
2.34000e-08 8.82794e+02
2.40000e-08 2.23474e+03
2.46500e-08 5.74257e+03
2.52400e-08 1.30348e+04
2.56800e-08 2.26702e+04
2.60000e-08 3.57208e+04
2.64000e-08 5.87344e+04
2.68500e-08 1.00871e+05
2.73500e-08 1.79541e+05
2.78500e-08 3.15427e+05
2.84000e-08 5.80631e+05
2.90000e-08 1.07568e+06
2.96000e-08 1.94080e+06
3.01000e-08 3.11668e+06
3.08000e-08 5.85643e+06
3.18000e-08 1.43302e+07
3.28000e-08 3.15156e+07
3.38000e-08 6.87417e+07
3.48000e-08 1.40366e+08
3.57000e-08 2.99702e+08
3.66000e-08 5.44442e+08
3.75000e-08 9.13690e+08
3.85000e-08 1.61758e+09
3.95000e-08 2.79026e+09
4.05000e-08 4.61310e+09
4.14000e-08 7.20530e+09
4.22000e-08 1.03351e+10
4.30000e-08 1.48767e+10
4.41000e-08 2.38284e+10
4.51000e-08 3.57614e+10
4.60000e-08 5.03405e+10
4.70000e-08 7.33865e+10
4.80000e-08 1.04525e+11
4.90000e-08 1.47827e+11
5.00000e-08 2.05002e+11
5.06000e-08 2.48460e+12
5.12000e-08 1.58528e+13
5.20000e-08 1.91235e+13
5.30000e-08 2.48583e+13
5.40000e-08 2.71386e+13
5.50000e-08 4.04092e+13
5.60000e-08 4.74493e+13
5.70000e-08 5.96217e+13
5.80000e-08 5.91771e+13
5.90000e-08 7.90917e+13
6.00000e-08 9.38645e+13
6.10000e-08 1.13697e+14
6.20000e-08 1.27730e+14
6.30000e-08 1.46753e+14
6.40000e-08 1.55778e+14
6.50000e-08 1.82204e+14
6.58000e-08 2.07289e+14
6.65000e-08 2.20957e+14
6.75000e-08 2.33625e+14
6.85000e-08 2.55693e+14
6.95000e-08 3.08513e+14
7.05000e-08 3.29050e+14
7.16000e-08 3.72163e+14
7.26000e-08 4.01457e+14
7.35000e-08 4.26804e+14
7.45000e-08 4.85533e+14
7.55000e-08 5.31755e+14
7.65000e-08 5.81397e+14
7.75000e-08 6.35385e+14
7.85000e-08 6.89055e+14
7.95000e-08 7.26370e+14
8.05000e-08 7.75988e+14
8.15000e-08 8.19508e+14
8.25000e-08 8.98009e+14
8.35000e-08 8.62958e+14
8.45000e-08 9.80362e+14
8.55000e-08 1.03301e+15
8.65000e-08 1.11127e+15
8.75000e-08 1.19737e+15
8.85000e-08 1.29759e+15
8.95000e-08 1.37288e+15
9.05000e-08 1.38535e+15
9.15000e-08 1.89831e+15
9.25000e-08 8.88655e+15
9.35000e-08 2.55856e+16
9.45000e-08 7.86345e+16
9.55000e-08 1.33893e+17
9.65000e-08 1.70863e+17
9.75000e-08 2.25787e+16
9.85000e-08 1.63059e+17
9.95000e-08 1.55076e+17
1.00500e-07 2.08137e+17
1.01500e-07 1.90822e+17
1.02500e-07 5.32272e+16
1.03500e-07 1.34729e+17
1.04500e-07 2.46711e+17
1.05500e-07 2.29377e+17
1.06500e-07 1.79888e+17
1.07500e-07 2.11621e+17
1.08500e-07 1.70821e+17
1.09500e-07 2.13164e+17
1.10500e-07 1.90814e+17
1.11500e-07 1.80892e+17
1.12500e-07 1.53252e+17
1.13500e-07 1.93424e+17
1.14500e-07 1.69770e+17
1.15500e-07 1.78164e+17
1.16500e-07 1.78189e+17
1.17500e-07 1.15558e+17
1.18500e-07 1.73244e+17
1.19500e-07 1.44279e+17
1.20500e-07 9.94530e+16
1.21500e-07 5.01976e+16
1.22500e-07 1.22866e+17
1.23500e-07 1.60609e+17
1.24500e-07 1.62497e+17
1.25500e-07 1.53711e+17
1.26500e-07 1.45532e+17
1.27500e-07 1.59596e+17
1.28500e-07 1.57918e+17
1.29500e-07 1.22857e+17
1.30500e-07 1.28348e+17
1.31500e-07 1.50344e+17
1.32500e-07 1.37922e+17
1.33500e-07 1.27567e+17
1.34500e-07 1.36646e+17
1.35500e-07 1.33218e+17
1.36500e-07 1.19949e+17
1.37500e-07 1.18780e+17
1.38500e-07 1.18218e+17
1.39500e-07 9.42782e+16
1.40500e-07 9.90632e+16
1.41500e-07 1.04859e+17
1.42500e-07 1.03840e+17
1.43500e-07 1.05370e+17
1.44200e-07 1.07856e+17
1.44700e-07 1.05492e+17
1.45500e-07 1.02693e+17
1.46500e-07 9.35707e+16
1.47500e-07 9.44447e+16
1.48500e-07 9.24817e+16
1.49500e-07 9.13414e+16
1.50500e-07 8.23292e+16
1.51200e-07 7.23620e+16
1.51700e-07 7.50665e+16
1.52500e-07 7.80036e+16
1.53500e-07 6.65099e+16
1.54500e-07 6.61678e+16
1.55500e-07 6.40622e+16
1.56500e-07 6.81421e+16
1.57500e-07 7.21576e+16
1.58500e-07 7.21347e+16
1.59500e-07 7.17958e+16
1.60500e-07 7.30508e+16
1.61500e-07 7.19135e+16
1.62500e-07 6.97086e+16
1.63500e-07 7.36261e+16
1.64500e-07 7.29090e+16
1.65500e-07 7.08395e+16
1.66500e-07 7.36861e+16
1.67200e-07 7.05397e+16
1.67700e-07 7.40138e+16
1.68500e-07 7.33949e+16
1.69500e-07 6.94251e+16
1.70500e-07 6.65772e+16
1.71500e-07 6.28968e+16
1.72500e-07 6.18177e+16
1.73500e-07 6.46827e+16
1.74500e-07 6.22621e+16
1.75500e-07 6.36217e+16
1.76500e-07 6.07200e+16
1.77500e-07 5.85490e+16
1.78500e-07 5.93870e+16
1.79500e-07 6.14363e+16
1.80500e-07 6.16547e+16
1.81500e-07 5.48383e+16
1.82500e-07 5.73654e+16
1.83500e-07 5.47694e+16
1.84500e-07 4.98766e+16
1.85500e-07 4.94388e+16
1.86500e-07 5.01805e+16
1.87500e-07 5.34948e+16
1.88500e-07 4.74154e+16
1.89500e-07 4.39180e+16
1.90500e-07 4.79708e+16
1.91500e-07 4.46245e+16
1.92500e-07 4.27611e+16
1.93500e-07 4.51838e+16
1.94500e-07 4.61604e+16
1.95500e-07 4.18117e+16
1.96700e-07 4.53478e+16
1.97600e-07 4.71828e+16
1.98400e-07 4.34762e+16
1.99500e-07 4.26640e+16
2.00500e-07 4.40313e+16
2.01500e-07 4.30924e+16
2.02500e-07 4.48498e+16
2.03500e-07 4.08222e+16
2.04500e-07 4.15410e+16
2.05500e-07 4.03732e+16
2.06500e-07 4.05980e+16
2.07400e-07 4.25086e+16
2.07800e-07 3.84601e+16
2.08500e-07 4.03498e+16
2.09500e-07 3.79853e+16
2.10500e-07 3.92474e+16
2.11500e-07 3.91433e+16
2.12500e-07 3.96017e+16
2.13500e-07 3.86126e+16
2.14500e-07 3.67476e+16
2.15500e-07 3.82212e+16
2.16500e-07 3.78657e+16
2.17500e-07 3.73288e+16
2.18500e-07 3.61759e+16
2.19500e-07 3.67197e+16
2.20500e-07 3.61580e+16
2.21500e-07 3.54829e+16
2.22500e-07 3.43786e+16
2.23500e-07 3.43590e+16
2.24500e-07 3.43989e+16
2.25500e-07 3.32395e+16
2.26500e-07 3.37067e+16
2.27500e-07 3.32640e+16
2.28500e-07 3.32953e+16
2.29500e-07 3.15731e+16
2.30500e-07 3.20592e+16
2.31500e-07 3.09779e+16
2.32500e-07 2.64866e+16
2.33500e-07 2.94241e+16
2.34500e-07 2.93826e+16
2.35500e-07 2.94366e+16
2.36500e-07 2.88285e+16
2.37500e-07 2.85121e+16
2.38500e-07 2.81146e+16
2.39500e-07 2.82179e+16
2.40500e-07 2.73676e+16
2.41500e-07 2.72958e+16
2.42500e-07 2.73485e+16
2.43500e-07 2.64082e+16
2.44500e-07 2.65834e+16
2.45500e-07 2.65810e+16
2.46500e-07 2.59616e+16
2.47500e-07 2.56108e+16
2.48500e-07 2.55216e+16
2.49500e-07 2.40259e+16
2.50500e-07 2.49494e+16
2.51300e-07 2.37015e+16
2.51800e-07 2.45985e+16
2.52500e-07 2.39872e+16
2.53500e-07 2.36319e+16
2.54500e-07 2.30999e+16
2.55500e-07 2.34469e+16
2.56500e-07 2.31310e+16
2.57500e-07 2.31846e+16
2.58500e-07 2.30287e+16
2.59500e-07 2.27587e+16
2.60500e-07 2.23889e+16
2.61500e-07 2.21458e+16
2.62500e-07 2.19462e+16
2.63500e-07 2.17664e+16
2.64500e-07 2.18536e+16
2.65500e-07 2.17465e+16
2.66500e-07 2.10097e+16
2.67500e-07 2.11203e+16
2.68500e-07 2.09800e+16
2.69500e-07 2.03645e+16
2.70500e-07 2.01715e+16
2.71500e-07 1.99971e+16
2.72500e-07 1.97644e+16
2.73500e-07 1.97944e+16
2.74500e-07 1.90614e+16
2.75500e-07 1.90097e+16
2.76500e-07 1.88931e+16
2.77500e-07 1.90605e+16
2.78500e-07 1.87592e+16
2.79500e-07 1.78700e+16
2.80500e-07 1.81613e+16
2.81500e-07 1.83045e+16
2.82500e-07 1.80014e+16
2.83500e-07 1.72348e+16
2.84500e-07 1.74913e+16
2.85500e-07 1.73390e+16
2.86500e-07 1.73650e+16
2.87500e-07 1.71300e+16
2.88500e-07 1.69517e+16
2.89500e-07 1.67593e+16
2.91000e-07 1.64829e+16
2.93000e-07 1.61516e+16
2.95000e-07 1.56948e+16
2.97000e-07 1.55217e+16
2.99000e-07 1.51656e+16
3.01000e-07 1.47880e+16
3.03000e-07 1.46660e+16
3.05000e-07 1.43694e+16
3.07000e-07 1.40961e+16
3.09000e-07 1.37098e+16
3.11000e-07 1.35196e+16
3.13000e-07 1.32347e+16
3.15000e-07 1.30000e+16
3.17000e-07 1.26985e+16
3.19000e-07 1.23773e+16
3.21000e-07 1.22685e+16
3.23000e-07 1.20318e+16
3.25000e-07 1.18175e+16
3.27000e-07 1.15884e+16
3.29000e-07 1.13606e+16
3.31000e-07 1.11760e+16
3.33000e-07 1.09575e+16
3.35000e-07 1.07405e+16
3.37000e-07 1.05566e+16
3.39000e-07 1.03767e+16
3.41000e-07 1.01899e+16
3.43000e-07 9.84855e+15
3.45000e-07 9.67108e+15
3.47000e-07 9.61498e+15
3.49000e-07 9.45685e+15
3.51000e-07 9.31330e+15
3.53000e-07 9.15939e+15
3.55000e-07 8.99998e+15
3.57000e-07 8.87814e+15
3.59000e-07 8.64006e+15
3.61000e-07 8.49718e+15
3.63000e-07 8.36521e+15
3.64000e-07 8.35940e+15
3.65000e-07 8.27209e+15
3.67000e-07 8.16540e+15
3.69000e-07 7.84360e+15
3.71000e-07 7.43520e+15
3.73000e-07 7.19023e+15
3.75000e-07 7.61096e+15
3.77000e-07 7.58131e+15
3.79000e-07 8.03864e+15
3.81000e-07 8.50726e+15
3.83000e-07 7.40651e+15
3.85000e-07 8.68647e+15
3.87000e-07 8.81274e+15
3.89000e-07 6.84120e+15
3.91000e-07 8.75952e+15
3.93000e-07 8.54643e+15
3.95000e-07 8.45842e+15
3.97000e-07 6.36581e+15
3.99000e-07 8.09587e+15
4.01000e-07 8.16572e+15
4.03000e-07 7.78471e+15
4.05000e-07 7.94757e+15
4.07000e-07 7.63722e+15
4.09000e-07 6.93641e+15
4.11000e-07 6.04634e+15
4.13000e-07 7.18922e+15
4.15000e-07 7.18790e+15
4.17000e-07 7.15465e+15
4.19000e-07 7.08522e+15
4.21000e-07 7.00616e+15
4.23000e-07 6.86132e+15
4.25000e-07 6.71493e+15
4.27000e-07 6.46642e+15
4.29000e-07 6.46911e+15
4.31000e-07 6.27759e+15
4.33000e-07 5.57674e+15
4.35000e-07 5.06628e+15
4.37000e-07 5.94877e+15
4.39000e-07 5.88863e+15
4.41000e-07 5.87563e+15
4.43000e-07 5.78392e+15
4.45000e-07 5.72805e+15
4.47000e-07 5.38221e+15
4.49000e-07 5.52143e+15
4.51000e-07 5.48905e+15
4.53000e-07 5.38800e+15
4.55000e-07 5.31089e+15
4.57000e-07 5.22717e+15
4.59000e-07 5.14381e+15
4.61000e-07 5.03634e+15
4.63000e-07 4.95708e+15
4.65000e-07 4.85442e+15
4.67000e-07 4.82346e+15
4.69000e-07 4.77676e+15
4.71000e-07 4.59431e+15
4.73000e-07 4.59040e+15
4.75000e-07 4.52260e+15
4.77000e-07 4.50876e+15
4.79000e-07 4.42768e+15
4.81000e-07 4.33004e+15
4.83000e-07 4.24112e+15
4.85000e-07 3.84506e+15
4.87000e-07 3.41008e+15
4.89000e-07 4.04867e+15
4.91000e-07 4.03529e+15
4.93000e-07 3.88543e+15
4.95000e-07 3.93236e+15
4.97000e-07 3.89101e+15
4.99000e-07 3.82796e+15
5.01000e-07 3.66523e+15
5.03000e-07 3.71208e+15
5.05000e-07 3.60872e+15
5.07000e-07 3.61680e+15
5.09000e-07 3.56415e+15
5.11000e-07 3.50615e+15
5.13000e-07 3.43191e+15
5.15000e-07 3.38827e+15
5.17000e-07 3.36901e+15
5.19000e-07 3.32379e+15
5.21000e-07 3.26071e+15
5.23000e-07 3.23183e+15
5.25000e-07 3.19003e+15
5.27000e-07 3.14144e+15
5.29000e-07 3.10602e+15
5.31000e-07 3.06102e+15
5.33000e-07 3.01900e+15
5.35000e-07 2.97251e+15
5.37000e-07 2.94362e+15
5.39000e-07 2.90366e+15
5.41000e-07 2.86550e+15
5.43000e-07 2.82143e+15
5.45000e-07 2.78529e+15
5.47000e-07 2.74846e+15
5.49000e-07 2.71535e+15
5.51000e-07 2.68227e+15
5.53000e-07 2.64529e+15
5.55000e-07 2.61476e+15
5.57000e-07 2.57938e+15
5.59000e-07 2.54842e+15
5.61000e-07 2.51376e+15
5.63000e-07 2.48452e+15
5.65000e-07 2.43770e+15
5.67000e-07 2.40096e+15
5.69000e-07 2.37190e+15
5.71000e-07 2.35358e+15
5.73000e-07 2.32616e+15
5.75000e-07 2.29440e+15
5.77000e-07 2.27207e+15
5.79000e-07 2.24336e+15
5.81000e-07 2.21522e+15
5.83000e-07 2.18553e+15
5.85000e-07 2.16026e+15
5.87000e-07 2.05919e+15
5.89000e-07 2.08976e+15
5.91000e-07 2.07833e+15
5.93000e-07 2.05137e+15
5.95000e-07 2.02292e+15
5.97000e-07 2.00812e+15
5.99000e-07 1.97783e+15
6.01000e-07 1.95968e+15
6.03000e-07 1.93458e+15
6.05000e-07 1.91214e+15
6.07000e-07 1.89056e+15
6.09000e-07 1.86760e+15
6.11000e-07 1.84591e+15
6.13000e-07 1.82506e+15
6.15000e-07 1.79458e+15
6.17000e-07 1.77930e+15
6.19000e-07 1.76084e+15
6.21000e-07 1.74083e+15
6.23000e-07 1.72045e+15
6.25000e-07 1.69672e+15
6.27000e-07 1.67949e+15
6.29000e-07 1.66102e+15
6.31000e-07 1.64086e+15
6.33000e-07 1.62345e+15
6.35000e-07 1.59568e+15
6.37000e-07 1.58159e+15
6.39000e-07 1.56737e+15
6.41000e-07 1.54908e+15
6.43000e-07 1.53390e+15
6.45000e-07 1.51543e+15
6.47000e-07 1.49465e+15
6.49000e-07 1.47883e+15
6.51000e-07 1.46069e+15
6.53000e-07 1.43701e+15
6.55000e-07 1.35685e+15
6.56125e-07 1.18950e+15
6.59000e-07 1.36507e+15
6.61000e-07 1.37932e+15
6.63000e-07 1.36990e+15
6.65000e-07 1.35631e+15
6.67000e-07 1.32668e+15
6.69000e-07 1.31211e+15
6.71000e-07 1.31317e+15
6.73000e-07 1.29722e+15
6.75000e-07 1.28475e+15
6.77000e-07 1.27166e+15
6.79000e-07 1.24857e+15
6.81000e-07 1.24263e+15
6.83000e-07 1.23012e+15
6.85000e-07 1.21764e+15
6.87000e-07 1.20498e+15
6.89000e-07 1.19164e+15
6.91000e-07 1.17900e+15
6.93000e-07 1.16616e+15
6.95000e-07 1.15493e+15
6.97000e-07 1.14297e+15
6.99000e-07 1.13073e+15
7.01000e-07 1.11884e+15
7.03000e-07 1.10730e+15
7.05000e-07 1.09534e+15
7.07000e-07 1.06556e+15
7.09000e-07 1.07365e+15
7.11000e-07 1.05763e+15
7.13000e-07 1.04748e+15
7.15000e-07 1.04031e+15
7.17000e-07 1.02997e+15
7.19000e-07 1.01980e+15
7.21000e-07 1.00944e+15
7.23000e-07 9.85484e+14
7.25000e-07 9.88369e+14
7.27000e-07 9.79089e+14
7.29000e-07 9.60043e+14
7.31000e-07 9.59309e+14
7.33000e-07 9.49874e+14
7.35000e-07 9.40597e+14
7.37000e-07 9.31268e+14
7.39000e-07 9.21957e+14
7.41000e-07 9.12870e+14
7.43000e-07 9.03049e+14
7.45000e-07 8.94813e+14
7.47000e-07 8.84560e+14
7.49000e-07 8.77089e+14
7.51000e-07 8.68215e+14
7.53000e-07 8.59889e+14
7.55000e-07 8.52034e+14
7.57000e-07 8.43791e+14
7.59000e-07 8.35492e+14
7.61000e-07 8.27333e+14
7.63000e-07 8.19507e+14
7.65000e-07 8.11687e+14
7.67000e-07 8.04001e+14
7.69000e-07 7.96193e+14
7.71000e-07 7.88582e+14
7.73000e-07 7.81102e+14
7.75000e-07 7.73626e+14
7.77000e-07 7.61287e+14
7.79000e-07 7.59246e+14
7.81000e-07 7.51409e+14
7.83000e-07 7.45117e+14
7.85000e-07 7.37291e+14
7.87000e-07 7.29108e+14
7.89000e-07 7.21059e+14
7.91000e-07 7.16815e+14
7.93000e-07 7.09969e+14
7.95000e-07 7.02408e+14
7.97000e-07 6.96752e+14
7.99000e-07 6.89373e+14
8.01000e-07 6.83880e+14
8.03000e-07 6.78374e+14
8.05000e-07 6.72275e+14
8.07000e-07 6.66749e+14
8.09000e-07 6.59197e+14
8.11000e-07 6.52914e+14
8.13000e-07 6.48736e+14
8.15000e-07 6.41529e+14
8.17000e-07 6.37207e+14
8.19000e-07 6.30448e+14
8.21000e-07 6.20953e+14
8.23000e-07 6.16047e+14
8.25000e-07 6.12898e+14
8.27000e-07 6.04263e+14
8.29000e-07 6.01899e+14
8.31000e-07 5.96878e+14
8.33000e-07 5.91464e+14
8.35000e-07 5.84851e+14
8.37000e-07 5.78564e+14
8.39000e-07 5.75756e+14
8.41000e-07 5.70357e+14
8.43000e-07 5.61293e+14
8.45000e-07 5.51674e+14
8.47000e-07 5.50858e+14
8.49000e-07 5.43927e+14
8.51000e-07 5.37732e+14
8.53000e-07 5.36042e+14
8.55000e-07 5.21324e+14
8.57000e-07 5.35461e+14
8.59000e-07 5.10128e+14
8.61000e-07 5.08442e+14
8.63000e-07 5.28446e+14
8.65000e-07 5.08786e+14
8.67000e-07 4.77623e+14
8.69000e-07 5.12045e+14
8.71000e-07 5.18535e+14
8.73000e-07 4.98614e+14
8.75000e-07 4.52652e+14
8.77000e-07 4.81517e+14
8.79000e-07 5.02459e+14
8.81000e-07 5.01006e+14
8.83000e-07 4.92361e+14
8.85000e-07 4.57459e+14
8.87000e-07 4.25615e+14
8.89000e-07 4.72524e+14
8.91000e-07 4.80237e+14
8.93000e-07 4.78230e+14
8.95000e-07 4.76001e+14
8.97000e-07 4.69854e+14
8.99000e-07 4.50789e+14
9.01000e-07 4.01117e+14
9.03000e-07 4.19287e+14
9.05000e-07 4.48806e+14
9.07000e-07 4.47250e+14
9.09000e-07 4.47897e+14
9.11000e-07 4.46482e+14
9.13000e-07 4.43226e+14
9.15000e-07 4.39351e+14
9.17000e-07 4.33302e+14
9.19000e-07 4.27256e+14
9.21000e-07 4.04239e+14
9.23000e-07 3.55239e+14
9.25000e-07 3.95982e+14
9.27000e-07 4.09593e+14
9.29000e-07 4.13585e+14
9.31000e-07 4.09671e+14
9.33000e-07 4.08315e+14
9.35000e-07 4.05738e+14
9.37000e-07 4.02897e+14
9.39000e-07 3.99636e+14
9.41000e-07 3.95054e+14
9.43000e-07 3.93257e+14
9.45000e-07 3.89663e+14
9.47000e-07 3.83368e+14
9.49000e-07 3.81474e+14
9.51000e-07 3.71386e+14
9.53000e-07 3.50681e+14
9.55000e-07 3.12442e+14
9.57000e-07 3.53469e+14
9.59000e-07 3.64068e+14
9.61000e-07 3.63048e+14
9.63000e-07 3.59315e+14
9.65000e-07 3.60518e+14
9.67000e-07 3.57558e+14
9.69000e-07 3.54458e+14
9.71000e-07 3.50790e+14
9.73000e-07 3.49465e+14
9.75000e-07 3.46645e+14
9.77000e-07 3.44087e+14
9.79000e-07 3.41405e+14
9.81000e-07 3.38676e+14
9.83000e-07 3.36067e+14
9.85000e-07 3.33566e+14
9.87000e-07 3.30839e+14
9.89000e-07 3.28077e+14
9.91000e-07 3.23904e+14
9.93000e-07 3.23479e+14
9.95000e-07 3.20715e+14
9.97000e-07 3.17470e+14
9.99000e-07 3.14366e+14
1.00250e-06 2.94545e+14
1.00750e-06 2.84225e+14
1.01250e-06 2.98068e+14
1.01750e-06 2.94822e+14
1.02250e-06 2.89340e+14
1.02750e-06 2.84197e+14
1.03250e-06 2.77699e+14
1.03750e-06 2.73943e+14
1.04250e-06 2.69003e+14
1.04750e-06 2.64134e+14
1.05250e-06 2.59321e+14
1.05750e-06 2.54746e+14
1.06250e-06 2.50251e+14
1.06750e-06 2.45116e+14
1.07250e-06 2.41473e+14
1.07750e-06 2.37225e+14
1.08250e-06 2.30065e+14
1.08750e-06 2.27502e+14
1.09250e-06 2.03725e+14
1.09750e-06 2.13836e+14
1.10250e-06 2.15552e+14
1.10750e-06 2.13647e+14
1.11250e-06 2.10081e+14
1.11750e-06 2.06516e+14
1.12250e-06 2.02889e+14
1.12750e-06 1.99185e+14
1.13250e-06 1.95962e+14
1.13750e-06 1.93020e+14
1.14250e-06 1.89706e+14
1.14750e-06 1.86701e+14
1.15250e-06 1.83623e+14
1.15750e-06 1.80511e+14
1.16250e-06 1.77593e+14
1.16750e-06 1.74729e+14
1.17250e-06 1.71940e+14
1.17750e-06 1.69048e+14
1.18250e-06 1.66469e+14
1.18750e-06 1.63801e+14
1.19250e-06 1.61214e+14
1.19750e-06 1.57469e+14
1.20250e-06 1.56150e+14
1.20750e-06 1.53694e+14
1.21250e-06 1.51281e+14
1.21750e-06 1.48923e+14
1.22250e-06 1.46610e+14
1.22750e-06 1.44341e+14
1.23250e-06 1.42108e+14
1.23750e-06 1.39926e+14
1.24250e-06 1.37795e+14
1.24750e-06 1.35569e+14
1.25250e-06 1.33288e+14
1.25750e-06 1.31542e+14
1.26250e-06 1.29599e+14
1.26750e-06 1.27671e+14
1.27250e-06 1.25465e+14
1.27750e-06 1.20867e+14
1.28250e-06 1.10705e+14
1.28750e-06 1.18856e+14
1.29250e-06 1.18292e+14
1.29750e-06 1.16037e+14
1.30250e-06 1.15031e+14
1.30750e-06 1.13361e+14
1.31250e-06 1.11716e+14
1.31750e-06 1.10065e+14
1.32250e-06 1.08515e+14
1.32750e-06 1.06955e+14
1.33250e-06 1.05418e+14
1.33750e-06 1.03917e+14
1.34250e-06 1.02327e+14
1.34750e-06 1.00988e+14
1.35250e-06 9.95590e+13
1.35750e-06 9.81646e+13
1.36250e-06 9.67799e+13
1.36750e-06 9.54308e+13
1.37250e-06 9.41028e+13
1.37750e-06 9.28114e+13
1.38250e-06 9.15302e+13
1.38750e-06 9.02671e+13
1.39250e-06 8.89730e+13
1.39750e-06 8.77820e+13
1.40250e-06 8.66152e+13
1.40750e-06 8.54399e+13
1.41250e-06 8.42790e+13
1.41750e-06 8.31474e+13
1.42250e-06 8.20315e+13
1.42750e-06 8.09328e+13
1.43250e-06 7.98492e+13
1.43750e-06 7.87843e+13
1.44250e-06 7.77285e+13
1.44750e-06 7.67070e+13
1.45250e-06 7.56976e+13
1.45700e-06 7.48120e+13
1.46200e-06 7.38429e+13
1.46750e-06 7.27953e+13
1.47250e-06 7.18535e+13
1.47750e-06 7.09211e+13
1.48250e-06 7.00201e+13
1.48750e-06 6.91228e+13
1.49250e-06 6.82410e+13
1.49750e-06 6.73560e+13
1.50250e-06 6.64930e+13
1.50750e-06 6.54873e+13
1.51250e-06 6.47504e+13
1.51750e-06 6.38892e+13
1.52250e-06 6.30461e+13
1.52750e-06 6.22094e+13
1.53250e-06 6.13422e+13
1.53750e-06 6.06267e+13
1.54250e-06 5.96817e+13
1.54750e-06 5.91079e+13
1.55250e-06 5.82964e+13
1.55750e-06 5.72952e+13
1.56250e-06 5.72208e+13
1.56750e-06 5.59548e+13
1.57250e-06 5.50526e+13
1.57750e-06 5.52976e+13
1.58250e-06 5.44838e+13
1.58750e-06 5.24699e+13
1.59250e-06 5.28525e+13
1.59750e-06 5.29473e+13
1.60500e-06 5.15104e+13
1.61500e-06 4.95499e+13
1.62500e-06 4.96296e+13
1.63500e-06 4.78124e+13
1.64500e-06 4.59437e+13
1.65500e-06 4.63144e+13
1.66500e-06 4.52828e+13
1.67500e-06 4.34560e+13
1.68500e-06 4.16600e+13
1.69500e-06 4.22136e+13
1.70500e-06 4.10940e+13
1.71500e-06 4.04048e+13
1.72500e-06 3.93806e+13
1.73500e-06 3.66753e+13
1.74500e-06 3.74451e+13
1.75500e-06 3.69511e+13
1.76500e-06 3.61514e+13
1.77500e-06 3.53626e+13
1.78500e-06 3.45726e+13
1.79500e-06 3.38634e+13
1.80500e-06 3.30336e+13
1.81500e-06 3.08202e+13
1.82500e-06 3.12876e+13
1.83500e-06 3.10639e+13
1.84500e-06 3.04304e+13
1.85500e-06 2.97583e+13
1.86500e-06 2.88833e+13
1.87500e-06 2.70866e+13
1.88500e-06 2.79079e+13
1.89500e-06 2.74096e+13
1.90500e-06 2.67685e+13
1.91500e-06 2.63315e+13
1.92500e-06 2.58045e+13
1.93500e-06 2.51471e+13
1.94500e-06 2.33406e+13
1.95500e-06 2.41236e+13
1.96500e-06 2.38211e+13
1.97500e-06 2.33555e+13
1.98500e-06 2.29008e+13
1.99500e-06 2.24570e+13
2.00500e-06 2.20245e+13
2.01500e-06 2.16014e+13
2.02500e-06 2.11892e+13
2.03500e-06 2.07859e+13
2.04500e-06 2.03840e+13
2.05500e-06 1.99631e+13
2.06500e-06 1.96342e+13
2.07500e-06 1.92678e+13
2.08500e-06 1.89101e+13
2.09500e-06 1.85600e+13
2.10500e-06 1.82183e+13
2.11500e-06 1.78056e+13
2.12500e-06 1.75583e+13
2.13500e-06 1.72388e+13
2.14500e-06 1.69204e+13
2.15500e-06 1.65407e+13
2.16500e-06 1.53635e+13
2.17500e-06 1.58994e+13
2.18500e-06 1.57345e+13
2.19500e-06 1.54710e+13
2.20500e-06 1.52001e+13
2.21500e-06 1.49342e+13
2.22500e-06 1.46693e+13
2.23500e-06 1.44192e+13
2.24500e-06 1.41699e+13
2.25500e-06 1.39260e+13
2.26500e-06 1.36873e+13
2.27500e-06 1.34537e+13
2.28500e-06 1.32395e+13
2.29500e-06 1.30707e+13
2.30500e-06 1.28455e+13
2.31500e-06 1.26335e+13
2.32500e-06 1.24226e+13
2.33500e-06 1.22032e+13
2.34500e-06 1.19822e+13
2.35500e-06 1.17767e+13
2.36500e-06 1.15776e+13
2.37500e-06 1.13801e+13
2.38500e-06 1.11915e+13
2.39500e-06 1.10030e+13
2.40500e-06 1.08173e+13
2.41500e-06 1.06394e+13
2.42500e-06 1.04672e+13
2.43500e-06 1.02976e+13
2.44500e-06 1.01228e+13
2.45500e-06 9.97172e+12
2.46500e-06 9.80170e+12
2.47500e-06 9.63840e+12
2.48500e-06 9.51522e+12
2.49500e-06 9.33077e+12
2.50500e-06 9.27143e+12
2.51500e-06 9.09183e+12
2.52500e-06 8.88051e+12
2.53500e-06 8.79769e+12
2.54500e-06 8.68856e+12
2.55500e-06 8.52430e+12
2.56500e-06 8.31653e+12
2.57500e-06 8.27933e+12
2.58500e-06 8.18045e+12
2.59500e-06 8.05095e+12
2.60500e-06 7.87045e+12
2.61500e-06 7.63298e+12
2.62500e-06 7.24744e+12
2.63500e-06 7.52731e+12
2.64500e-06 7.47427e+12
2.65500e-06 7.35875e+12
2.66500e-06 7.21770e+12
2.67500e-06 6.97325e+12
2.68500e-06 7.00554e+12
2.69500e-06 6.95520e+12
2.70500e-06 6.86062e+12
2.71500e-06 6.76213e+12
2.72500e-06 6.66490e+12
2.73500e-06 6.56942e+12
2.74500e-06 6.44664e+12
2.75500e-06 6.19246e+12
2.76500e-06 6.19456e+12
2.77500e-06 6.19206e+12
2.78500e-06 6.11805e+12
2.79500e-06 6.03239e+12
2.80500e-06 5.94780e+12
2.81500e-06 5.86568e+12
2.82500e-06 5.78458e+12
2.83500e-06 5.70447e+12
2.84500e-06 5.62627e+12
2.85500e-06 5.53562e+12
2.86500e-06 5.39975e+12
2.87500e-06 5.18130e+12
2.88500e-06 5.29391e+12
2.89500e-06 5.24976e+12
2.90500e-06 5.18243e+12
2.91500e-06 5.11279e+12
2.92500e-06 5.04443e+12
2.93500e-06 4.97731e+12
2.94500e-06 4.91099e+12
2.95500e-06 4.84588e+12
2.96500e-06 4.78197e+12
2.97500e-06 4.71880e+12
2.98500e-06 4.65680e+12
2.99500e-06 4.59593e+12
3.00500e-06 4.53619e+12
3.01500e-06 4.47548e+12
3.02500e-06 4.39942e+12
3.03500e-06 4.19665e+12
3.04500e-06 4.19839e+12
3.05500e-06 4.23674e+12
3.06500e-06 4.19591e+12
3.07500e-06 4.14117e+12
3.08500e-06 4.08903e+12
3.09500e-06 4.03827e+12
3.10500e-06 3.98729e+12
3.11500e-06 3.93650e+12
3.12500e-06 3.88665e+12
3.13500e-06 3.83890e+12
3.14500e-06 3.79087e+12
3.15500e-06 3.74375e+12
3.16500e-06 3.69727e+12
3.17500e-06 3.65159e+12
3.18500e-06 3.60660e+12
3.19500e-06 3.56225e+12
3.21000e-06 3.49704e+12
3.23000e-06 3.41242e+12
3.25000e-06 3.33028e+12
3.27000e-06 3.24816e+12
3.29000e-06 3.06728e+12
3.31000e-06 3.07564e+12
3.33000e-06 3.03205e+12
3.35000e-06 2.96198e+12
3.37000e-06 2.89309e+12
3.39000e-06 2.82627e+12
3.41000e-06 2.76134e+12
3.43000e-06 2.69807e+12
3.45000e-06 2.63694e+12
3.47000e-06 2.57353e+12
3.49000e-06 2.51380e+12
3.51000e-06 2.45744e+12
3.53000e-06 2.40213e+12
3.55000e-06 2.34836e+12
3.57000e-06 2.29626e+12
3.59000e-06 2.24642e+12
3.61000e-06 2.19677e+12
3.63000e-06 2.14978e+12
3.65000e-06 2.10203e+12
3.67000e-06 2.05943e+12
3.69000e-06 2.01105e+12
3.71000e-06 1.96882e+12
3.73000e-06 1.89710e+12
3.75000e-06 1.84238e+12
3.77000e-06 1.85120e+12
3.79000e-06 1.81705e+12
3.81000e-06 1.77036e+12
3.83000e-06 1.73514e+12
3.85000e-06 1.70845e+12
3.87000e-06 1.67385e+12
3.89000e-06 1.63453e+12
3.91000e-06 1.59156e+12
3.93000e-06 1.57267e+12
3.95000e-06 1.54336e+12
3.97000e-06 1.51298e+12
3.99000e-06 1.48315e+12
4.01000e-06 1.44206e+12
4.03000e-06 1.40800e+12
4.05000e-06 1.35203e+12
4.07000e-06 1.36829e+12
4.09000e-06 1.34452e+12
4.11000e-06 1.31877e+12
4.13000e-06 1.29231e+12
4.15000e-06 1.26560e+12
4.17000e-06 1.22340e+12
4.19000e-06 1.21761e+12
4.21000e-06 1.19884e+12
4.23000e-06 1.17654e+12
4.25000e-06 1.15404e+12
4.27000e-06 1.13342e+12
4.29000e-06 1.11041e+12
4.31000e-06 1.09226e+12
4.33000e-06 1.07237e+12
4.35000e-06 1.05144e+12
4.37000e-06 1.01339e+12
4.39000e-06 1.00674e+12
4.41000e-06 9.97029e+11
4.43000e-06 9.79466e+11
4.45000e-06 9.62101e+11
4.47000e-06 9.46365e+11
4.49000e-06 9.29750e+11
4.51000e-06 9.13484e+11
4.53000e-06 8.97541e+11
4.55000e-06 8.81989e+11
4.57000e-06 8.66746e+11
4.59000e-06 8.51842e+11
4.61000e-06 8.36897e+11
4.63000e-06 8.20650e+11
4.65000e-06 7.75553e+11
4.67000e-06 7.69719e+11
4.69000e-06 7.75928e+11
4.71000e-06 7.68741e+11
4.73000e-06 7.55973e+11
4.75000e-06 7.43359e+11
4.77000e-06 7.31095e+11
4.79000e-06 7.19026e+11
4.81000e-06 7.07213e+11
4.83000e-06 6.95652e+11
4.85000e-06 6.84305e+11
4.87000e-06 6.73200e+11
4.89000e-06 6.62316e+11
4.91000e-06 6.51650e+11
4.93000e-06 6.41196e+11
4.95000e-06 6.30952e+11
4.97000e-06 6.20912e+11
4.99000e-06 6.11072e+11
5.01000e-06 6.01430e+11
5.03000e-06 5.91967e+11
5.05000e-06 5.82693e+11
5.07000e-06 5.73606e+11
5.09000e-06 5.64672e+11
5.11000e-06 5.52542e+11
5.13000e-06 5.28029e+11
5.15000e-06 5.36691e+11
5.17000e-06 5.30700e+11
5.19000e-06 5.22618e+11
5.21000e-06 5.14672e+11
5.23000e-06 5.06886e+11
5.25000e-06 4.99246e+11
5.27000e-06 4.91733e+11
5.29000e-06 4.84387e+11
5.31000e-06 4.77164e+11
5.33000e-06 4.70063e+11
5.35000e-06 4.63106e+11
5.37000e-06 4.56280e+11
5.39000e-06 4.49567e+11
5.41000e-06 4.42993e+11
5.43000e-06 4.36528e+11
5.45000e-06 4.30185e+11
5.47000e-06 4.23948e+11
5.49000e-06 4.17839e+11
5.51000e-06 4.11821e+11
5.53000e-06 4.05928e+11
5.55000e-06 4.00121e+11
5.57000e-06 3.94436e+11
5.59000e-06 3.88834e+11
5.61000e-06 3.83349e+11
5.63000e-06 3.77944e+11
5.65000e-06 3.72641e+11
5.67000e-06 3.67427e+11
5.69000e-06 3.62312e+11
5.71000e-06 3.57283e+11
5.73000e-06 3.52338e+11
5.75000e-06 3.47475e+11
5.77000e-06 3.42694e+11
5.79000e-06 3.37993e+11
5.81000e-06 3.33394e+11
5.83000e-06 3.28849e+11
5.85000e-06 3.24645e+11
5.87000e-06 3.20129e+11
5.89000e-06 3.13518e+11
5.91000e-06 2.99039e+11
5.93000e-06 3.05992e+11
5.95000e-06 3.03417e+11
5.97000e-06 2.99390e+11
5.99000e-06 2.95430e+11
6.01000e-06 2.91527e+11
6.03000e-06 2.87690e+11
6.05000e-06 2.83918e+11
6.07000e-06 2.80200e+11
6.09000e-06 2.76544e+11
6.11000e-06 2.72950e+11
6.13000e-06 2.69418e+11
6.15000e-06 2.65935e+11
6.17000e-06 2.62512e+11
6.19000e-06 2.59146e+11
6.21000e-06 2.55829e+11
6.23000e-06 2.52568e+11
6.25000e-06 2.49363e+11
6.27000e-06 2.46203e+11
6.29000e-06 2.43088e+11
6.31000e-06 2.40035e+11
6.33000e-06 2.37017e+11
6.35000e-06 2.34050e+11
6.37000e-06 2.31134e+11
6.39000e-06 2.28259e+11
6.42000e-06 2.24029e+11
6.46000e-06 2.18546e+11
6.50000e-06 2.13225e+11
6.54000e-06 2.08062e+11
6.58000e-06 2.03060e+11
6.62000e-06 1.98206e+11
6.66000e-06 1.93497e+11
6.70000e-06 1.88919e+11
6.74000e-06 1.84486e+11
6.78000e-06 1.80176e+11
6.82000e-06 1.75988e+11
6.86000e-06 1.71924e+11
6.90000e-06 1.67974e+11
6.94000e-06 1.64142e+11
6.98000e-06 1.60418e+11
7.02000e-06 1.56791e+11
7.06000e-06 1.53274e+11
7.10000e-06 1.49855e+11
7.14000e-06 1.46526e+11
7.18000e-06 1.43290e+11
7.22000e-06 1.40145e+11
7.26000e-06 1.37083e+11
7.30000e-06 1.34100e+11
7.34000e-06 1.31202e+11
7.38000e-06 1.28386e+11
7.42000e-06 1.25302e+11
7.46000e-06 1.19664e+11
7.50000e-06 1.16884e+11
7.54000e-06 1.17615e+11
7.58000e-06 1.15374e+11
7.62000e-06 1.12972e+11
7.66000e-06 1.10633e+11
7.70000e-06 1.08349e+11
7.74000e-06 1.06131e+11
7.78000e-06 1.03966e+11
7.82000e-06 1.01852e+11
7.86000e-06 9.97995e+10
7.90000e-06 9.77954e+10
7.94000e-06 9.58385e+10
7.98000e-06 9.39336e+10
8.02000e-06 9.20735e+10
8.06000e-06 9.02572e+10
8.10000e-06 8.84894e+10
8.14000e-06 8.67634e+10
8.18000e-06 8.50780e+10
8.22000e-06 8.34324e+10
8.26000e-06 8.18257e+10
8.30000e-06 8.02624e+10
8.34000e-06 7.87306e+10
8.38000e-06 7.72405e+10
8.42000e-06 7.57803e+10
8.46000e-06 7.43601e+10
8.50000e-06 7.29684e+10
8.54000e-06 7.16098e+10
8.58000e-06 7.02835e+10
8.62000e-06 6.89888e+10
8.66000e-06 6.77200e+10
8.70000e-06 6.64816e+10
8.74000e-06 6.52727e+10
8.78000e-06 6.40929e+10
8.82000e-06 6.29366e+10
8.86000e-06 6.18033e+10
8.90000e-06 6.07021e+10
8.94000e-06 5.96227e+10
8.98000e-06 5.85648e+10
9.02000e-06 5.75326e+10
9.06000e-06 5.65209e+10
9.10000e-06 5.55337e+10
9.14000e-06 5.45662e+10
9.18000e-06 5.36178e+10
9.22000e-06 5.26927e+10
9.26000e-06 5.17860e+10
9.30000e-06 5.09015e+10
9.34000e-06 5.00346e+10
9.38000e-06 4.91849e+10
9.42000e-06 4.83520e+10
9.46000e-06 4.75398e+10
9.50000e-06 4.67438e+10
9.54000e-06 4.59635e+10
9.58000e-06 4.51988e+10
9.62000e-06 4.44492e+10
9.66000e-06 4.37184e+10
9.70000e-06 4.29983e+10
9.74000e-06 4.22964e+10
9.78000e-06 4.16084e+10
9.82000e-06 4.09303e+10
9.86000e-06 4.02695e+10
9.90000e-06 3.96218e+10
9.94000e-06 3.89871e+10
9.98000e-06 3.83651e+10
1.00200e-05 3.77517e+10
2.00000e-05 2.35202e+09
4.00000e-05 1.44664e+08
6.00000e-05 2.82705e+07
8.00000e-05 8.87082e+06
1.00000e-04 3.60798e+06
1.20000e-04 1.72911e+06
1.40000e-04 9.28122e+05
1.60000e-04 5.41285e+05
