9.09000e-09 0.00000e+00
9.35000e-09 0.00000e+00
9.61000e-09 0.00000e+00
9.77000e-09 0.00000e+00
9.96000e-09 0.00000e+00
1.02000e-08 0.00000e+00
1.03800e-08 0.00000e+00
1.05600e-08 0.00000e+00
1.07700e-08 0.00000e+00
1.10400e-08 0.00000e+00
1.14000e-08 0.00000e+00
1.17800e-08 0.00000e+00
1.21300e-08 0.00000e+00
1.24800e-08 0.00000e+00
1.27100e-08 0.00000e+00
1.28400e-08 0.00000e+00
1.30500e-08 0.00000e+00
1.32400e-08 0.00000e+00
1.33900e-08 0.00000e+00
1.36600e-08 0.00000e+00
1.39800e-08 0.00000e+00
1.43300e-08 0.00000e+00
1.47200e-08 0.00000e+00
1.51000e-08 0.00000e+00
1.55200e-08 0.00000e+00
1.58800e-08 0.00000e+00
1.62000e-08 0.00000e+00
1.66000e-08 0.00000e+00
1.70300e-08 0.00000e+00
1.73400e-08 0.00000e+00
1.76800e-08 0.00000e+00
1.80200e-08 0.00000e+00
1.81700e-08 0.00000e+00
1.86100e-08 0.00000e+00
1.91000e-08 0.00000e+00
1.93900e-08 0.00000e+00
1.98400e-08 0.00000e+00
2.01800e-08 0.00000e+00
2.05000e-08 0.00000e+00
2.10500e-08 0.00000e+00
2.16200e-08 0.00000e+00
2.19800e-08 0.00000e+00
2.23000e-08 0.00000e+00
2.26800e-08 0.00000e+00
2.30000e-08 0.00000e+00
2.34000e-08 0.00000e+00
2.40000e-08 0.00000e+00
2.46500e-08 0.00000e+00
2.52400e-08 0.00000e+00
2.56800e-08 0.00000e+00
2.60000e-08 0.00000e+00
2.64000e-08 0.00000e+00
2.68500e-08 0.00000e+00
2.73500e-08 0.00000e+00
2.78500e-08 0.00000e+00
2.84000e-08 0.00000e+00
2.90000e-08 0.00000e+00
2.96000e-08 0.00000e+00
3.01000e-08 0.00000e+00
3.08000e-08 0.00000e+00
3.18000e-08 0.00000e+00
3.28000e-08 0.00000e+00
3.38000e-08 0.00000e+00
3.48000e-08 0.00000e+00
3.57000e-08 0.00000e+00
3.66000e-08 0.00000e+00
3.75000e-08 0.00000e+00
3.85000e-08 0.00000e+00
3.95000e-08 0.00000e+00
4.05000e-08 0.00000e+00
4.14000e-08 0.00000e+00
4.22000e-08 0.00000e+00
4.30000e-08 0.00000e+00
4.41000e-08 0.00000e+00
4.51000e-08 0.00000e+00
4.60000e-08 0.00000e+00
4.70000e-08 0.00000e+00
4.80000e-08 0.00000e+00
4.90000e-08 0.00000e+00
5.00000e-08 0.00000e+00
5.06000e-08 2.16428e+03
5.12000e-08 3.78837e+03
5.20000e-08 6.17983e+03
5.30000e-08 1.12192e+04
5.40000e-08 1.96479e+04
5.50000e-08 3.44898e+04
5.60000e-08 5.86287e+04
5.70000e-08 9.78942e+04
5.80000e-08 1.58296e+05
5.90000e-08 2.58246e+05
6.00000e-08 4.09391e+05
6.10000e-08 6.41059e+05
6.20000e-08 9.86810e+05
6.30000e-08 1.49990e+06
6.40000e-08 2.24282e+06
6.50000e-08 3.33208e+06
6.58000e-08 4.52410e+06
6.65000e-08 5.86779e+06
6.75000e-08 8.43711e+06
6.85000e-08 1.20295e+07
6.95000e-08 1.69614e+07
7.05000e-08 2.36146e+07
7.16000e-08 3.37580e+07
7.26000e-08 4.62039e+07
7.35000e-08 6.08159e+07
7.45000e-08 8.18588e+07
7.55000e-08 1.09333e+08
7.65000e-08 1.44924e+08
7.75000e-08 1.90672e+08
7.85000e-08 2.49156e+08
7.95000e-08 3.21794e+08
8.05000e-08 4.15539e+08
8.15000e-08 5.32757e+08
8.25000e-08 6.77769e+08
8.35000e-08 8.53935e+08
8.45000e-08 1.07786e+09
8.55000e-08 1.34742e+09
8.65000e-08 1.67580e+09
8.75000e-08 2.07033e+09
8.85000e-08 2.55098e+09
8.95000e-08 3.12418e+09
9.05000e-08 3.79584e+09
9.15000e-08 6.46974e+10
9.25000e-08 3.65963e+11
9.35000e-08 6.04639e+11
9.45000e-08 1.10160e+12
9.55000e-08 2.05230e+12
9.65000e-08 2.83887e+12
9.75000e-08 1.83208e+12
9.85000e-08 8.41817e+12
9.95000e-08 1.79144e+13
1.00500e-07 2.41601e+13
1.01500e-07 8.85379e+12
1.02500e-07 2.61901e+12
1.03500e-07 7.94766e+12
1.04500e-07 3.59266e+13
1.05500e-07 7.94095e+13
1.06500e-07 8.52790e+13
1.07500e-07 1.10451e+14
1.08500e-07 1.05832e+14
1.09500e-07 1.17849e+14
1.10500e-07 8.38385e+14
1.11500e-07 1.19759e+15
1.12500e-07 1.42191e+15
1.13500e-07 1.49964e+15
1.14500e-07 1.29534e+15
1.15500e-07 1.46408e+15
1.16500e-07 1.56666e+15
1.17500e-07 1.27135e+15
1.18500e-07 8.28138e+14
1.19500e-07 6.48978e+13
1.20500e-07 3.65178e+13
1.21500e-07 8.27660e+12
1.22500e-07 3.05853e+13
1.23500e-07 3.10084e+14
1.24500e-07 1.24470e+15
1.25500e-07 1.71105e+15
1.26500e-07 9.50028e+14
1.27500e-07 2.90933e+15
1.28500e-07 3.72960e+15
1.29500e-07 3.39659e+15
1.30500e-07 2.52956e+15
1.31500e-07 3.69448e+15
1.32500e-07 3.90437e+15
1.33500e-07 3.48104e+15
1.34500e-07 4.30037e+15
1.35500e-07 4.00650e+15
1.36500e-07 3.53615e+15
1.37500e-07 4.12035e+15
1.38500e-07 4.17340e+15
1.39500e-07 4.35499e+15
1.40500e-07 4.26631e+15
1.41500e-07 3.86585e+15
1.42500e-07 4.12439e+15
1.43500e-07 3.73616e+15
1.44200e-07 4.16414e+15
1.44700e-07 4.46918e+15
1.45500e-07 4.31571e+15
1.46500e-07 3.91927e+15
1.47500e-07 3.71445e+15
1.48500e-07 3.91486e+15
1.49500e-07 4.17483e+15
1.50500e-07 4.13351e+15
1.51200e-07 3.73658e+15
1.51700e-07 4.10275e+15
1.52500e-07 3.38837e+15
1.53500e-07 2.96623e+15
1.54500e-07 3.89400e+15
1.55500e-07 3.47156e+15
1.56500e-07 3.19584e+15
1.57500e-07 3.36998e+15
1.58500e-07 3.66335e+15
1.59500e-07 3.80666e+15
1.60500e-07 3.56501e+15
1.61500e-07 3.58080e+15
1.62500e-07 3.25937e+15
1.63500e-07 3.39522e+15
1.64500e-07 3.49217e+15
1.65500e-07 3.00584e+15
1.66500e-07 3.39587e+15
1.67200e-07 2.72254e+15
1.67700e-07 3.21871e+15
1.68500e-07 3.56028e+15
1.69500e-07 3.30715e+15
1.70500e-07 3.10907e+15
1.71500e-07 2.97339e+15
1.72500e-07 2.92509e+15
1.73500e-07 3.08558e+15
1.74500e-07 3.04029e+15
1.75500e-07 3.31447e+15
1.76500e-07 2.86802e+15
1.77500e-07 3.15924e+15
1.78500e-07 3.14854e+15
1.79500e-07 3.37453e+15
1.80500e-07 3.24081e+15
1.81500e-07 3.15350e+15
1.82500e-07 3.06995e+15
1.83500e-07 2.95725e+15
1.84500e-07 2.74279e+15
1.85500e-07 2.85310e+15
1.86500e-07 2.85432e+15
1.87500e-07 3.02360e+15
1.88500e-07 2.92851e+15
1.89500e-07 2.87776e+15
1.90500e-07 2.82094e+15
1.91500e-07 2.85525e+15
1.92500e-07 2.85545e+15
1.93500e-07 2.84342e+15
1.94500e-07 2.91105e+15
1.95500e-07 2.83157e+15
1.96700e-07 2.95564e+15
1.97600e-07 2.95310e+15
1.98400e-07 2.84807e+15
1.99500e-07 2.73279e+15
2.00500e-07 2.75340e+15
2.01500e-07 2.60561e+15
2.02500e-07 2.68669e+15
2.03500e-07 2.65062e+15
2.04500e-07 2.71889e+15
2.05500e-07 2.60025e+15
2.06500e-07 2.57107e+15
2.07400e-07 2.64383e+15
2.07800e-07 2.67527e+15
2.08500e-07 2.67658e+15
2.09500e-07 2.56053e+15
2.10500e-07 2.51892e+15
2.11500e-07 2.51124e+15
2.12500e-07 2.52646e+15
2.13500e-07 2.25101e+15
2.14500e-07 2.43412e+15
2.15500e-07 2.46009e+15
2.16500e-07 2.33591e+15
2.17500e-07 2.29305e+15
2.18500e-07 2.26801e+15
2.19500e-07 2.39212e+15
2.20500e-07 2.27912e+15
2.21500e-07 2.13020e+15
2.22500e-07 2.06004e+15
2.23500e-07 2.24474e+15
2.24500e-07 2.03800e+15
2.25500e-07 2.00566e+15
2.26500e-07 2.02691e+15
2.27500e-07 2.11475e+15
2.28500e-07 2.15985e+15
2.29500e-07 2.05409e+15
2.30500e-07 1.98426e+15
2.31500e-07 1.89967e+15
2.32500e-07 1.59491e+15
2.33500e-07 1.80315e+15
2.34500e-07 1.69922e+15
2.35500e-07 1.85471e+15
2.36500e-07 1.67882e+15
2.37500e-07 1.74112e+15
2.38500e-07 1.58150e+15
2.39500e-07 1.72792e+15
2.40500e-07 1.63230e+15
2.41500e-07 1.67016e+15
2.42500e-07 1.74309e+15
2.43500e-07 1.65141e+15
2.44500e-07 1.77191e+15
2.45500e-07 1.69475e+15
2.46500e-07 1.69963e+15
2.47500e-07 1.62387e+15
2.48500e-07 1.72338e+15
2.49500e-07 1.66148e+15
2.50500e-07 1.79611e+15
2.51300e-07 1.64206e+15
2.51800e-07 1.67102e+15
2.52500e-07 1.56917e+15
2.53500e-07 1.56403e+15
2.54500e-07 1.54984e+15
2.55500e-07 1.63872e+15
2.56500e-07 1.61847e+15
2.57500e-07 1.71359e+15
2.58500e-07 1.70025e+15
2.59500e-07 1.67648e+15
2.60500e-07 1.60640e+15
2.61500e-07 1.60180e+15
2.62500e-07 1.65457e+15
2.63500e-07 1.65261e+15
2.64500e-07 1.77363e+15
2.65500e-07 1.74255e+15
2.66500e-07 1.63174e+15
2.67500e-07 1.68806e+15
2.68500e-07 1.66887e+15
2.69500e-07 1.61330e+15
2.70500e-07 1.64228e+15
2.71500e-07 1.57112e+15
2.72500e-07 1.57879e+15
2.73500e-07 1.66648e+15
2.74500e-07 1.47342e+15
2.75500e-07 1.46830e+15
2.76500e-07 1.51205e+15
2.77500e-07 1.57275e+15
2.78500e-07 1.53515e+15
2.79500e-07 1.10410e+15
2.80500e-07 1.23826e+15
2.81500e-07 1.57116e+15
2.82500e-07 1.58531e+15
2.83500e-07 1.52671e+15
2.84500e-07 1.47508e+15
2.85500e-07 1.46222e+15
2.86500e-07 1.51950e+15
2.87500e-07 1.47613e+15
2.88500e-07 1.50054e+15
2.89500e-07 1.46759e+15
2.91000e-07 1.55678e+15
2.93000e-07 1.49724e+15
2.95000e-07 1.48935e+15
2.97000e-07 1.48383e+15
2.99000e-07 1.47770e+15
3.01000e-07 1.49335e+15
3.03000e-07 1.46997e+15
3.05000e-07 1.44800e+15
3.07000e-07 1.42563e+15
3.09000e-07 1.42815e+15
3.11000e-07 1.39422e+15
3.13000e-07 1.38227e+15
3.15000e-07 1.37730e+15
3.17000e-07 1.35848e+15
3.19000e-07 1.31392e+15
3.21000e-07 1.32860e+15
3.23000e-07 1.30631e+15
3.25000e-07 1.29888e+15
3.27000e-07 1.29530e+15
3.29000e-07 1.28642e+15
3.31000e-07 1.28003e+15
3.33000e-07 1.25638e+15
3.35000e-07 1.23585e+15
3.37000e-07 1.22776e+15
3.39000e-07 1.20905e+15
3.41000e-07 1.21218e+15
3.43000e-07 1.19834e+15
3.45000e-07 1.18914e+15
3.47000e-07 1.17078e+15
3.49000e-07 1.15960e+15
3.51000e-07 1.15630e+15
3.53000e-07 1.14882e+15
3.55000e-07 1.13828e+15
3.57000e-07 1.12287e+15
3.59000e-07 1.11168e+15
3.61000e-07 1.10087e+15
3.63000e-07 1.08963e+15
3.64000e-07 1.08547e+15
3.65000e-07 1.10739e+15
3.67000e-07 1.08601e+15
3.69000e-07 9.92922e+14
3.71000e-07 1.00699e+15
3.73000e-07 1.01810e+15
3.75000e-07 1.23747e+15
3.77000e-07 1.28052e+15
3.79000e-07 1.54657e+15
3.81000e-07 1.78987e+15
3.83000e-07 1.43215e+15
3.85000e-07 1.94474e+15
3.87000e-07 2.18375e+15
3.89000e-07 1.24050e+15
3.91000e-07 2.15820e+15
3.93000e-07 2.20664e+15
3.95000e-07 2.12768e+15
3.97000e-07 1.17695e+15
3.99000e-07 2.02141e+15
4.01000e-07 2.21274e+15
4.03000e-07 2.19301e+15
4.05000e-07 2.17412e+15
4.07000e-07 2.07864e+15
4.09000e-07 1.62314e+15
4.11000e-07 1.25242e+15
4.13000e-07 1.93130e+15
4.15000e-07 2.01745e+15
4.17000e-07 2.00189e+15
4.19000e-07 1.97928e+15
4.21000e-07 1.95310e+15
4.23000e-07 1.92261e+15
4.25000e-07 1.89021e+15
4.27000e-07 1.85079e+15
4.29000e-07 1.82520e+15
4.31000e-07 1.73286e+15
4.33000e-07 1.30577e+15
4.35000e-07 1.11714e+15
4.37000e-07 1.65435e+15
4.39000e-07 1.68089e+15
4.41000e-07 1.68457e+15
4.43000e-07 1.65987e+15
4.45000e-07 1.65122e+15
4.47000e-07 1.61989e+15
4.49000e-07 1.58304e+15
4.51000e-07 1.57865e+15
4.53000e-07 1.55712e+15
4.55000e-07 1.52190e+15
4.57000e-07 1.52149e+15
4.59000e-07 1.49177e+15
4.61000e-07 1.48587e+15
4.63000e-07 1.45154e+15
4.65000e-07 1.44528e+15
4.67000e-07 1.42317e+15
4.69000e-07 1.39987e+15
4.71000e-07 1.36352e+15
4.73000e-07 1.36749e+15
4.75000e-07 1.34634e+15
4.77000e-07 1.32996e+15
4.79000e-07 1.30855e+15
4.81000e-07 1.27885e+15
4.83000e-07 1.22202e+15
4.85000e-07 9.57774e+14
4.87000e-07 7.85281e+14
4.89000e-07 1.15182e+15
4.91000e-07 1.19523e+15
4.93000e-07 1.18490e+15
4.95000e-07 1.18078e+15
4.97000e-07 1.16984e+15
4.99000e-07 1.15441e+15
5.01000e-07 1.12848e+15
5.03000e-07 1.12163e+15
5.05000e-07 1.09714e+15
5.07000e-07 1.09655e+15
5.09000e-07 1.08319e+15
5.11000e-07 1.06786e+15
5.13000e-07 1.05759e+15
5.15000e-07 1.04007e+15
5.17000e-07 1.02268e+15
5.19000e-07 1.01221e+15
5.21000e-07 1.00293e+15
5.23000e-07 9.87026e+14
5.25000e-07 9.81132e+14
5.27000e-07 9.61817e+14
5.29000e-07 9.59512e+14
5.31000e-07 9.42678e+14
5.33000e-07 9.34370e+14
5.35000e-07 9.26278e+14
5.37000e-07 9.14414e+14
5.39000e-07 9.03310e+14
5.41000e-07 8.90671e+14
5.43000e-07 8.81847e+14
5.45000e-07 8.73155e+14
5.47000e-07 8.62286e+14
5.49000e-07 8.52390e+14
5.51000e-07 8.42776e+14
5.53000e-07 8.33538e+14
5.55000e-07 8.24227e+14
5.57000e-07 8.14688e+14
5.59000e-07 8.05685e+14
5.61000e-07 7.97485e+14
5.63000e-07 7.88359e+14
5.65000e-07 7.78079e+14
5.67000e-07 7.69611e+14
5.69000e-07 7.61720e+14
5.71000e-07 7.53285e+14
5.73000e-07 7.45030e+14
5.75000e-07 7.36483e+14
5.77000e-07 7.28388e+14
5.79000e-07 7.19589e+14
5.81000e-07 7.12121e+14
5.83000e-07 7.04417e+14
5.85000e-07 6.96779e+14
5.87000e-07 6.85993e+14
5.89000e-07 6.79312e+14
5.91000e-07 6.74021e+14
5.93000e-07 6.67029e+14
5.95000e-07 6.57880e+14
5.97000e-07 6.51926e+14
5.99000e-07 6.43600e+14
6.01000e-07 6.38291e+14
6.03000e-07 6.31754e+14
6.05000e-07 6.24671e+14
6.07000e-07 6.18138e+14
6.09000e-07 6.11637e+14
6.11000e-07 6.05278e+14
6.13000e-07 5.98718e+14
6.15000e-07 5.87708e+14
6.17000e-07 5.86032e+14
6.19000e-07 5.80295e+14
6.21000e-07 5.74209e+14
6.23000e-07 5.67878e+14
6.25000e-07 5.59688e+14
6.27000e-07 5.56477e+14
6.29000e-07 5.50754e+14
6.31000e-07 5.44496e+14
6.33000e-07 5.39293e+14
6.35000e-07 5.27848e+14
6.37000e-07 5.24399e+14
6.39000e-07 5.22727e+14
6.41000e-07 5.17031e+14
6.43000e-07 5.12116e+14
6.45000e-07 5.04354e+14
6.47000e-07 5.00575e+14
6.49000e-07 4.93576e+14
6.51000e-07 4.85882e+14
6.53000e-07 4.70567e+14
6.55000e-07 4.09119e+14
6.56125e-07 3.35144e+14
6.59000e-07 4.43890e+14
6.61000e-07 4.60108e+14
6.63000e-07 4.60010e+14
6.65000e-07 4.57230e+14
6.67000e-07 4.53036e+14
6.69000e-07 4.49380e+14
6.71000e-07 4.45534e+14
6.73000e-07 4.40852e+14
6.75000e-07 4.36962e+14
6.77000e-07 4.32822e+14
6.79000e-07 4.28552e+14
6.81000e-07 4.24463e+14
6.83000e-07 4.20220e+14
6.85000e-07 4.16260e+14
6.87000e-07 4.12347e+14
6.89000e-07 4.08449e+14
6.91000e-07 4.04542e+14
6.93000e-07 4.00524e+14
6.95000e-07 3.96872e+14
6.97000e-07 3.93179e+14
6.99000e-07 3.89645e+14
7.01000e-07 3.85308e+14
7.03000e-07 3.82250e+14
7.05000e-07 3.78303e+14
7.07000e-07 3.74907e+14
7.09000e-07 3.71746e+14
7.11000e-07 3.67399e+14
7.13000e-07 3.64622e+14
7.15000e-07 3.61119e+14
7.17000e-07 3.58074e+14
7.19000e-07 3.54838e+14
7.21000e-07 3.51626e+14
7.23000e-07 3.48220e+14
7.25000e-07 3.44904e+14
7.27000e-07 3.42097e+14
7.29000e-07 3.38889e+14
7.31000e-07 3.35790e+14
7.33000e-07 3.32880e+14
7.35000e-07 3.29955e+14
7.37000e-07 3.26995e+14
7.39000e-07 3.24013e+14
7.41000e-07 3.20668e+14
7.43000e-07 3.17401e+14
7.45000e-07 3.14980e+14
7.47000e-07 3.11723e+14
7.49000e-07 3.09456e+14
7.51000e-07 3.06801e+14
7.53000e-07 3.04376e+14
7.55000e-07 3.01721e+14
7.57000e-07 2.99071e+14
7.59000e-07 2.96418e+14
7.61000e-07 2.93918e+14
7.63000e-07 2.91286e+14
7.65000e-07 2.88677e+14
7.67000e-07 2.86162e+14
7.69000e-07 2.83732e+14
7.71000e-07 2.81115e+14
7.73000e-07 2.78880e+14
7.75000e-07 2.76477e+14
7.77000e-07 2.69427e+14
7.79000e-07 2.71758e+14
7.81000e-07 2.69515e+14
7.83000e-07 2.67145e+14
7.85000e-07 2.64538e+14
7.87000e-07 2.61480e+14
7.89000e-07 2.58922e+14
7.91000e-07 2.58017e+14
7.93000e-07 2.56046e+14
7.95000e-07 2.52775e+14
7.97000e-07 2.51804e+14
7.99000e-07 2.47353e+14
8.01000e-07 2.47575e+14
8.03000e-07 2.45502e+14
8.05000e-07 2.43464e+14
8.07000e-07 2.41432e+14
8.09000e-07 2.39434e+14
8.11000e-07 2.37401e+14
8.13000e-07 2.35533e+14
8.15000e-07 2.33607e+14
8.17000e-07 2.31709e+14
8.19000e-07 2.29236e+14
8.21000e-07 2.28635e+14
8.23000e-07 2.26401e+14
8.25000e-07 2.25797e+14
8.27000e-07 2.24668e+14
8.29000e-07 2.22571e+14
8.31000e-07 2.21065e+14
8.33000e-07 2.18615e+14
8.35000e-07 2.16801e+14
8.37000e-07 2.14164e+14
8.39000e-07 2.10768e+14
8.41000e-07 2.07865e+14
8.43000e-07 2.03625e+14
8.45000e-07 2.00146e+14
8.47000e-07 1.97180e+14
8.49000e-07 1.98369e+14
8.51000e-07 1.91195e+14
8.53000e-07 1.98563e+14
8.55000e-07 1.81443e+14
8.57000e-07 2.01843e+14
8.59000e-07 1.85159e+14
8.61000e-07 1.81764e+14
8.63000e-07 2.04074e+14
8.65000e-07 1.91123e+14
8.67000e-07 1.63800e+14
8.69000e-07 1.95748e+14
8.71000e-07 2.05140e+14
8.73000e-07 1.92698e+14
8.75000e-07 1.55874e+14
8.77000e-07 1.82103e+14
8.79000e-07 2.00803e+14
8.81000e-07 2.02737e+14
8.83000e-07 1.95770e+14
8.85000e-07 1.71669e+14
8.87000e-07 1.48328e+14
8.89000e-07 1.84089e+14
8.91000e-07 1.94482e+14
8.93000e-07 1.95851e+14
8.95000e-07 1.95282e+14
8.97000e-07 1.91083e+14
8.99000e-07 1.79205e+14
9.01000e-07 1.43290e+14
9.03000e-07 1.54664e+14
9.05000e-07 1.79408e+14
9.07000e-07 1.83706e+14
9.09000e-07 1.83664e+14
9.11000e-07 1.84479e+14
9.13000e-07 1.83469e+14
9.15000e-07 1.82073e+14
9.17000e-07 1.79076e+14
9.19000e-07 1.73239e+14
9.21000e-07 1.58288e+14
9.23000e-07 1.25203e+14
9.25000e-07 1.51621e+14
9.27000e-07 1.64313e+14
9.29000e-07 1.70878e+14
9.31000e-07 1.71357e+14
9.33000e-07 1.70524e+14
9.35000e-07 1.69657e+14
9.37000e-07 1.68526e+14
9.39000e-07 1.66579e+14
9.41000e-07 1.64174e+14
9.43000e-07 1.64452e+14
9.45000e-07 1.63048e+14
9.47000e-07 1.61113e+14
9.49000e-07 1.58381e+14
9.51000e-07 1.52954e+14
9.53000e-07 1.37297e+14
9.55000e-07 1.12281e+14
9.57000e-07 1.38669e+14
9.59000e-07 1.49626e+14
9.61000e-07 1.51762e+14
9.63000e-07 1.50490e+14
9.65000e-07 1.51465e+14
9.67000e-07 1.50001e+14
9.69000e-07 1.49575e+14
9.71000e-07 1.48904e+14
9.73000e-07 1.47783e+14
9.75000e-07 1.46670e+14
9.77000e-07 1.45683e+14
9.79000e-07 1.44581e+14
9.81000e-07 1.43480e+14
9.83000e-07 1.42199e+14
9.85000e-07 1.41292e+14
9.87000e-07 1.40225e+14
9.89000e-07 1.38645e+14
9.91000e-07 1.37998e+14
9.93000e-07 1.36808e+14
9.95000e-07 1.35646e+14
9.97000e-07 1.34223e+14
9.99000e-07 1.32154e+14
1.00250e-06 1.18353e+14
1.00750e-06 1.12430e+14
1.01250e-06 1.25875e+14
1.01750e-06 1.25398e+14
1.02250e-06 1.23692e+14
1.02750e-06 1.21574e+14
1.03250e-06 1.19417e+14
1.03750e-06 1.17386e+14
1.04250e-06 1.15414e+14
1.04750e-06 1.13302e+14
1.05250e-06 1.11310e+14
1.05750e-06 1.09525e+14
1.06250e-06 1.07763e+14
1.06750e-06 1.05178e+14
1.07250e-06 1.03889e+14
1.07750e-06 1.02190e+14
1.08250e-06 1.00104e+14
1.08750e-06 9.70259e+13
1.09250e-06 8.14280e+13
1.09750e-06 8.84194e+13
1.10250e-06 9.33004e+13
1.10750e-06 9.25090e+13
1.11250e-06 9.12866e+13
1.11750e-06 8.98411e+13
1.12250e-06 8.84116e+13
1.12750e-06 8.62838e+13
1.13250e-06 8.50301e+13
1.13750e-06 8.42348e+13
1.14250e-06 8.28901e+13
1.14750e-06 8.16372e+13
1.15250e-06 8.03744e+13
1.15750e-06 7.91164e+13
1.16250e-06 7.77153e+13
1.16750e-06 7.64236e+13
1.17250e-06 7.54992e+13
1.17750e-06 7.39166e+13
1.18250e-06 7.31096e+13
1.18750e-06 7.19182e+13
1.19250e-06 7.10143e+13
1.19750e-06 6.98472e+13
1.20250e-06 6.88716e+13
1.20750e-06 6.78063e+13
1.21250e-06 6.68049e+13
1.21750e-06 6.58329e+13
1.22250e-06 6.48468e+13
1.22750e-06 6.38595e+13
1.23250e-06 6.29382e+13
1.23750e-06 6.20223e+13
1.24250e-06 6.11532e+13
1.24750e-06 6.01072e+13
1.25250e-06 5.93809e+13
1.25750e-06 5.84022e+13
1.26250e-06 5.76167e+13
1.26750e-06 5.66752e+13
1.27250e-06 5.55514e+13
1.27750e-06 5.28760e+13
1.28250e-06 4.56321e+13
1.28750e-06 5.19691e+13
1.29250e-06 5.25714e+13
1.29750e-06 5.20797e+13
1.30250e-06 5.14808e+13
1.30750e-06 5.07660e+13
1.31250e-06 5.00629e+13
1.31750e-06 4.92756e+13
1.32250e-06 4.86948e+13
1.32750e-06 4.80251e+13
1.33250e-06 4.73704e+13
1.33750e-06 4.67242e+13
1.34250e-06 4.60800e+13
1.34750e-06 4.54440e+13
1.35250e-06 4.48100e+13
1.35750e-06 4.42270e+13
1.36250e-06 4.36372e+13
1.36750e-06 4.30346e+13
1.37250e-06 4.24556e+13
1.37750e-06 4.19336e+13
1.38250e-06 4.13805e+13
1.38750e-06 4.08401e+13
1.39250e-06 4.02909e+13
1.39750e-06 3.97736e+13
1.40250e-06 3.92588e+13
1.40750e-06 3.87483e+13
1.41250e-06 3.82441e+13
1.41750e-06 3.77517e+13
1.42250e-06 3.72671e+13
1.42750e-06 3.67883e+13
1.43250e-06 3.63171e+13
1.43750e-06 3.58553e+13
1.44250e-06 3.52903e+13
1.44750e-06 3.49498e+13
1.45250e-06 3.44489e+13
1.45700e-06 3.41193e+13
1.46200e-06 3.37788e+13
1.46750e-06 3.33372e+13
1.47250e-06 3.29270e+13
1.47750e-06 3.24888e+13
1.48250e-06 3.21278e+13
1.48750e-06 3.17044e+13
1.49250e-06 3.13554e+13
1.49750e-06 3.09346e+13
1.50250e-06 3.05439e+13
1.50750e-06 3.01344e+13
1.51250e-06 2.96950e+13
1.51750e-06 2.92543e+13
1.52250e-06 2.88495e+13
1.52750e-06 2.84624e+13
1.53250e-06 2.79946e+13
1.53750e-06 2.77332e+13
1.54250e-06 2.71658e+13
1.54750e-06 2.70660e+13
1.55250e-06 2.66590e+13
1.55750e-06 2.59865e+13
1.56250e-06 2.65056e+13
1.56750e-06 2.54843e+13
1.57250e-06 2.49264e+13
1.57750e-06 2.57738e+13
1.58250e-06 2.53074e+13
1.58750e-06 2.34500e+13
1.59250e-06 2.43146e+13
1.59750e-06 2.49760e+13
1.60500e-06 2.39491e+13
1.61500e-06 2.26149e+13
1.62500e-06 2.35301e+13
1.63500e-06 2.22271e+13
1.64500e-06 2.10040e+13
1.65500e-06 2.20383e+13
1.66500e-06 2.15801e+13
1.67500e-06 2.02543e+13
1.68500e-06 1.90938e+13
1.69500e-06 2.01581e+13
1.70500e-06 1.98083e+13
1.71500e-06 1.93679e+13
1.72500e-06 1.87807e+13
1.73500e-06 1.67176e+13
1.74500e-06 1.77340e+13
1.75500e-06 1.77392e+13
1.76500e-06 1.74118e+13
1.77500e-06 1.70500e+13
1.78500e-06 1.66939e+13
1.79500e-06 1.63330e+13
1.80500e-06 1.58438e+13
1.81500e-06 1.42345e+13
1.82500e-06 1.48153e+13
1.83500e-06 1.49865e+13
1.84500e-06 1.47316e+13
1.85500e-06 1.43980e+13
1.86500e-06 1.39895e+13
1.87500e-06 1.25397e+13
1.88500e-06 1.33899e+13
1.89500e-06 1.32920e+13
1.90500e-06 1.30656e+13
1.91500e-06 1.28093e+13
1.92500e-06 1.25220e+13
1.93500e-06 1.21162e+13
1.94500e-06 1.08607e+13
1.95500e-06 1.16537e+13
1.96500e-06 1.15930e+13
1.97500e-06 1.13976e+13
1.98500e-06 1.11837e+13
1.99500e-06 1.09734e+13
2.00500e-06 1.07677e+13
2.01500e-06 1.05664e+13
2.02500e-06 1.03695e+13
2.03500e-06 1.01778e+13
2.04500e-06 9.99113e+12
2.05500e-06 9.80760e+12
2.06500e-06 9.62803e+12
2.07500e-06 9.45321e+12
2.08500e-06 9.28302e+12
2.09500e-06 9.11564e+12
2.10500e-06 8.95187e+12
2.11500e-06 8.78825e+12
2.12500e-06 8.63232e+12
2.13500e-06 8.47726e+12
2.14500e-06 8.30997e+12
2.15500e-06 8.07378e+12
2.16500e-06 7.28822e+12
2.17500e-06 7.73032e+12
2.18500e-06 7.74005e+12
2.19500e-06 7.63473e+12
2.20500e-06 7.50404e+12
2.21500e-06 7.37463e+12
2.22500e-06 7.25111e+12
2.23500e-06 7.12837e+12
2.24500e-06 7.00835e+12
2.25500e-06 6.89039e+12
2.26500e-06 6.77564e+12
2.27500e-06 6.66285e+12
2.28500e-06 6.58020e+12
2.29500e-06 6.55295e+12
2.30500e-06 6.44466e+12
2.31500e-06 6.32626e+12
2.32500e-06 6.20868e+12
2.33500e-06 6.09391e+12
2.34500e-06 5.98306e+12
2.35500e-06 5.87543e+12
2.36500e-06 5.77385e+12
2.37500e-06 5.66963e+12
2.38500e-06 5.57437e+12
2.39500e-06 5.48135e+12
2.40500e-06 5.37952e+12
2.41500e-06 5.28875e+12
2.42500e-06 5.20102e+12
2.43500e-06 5.12376e+12
2.44500e-06 5.02919e+12
2.45500e-06 4.96198e+12
2.46500e-06 4.86966e+12
2.47500e-06 4.80573e+12
2.48500e-06 4.74492e+12
2.49500e-06 4.63028e+12
2.50500e-06 4.66369e+12
2.51500e-06 4.55253e+12
2.52500e-06 4.39588e+12
2.53500e-06 4.39533e+12
2.54500e-06 4.36510e+12
2.55500e-06 4.25638e+12
2.56500e-06 4.10330e+12
2.57500e-06 4.14688e+12
2.58500e-06 4.12185e+12
2.59500e-06 4.05250e+12
2.60500e-06 3.91674e+12
2.61500e-06 3.75324e+12
2.62500e-06 3.53799e+12
2.63500e-06 3.74906e+12
2.64500e-06 3.77009e+12
2.65500e-06 3.71930e+12
2.66500e-06 3.61808e+12
2.67500e-06 3.42297e+12
2.68500e-06 3.51641e+12
2.69500e-06 3.51842e+12
2.70500e-06 3.48041e+12
2.71500e-06 3.43800e+12
2.72500e-06 3.38598e+12
2.73500e-06 3.32913e+12
2.74500e-06 3.25307e+12
2.75500e-06 3.05240e+12
2.76500e-06 3.08821e+12
2.77500e-06 3.13664e+12
2.78500e-06 3.11032e+12
2.79500e-06 3.07426e+12
2.80500e-06 3.03227e+12
2.81500e-06 2.99080e+12
2.82500e-06 2.95016e+12
2.83500e-06 2.91026e+12
2.84500e-06 2.86503e+12
2.85500e-06 2.81311e+12
2.86500e-06 2.70800e+12
2.87500e-06 2.55811e+12
2.88500e-06 2.67800e+12
2.89500e-06 2.67226e+12
2.90500e-06 2.64818e+12
2.91500e-06 2.61341e+12
2.92500e-06 2.57990e+12
2.93500e-06 2.54612e+12
2.94500e-06 2.51305e+12
2.95500e-06 2.48045e+12
2.96500e-06 2.44828e+12
2.97500e-06 2.41669e+12
2.98500e-06 2.38560e+12
2.99500e-06 2.35496e+12
3.00500e-06 2.32387e+12
3.01500e-06 2.28706e+12
3.02500e-06 2.23903e+12
3.03500e-06 2.09477e+12
3.04500e-06 2.10582e+12
3.05500e-06 2.16096e+12
3.06500e-06 2.14824e+12
3.07500e-06 2.12680e+12
3.08500e-06 2.09938e+12
3.09500e-06 2.07427e+12
3.10500e-06 2.04859e+12
3.11500e-06 2.02322e+12
3.12500e-06 1.99818e+12
3.13500e-06 1.97384e+12
3.14500e-06 1.94954e+12
3.15500e-06 1.92600e+12
3.16500e-06 1.90249e+12
3.17500e-06 1.87935e+12
3.18500e-06 1.85680e+12
3.19500e-06 1.83434e+12
3.21000e-06 1.80144e+12
3.23000e-06 1.75869e+12
3.25000e-06 1.71714e+12
3.27000e-06 1.67080e+12
3.29000e-06 1.55188e+12
3.31000e-06 1.57516e+12
3.33000e-06 1.57064e+12
3.35000e-06 1.53717e+12
3.37000e-06 1.49994e+12
3.39000e-06 1.46413e+12
3.41000e-06 1.43003e+12
3.43000e-06 1.39691e+12
3.45000e-06 1.36500e+12
3.47000e-06 1.33388e+12
3.49000e-06 1.30333e+12
3.51000e-06 1.27439e+12
3.53000e-06 1.24614e+12
3.55000e-06 1.21770e+12
3.57000e-06 1.19068e+12
3.59000e-06 1.16529e+12
3.61000e-06 1.13975e+12
3.63000e-06 1.11590e+12
3.65000e-06 1.09087e+12
3.67000e-06 1.07037e+12
3.69000e-06 1.04292e+12
3.71000e-06 1.02418e+12
3.73000e-06 9.77806e+11
3.75000e-06 9.46106e+11
3.77000e-06 9.63210e+11
3.79000e-06 9.46829e+11
3.81000e-06 9.19397e+11
3.83000e-06 9.02141e+11
3.85000e-06 8.92208e+11
3.87000e-06 8.74910e+11
3.89000e-06 8.52169e+11
3.91000e-06 8.24844e+11
3.93000e-06 8.21885e+11
3.95000e-06 8.09599e+11
3.97000e-06 7.94507e+11
3.99000e-06 7.78990e+11
4.01000e-06 7.50129e+11
4.03000e-06 7.32218e+11
4.05000e-06 6.99188e+11
4.07000e-06 7.15440e+11
4.09000e-06 7.06771e+11
4.11000e-06 6.94066e+11
4.13000e-06 6.80226e+11
4.15000e-06 6.62989e+11
4.17000e-06 6.33810e+11
4.19000e-06 6.38030e+11
4.21000e-06 6.31154e+11
4.23000e-06 6.20357e+11
4.25000e-06 6.09047e+11
4.27000e-06 5.97982e+11
4.29000e-06 5.87180e+11
4.31000e-06 5.76592e+11
4.33000e-06 5.66053e+11
4.35000e-06 5.53314e+11
4.37000e-06 5.27114e+11
4.39000e-06 5.27287e+11
4.41000e-06 5.25866e+11
4.43000e-06 5.17942e+11
4.45000e-06 5.08921e+11
4.47000e-06 5.01813e+11
4.49000e-06 4.93111e+11
4.51000e-06 4.84617e+11
4.53000e-06 4.76253e+11
4.55000e-06 4.68163e+11
4.57000e-06 4.60160e+11
4.59000e-06 4.52350e+11
4.61000e-06 4.43824e+11
4.63000e-06 4.33601e+11
4.65000e-06 4.06184e+11
4.67000e-06 4.01434e+11
4.69000e-06 4.09698e+11
4.71000e-06 4.07585e+11
4.73000e-06 4.02192e+11
4.75000e-06 3.95556e+11
4.77000e-06 3.89134e+11
4.79000e-06 3.82820e+11
4.81000e-06 3.76631e+11
4.83000e-06 3.70547e+11
4.85000e-06 3.64598e+11
4.87000e-06 3.58767e+11
4.89000e-06 3.53049e+11
4.91000e-06 3.47444e+11
4.93000e-06 3.41965e+11
4.95000e-06 3.36578e+11
4.97000e-06 3.31297e+11
4.99000e-06 3.26120e+11
5.01000e-06 3.21045e+11
5.03000e-06 3.16055e+11
5.05000e-06 3.11178e+11
5.07000e-06 3.06398e+11
5.09000e-06 3.00999e+11
5.11000e-06 2.93295e+11
5.13000e-06 2.77757e+11
5.15000e-06 2.85348e+11
5.17000e-06 2.83356e+11
5.19000e-06 2.79526e+11
5.21000e-06 2.75344e+11
5.23000e-06 2.71231e+11
5.25000e-06 2.67200e+11
5.27000e-06 2.63236e+11
5.29000e-06 2.59351e+11
5.31000e-06 2.55544e+11
5.33000e-06 2.51800e+11
5.35000e-06 2.48118e+11
5.37000e-06 2.44509e+11
5.39000e-06 2.40973e+11
5.41000e-06 2.37496e+11
5.43000e-06 2.34076e+11
5.45000e-06 2.30712e+11
5.47000e-06 2.27416e+11
5.49000e-06 2.24188e+11
5.51000e-06 2.21000e+11
5.53000e-06 2.17876e+11
5.55000e-06 2.14804e+11
5.57000e-06 2.11795e+11
5.59000e-06 2.08824e+11
5.61000e-06 2.05913e+11
5.63000e-06 2.03062e+11
5.65000e-06 2.00246e+11
5.67000e-06 1.97488e+11
5.69000e-06 1.94776e+11
5.71000e-06 1.92108e+11
5.73000e-06 1.89484e+11
5.75000e-06 1.86904e+11
5.77000e-06 1.84366e+11
5.79000e-06 1.81869e+11
5.81000e-06 1.79425e+11
5.83000e-06 1.77010e+11
5.85000e-06 1.74965e+11
5.87000e-06 1.72070e+11
5.89000e-06 1.67873e+11
5.91000e-06 1.59070e+11
5.93000e-06 1.64148e+11
5.95000e-06 1.63313e+11
5.97000e-06 1.61523e+11
5.99000e-06 1.59417e+11
6.01000e-06 1.57336e+11
6.03000e-06 1.55299e+11
6.05000e-06 1.53286e+11
6.07000e-06 1.51306e+11
6.09000e-06 1.49359e+11
6.11000e-06 1.47434e+11
6.13000e-06 1.45552e+11
6.15000e-06 1.43700e+11
6.17000e-06 1.41869e+11
6.19000e-06 1.40079e+11
6.21000e-06 1.38309e+11
6.23000e-06 1.36568e+11
6.25000e-06 1.34856e+11
6.27000e-06 1.33164e+11
6.29000e-06 1.31509e+11
6.31000e-06 1.29872e+11
6.33000e-06 1.28263e+11
6.35000e-06 1.26672e+11
6.37000e-06 1.25116e+11
6.39000e-06 1.23578e+11
6.42000e-06 1.21319e+11
6.46000e-06 1.18386e+11
6.50000e-06 1.15542e+11
6.54000e-06 1.12777e+11
6.58000e-06 1.10096e+11
6.62000e-06 1.07489e+11
6.66000e-06 1.04979e+11
6.70000e-06 1.02529e+11
6.74000e-06 1.00146e+11
6.78000e-06 9.78370e+10
6.82000e-06 9.55911e+10
6.86000e-06 9.34069e+10
6.90000e-06 9.12905e+10
6.94000e-06 8.92321e+10
6.98000e-06 8.72303e+10
7.02000e-06 8.52835e+10
7.06000e-06 8.33902e+10
7.10000e-06 8.15564e+10
7.14000e-06 7.97584e+10
7.18000e-06 7.80245e+10
7.22000e-06 7.63313e+10
7.26000e-06 7.46776e+10
7.30000e-06 7.30768e+10
7.34000e-06 7.15203e+10
7.38000e-06 7.00001e+10
7.42000e-06 6.82580e+10
7.46000e-06 6.47856e+10
7.50000e-06 6.32646e+10
7.54000e-06 6.39993e+10
7.58000e-06 6.29866e+10
7.62000e-06 6.16926e+10
7.66000e-06 6.04304e+10
7.70000e-06 5.92005e+10
7.74000e-06 5.80010e+10
7.78000e-06 5.68328e+10
7.82000e-06 5.56929e+10
7.86000e-06 5.45818e+10
7.90000e-06 5.34980e+10
7.94000e-06 5.24411e+10
7.98000e-06 5.14097e+10
8.02000e-06 5.04038e+10
8.06000e-06 4.94223e+10
8.10000e-06 4.84645e+10
8.14000e-06 4.75300e+10
8.18000e-06 4.66181e+10
8.22000e-06 4.57272e+10
8.26000e-06 4.48581e+10
8.30000e-06 4.40090e+10
8.34000e-06 4.31800e+10
8.38000e-06 4.23701e+10
8.42000e-06 4.15801e+10
8.46000e-06 4.08078e+10
8.50000e-06 4.00534e+10
8.54000e-06 3.93164e+10
8.58000e-06 3.85960e+10
8.62000e-06 3.78924e+10
8.66000e-06 3.72046e+10
8.70000e-06 3.65322e+10
8.74000e-06 3.58751e+10
8.78000e-06 3.52323e+10
8.82000e-06 3.46040e+10
8.86000e-06 3.39899e+10
8.90000e-06 3.33888e+10
8.94000e-06 3.28012e+10
8.98000e-06 3.22266e+10
9.02000e-06 3.16645e+10
9.06000e-06 3.11142e+10
9.10000e-06 3.05761e+10
9.14000e-06 3.00497e+10
9.18000e-06 2.95341e+10
9.22000e-06 2.90298e+10
9.26000e-06 2.85361e+10
9.30000e-06 2.80529e+10
9.34000e-06 2.75799e+10
9.38000e-06 2.71170e+10
9.42000e-06 2.66634e+10
9.46000e-06 2.62195e+10
9.50000e-06 2.57846e+10
9.54000e-06 2.53586e+10
9.58000e-06 2.49416e+10
9.62000e-06 2.45327e+10
9.66000e-06 2.41326e+10
9.70000e-06 2.37401e+10
9.74000e-06 2.33561e+10
9.78000e-06 2.29796e+10
9.82000e-06 2.26107e+10
9.86000e-06 2.22490e+10
9.90000e-06 2.18946e+10
9.94000e-06 2.15472e+10
9.98000e-06 2.12069e+10
1.00200e-05 2.08728e+10
2.00000e-05 1.32816e+09
4.00000e-05 8.22685e+07
6.00000e-05 1.60812e+07
8.00000e-05 5.04160e+06
1.00000e-04 2.04885e+06
1.20000e-04 9.81357e+05
1.40000e-04 5.26558e+05
1.60000e-04 3.07035e+05
