9.09000e-09 0.00000e+00
9.35000e-09 0.00000e+00
9.61000e-09 0.00000e+00
9.77000e-09 0.00000e+00
9.96000e-09 0.00000e+00
1.02000e-08 0.00000e+00
1.03800e-08 0.00000e+00
1.05600e-08 0.00000e+00
1.07700e-08 0.00000e+00
1.10400e-08 0.00000e+00
1.14000e-08 0.00000e+00
1.17800e-08 0.00000e+00
1.21300e-08 0.00000e+00
1.24800e-08 0.00000e+00
1.27100e-08 0.00000e+00
1.28400e-08 0.00000e+00
1.30500e-08 0.00000e+00
1.32400e-08 0.00000e+00
1.33900e-08 0.00000e+00
1.36600e-08 0.00000e+00
1.39800e-08 0.00000e+00
1.43300e-08 0.00000e+00
1.47200e-08 0.00000e+00
1.51000e-08 0.00000e+00
1.55200e-08 0.00000e+00
1.58800e-08 0.00000e+00
1.62000e-08 0.00000e+00
1.66000e-08 0.00000e+00
1.70300e-08 0.00000e+00
1.73400e-08 0.00000e+00
1.76800e-08 0.00000e+00
1.80200e-08 0.00000e+00
1.81700e-08 0.00000e+00
1.86100e-08 0.00000e+00
1.91000e-08 0.00000e+00
1.93900e-08 0.00000e+00
1.98400e-08 0.00000e+00
2.01800e-08 0.00000e+00
2.05000e-08 0.00000e+00
2.10500e-08 0.00000e+00
2.16200e-08 0.00000e+00
2.19800e-08 0.00000e+00
2.23000e-08 0.00000e+00
2.26800e-08 0.00000e+00
2.30000e-08 0.00000e+00
2.34000e-08 0.00000e+00
2.40000e-08 0.00000e+00
2.46500e-08 0.00000e+00
2.52400e-08 0.00000e+00
2.56800e-08 0.00000e+00
2.60000e-08 0.00000e+00
2.64000e-08 0.00000e+00
2.68500e-08 0.00000e+00
2.73500e-08 0.00000e+00
2.78500e-08 0.00000e+00
2.84000e-08 0.00000e+00
2.90000e-08 0.00000e+00
2.96000e-08 0.00000e+00
3.01000e-08 0.00000e+00
3.08000e-08 0.00000e+00
3.18000e-08 0.00000e+00
3.28000e-08 0.00000e+00
3.38000e-08 0.00000e+00
3.48000e-08 0.00000e+00
3.57000e-08 0.00000e+00
3.66000e-08 0.00000e+00
3.75000e-08 0.00000e+00
3.85000e-08 0.00000e+00
3.95000e-08 0.00000e+00
4.05000e-08 0.00000e+00
4.14000e-08 0.00000e+00
4.22000e-08 0.00000e+00
4.30000e-08 0.00000e+00
4.41000e-08 0.00000e+00
4.51000e-08 0.00000e+00
4.60000e-08 0.00000e+00
4.70000e-08 0.00000e+00
4.80000e-08 0.00000e+00
4.90000e-08 0.00000e+00
5.00000e-08 0.00000e+00
5.06000e-08 0.00000e+00
5.12000e-08 0.00000e+00
5.20000e-08 0.00000e+00
5.30000e-08 0.00000e+00
5.40000e-08 0.00000e+00
5.50000e-08 0.00000e+00
5.60000e-08 0.00000e+00
5.70000e-08 0.00000e+00
5.80000e-08 0.00000e+00
5.90000e-08 0.00000e+00
6.00000e-08 0.00000e+00
6.10000e-08 0.00000e+00
6.20000e-08 0.00000e+00
6.30000e-08 0.00000e+00
6.40000e-08 0.00000e+00
6.50000e-08 0.00000e+00
6.58000e-08 0.00000e+00
6.65000e-08 0.00000e+00
6.75000e-08 0.00000e+00
6.85000e-08 0.00000e+00
6.95000e-08 0.00000e+00
7.05000e-08 0.00000e+00
7.16000e-08 0.00000e+00
7.26000e-08 0.00000e+00
7.35000e-08 0.00000e+00
7.45000e-08 0.00000e+00
7.55000e-08 0.00000e+00
7.65000e-08 0.00000e+00
7.75000e-08 0.00000e+00
7.85000e-08 0.00000e+00
7.95000e-08 0.00000e+00
8.05000e-08 0.00000e+00
8.15000e-08 0.00000e+00
8.25000e-08 0.00000e+00
8.35000e-08 0.00000e+00
8.45000e-08 0.00000e+00
8.55000e-08 0.00000e+00
8.65000e-08 0.00000e+00
8.75000e-08 0.00000e+00
8.85000e-08 0.00000e+00
8.95000e-08 0.00000e+00
9.05000e-08 0.00000e+00
9.15000e-08 0.00000e+00
9.25000e-08 2.24257e-06
9.35000e-08 3.11335e-06
9.45000e-08 5.84148e-06
9.55000e-08 6.14318e-06
9.65000e-08 1.46614e-05
9.75000e-08 1.96417e-05
9.85000e-08 3.21117e-05
9.95000e-08 5.73719e-05
1.00500e-07 8.59372e-05
1.01500e-07 1.31212e-04
1.02500e-07 2.18051e-04
1.03500e-07 4.57468e-04
1.04500e-07 7.05353e-04
1.05500e-07 8.25505e-04
1.06500e-07 1.88149e-03
1.07500e-07 2.85802e-03
1.08500e-07 5.70460e-03
1.09500e-07 8.29229e-03
1.10500e-07 1.15442e-02
1.11500e-07 1.81286e-02
1.12500e-07 4.08335e-02
1.13500e-07 8.01231e-02
1.14500e-07 1.35911e-01
1.15500e-07 2.11459e-01
1.16500e-07 2.93590e-01
1.17500e-07 5.10130e-01
1.18500e-07 6.10667e-01
1.19500e-07 7.39096e-01
1.20500e-07 6.24656e-01
1.21500e-07 3.38623e-01
1.22500e-07 1.10908e+00
1.23500e-07 3.09293e+00
1.24500e-07 4.96766e+00
1.25500e-07 7.63471e+00
1.26500e-07 9.70251e+00
1.27500e-07 1.40315e+01
1.28500e-07 1.51059e+01
1.29500e-07 1.95818e+01
1.30500e-07 2.61341e+01
1.31500e-07 3.32303e+01
1.32500e-07 3.99235e+01
1.33500e-07 4.64132e+01
1.34500e-07 6.43515e+01
1.35500e-07 8.43220e+01
1.36500e-07 9.69494e+01
1.37500e-07 1.02706e+02
1.38500e-07 1.26577e+02
1.39500e-07 1.48537e+02
1.40500e-07 2.05291e+02
1.41500e-07 2.59241e+02
1.42500e-07 2.85893e+02
1.43500e-07 4.08815e+02
1.44200e-07 5.64308e+02
1.44700e-07 4.87077e+02
1.45500e-07 5.74147e+02
1.46500e-07 8.52434e+02
1.47500e-07 1.03162e+03
1.48500e-07 1.11255e+03
1.49500e-07 1.63410e+03
1.50500e-07 2.24572e+03
1.51200e-07 1.44477e+03
1.51700e-07 2.11113e+03
1.52500e-07 2.92896e+03
1.53500e-07 3.78805e+03
1.54500e-07 3.21425e+03
1.55500e-07 4.58615e+03
1.56500e-07 4.82198e+03
1.57500e-07 7.85482e+03
1.58500e-07 8.72971e+03
1.59500e-07 9.14688e+03
1.60500e-07 1.00782e+04
1.61500e-07 1.15322e+04
1.62500e-07 1.24249e+04
1.63500e-07 1.59051e+04
1.64500e-07 1.99696e+04
1.65500e-07 2.07881e+04
1.66500e-07 2.78095e+04
1.67200e-07 2.72200e+04
1.67700e-07 3.38281e+04
1.68500e-07 4.25795e+04
1.69500e-07 5.62665e+04
1.70500e-07 6.13144e+04
1.71500e-07 6.99274e+04
1.72500e-07 8.88023e+04
1.73500e-07 1.03016e+05
1.74500e-07 1.33618e+05
1.75500e-07 1.43095e+05
1.76500e-07 1.74892e+05
1.77500e-07 1.77793e+05
1.78500e-07 2.73329e+05
1.79500e-07 2.61418e+05
1.80500e-07 3.83307e+05
1.81500e-07 3.30766e+05
1.82500e-07 4.68608e+05
1.83500e-07 4.54239e+05
1.84500e-07 6.10246e+05
1.85500e-07 5.56016e+05
1.86500e-07 7.94624e+05
1.87500e-07 8.02695e+05
1.88500e-07 9.69365e+05
1.89500e-07 1.17508e+06
1.90500e-07 1.28341e+06
1.91500e-07 1.68897e+06
1.92500e-07 1.57072e+06
1.93500e-07 1.30661e+06
1.94500e-07 2.12025e+06
1.95500e-07 2.77618e+06
1.96700e-07 3.08115e+06
1.97600e-07 3.51290e+06
1.98400e-07 4.26024e+06
1.99500e-07 4.11078e+06
2.00500e-07 4.72972e+06
2.01500e-07 5.37924e+06
2.02500e-07 5.37421e+06
2.03500e-07 6.50941e+06
2.04500e-07 6.95263e+06
2.05500e-07 8.03770e+06
2.06500e-07 8.13638e+06
2.07400e-07 8.08449e+06
2.07800e-07 1.27465e+07
2.08500e-07 1.64004e+07
2.09500e-07 1.78364e+07
2.10500e-07 1.69660e+07
2.11500e-07 1.79993e+07
2.12500e-07 2.04482e+07
2.13500e-07 2.50714e+07
2.14500e-07 2.14942e+07
2.15500e-07 2.54259e+07
2.16500e-07 2.56481e+07
2.17500e-07 2.81372e+07
2.18500e-07 2.72592e+07
2.19500e-07 4.02712e+07
2.20500e-07 3.63711e+07
2.21500e-07 4.25979e+07
2.22500e-07 3.99451e+07
2.23500e-07 5.83857e+07
2.24500e-07 6.57167e+07
2.25500e-07 7.80721e+07
2.26500e-07 5.23089e+07
2.27500e-07 8.52291e+07
2.28500e-07 8.60793e+07
2.29500e-07 1.27388e+08
2.30500e-07 6.53259e+07
2.31500e-07 1.57842e+08
2.32500e-07 1.35802e+08
2.33500e-07 1.93844e+08
2.34500e-07 1.35332e+08
2.35500e-07 1.27752e+08
2.36500e-07 1.59961e+08
2.37500e-07 1.60520e+08
2.38500e-07 2.42136e+08
2.39500e-07 2.32415e+08
2.40500e-07 3.72436e+08
2.41500e-07 2.62241e+08
2.42500e-07 3.16144e+08
2.43500e-07 4.37852e+08
2.44500e-07 5.64551e+08
2.45500e-07 6.43196e+08
2.46500e-07 4.63989e+08
2.47500e-07 7.34196e+08
2.48500e-07 3.67474e+08
2.49500e-07 4.15909e+08
2.50500e-07 6.97024e+08
2.51300e-07 5.48347e+08
2.51800e-07 6.13136e+08
2.52500e-07 7.04934e+08
2.53500e-07 1.25016e+09
2.54500e-07 1.49744e+09
2.55500e-07 1.62147e+09
2.56500e-07 1.04609e+09
2.57500e-07 1.47775e+09
2.58500e-07 1.23394e+09
2.59500e-07 1.39368e+09
2.60500e-07 1.81181e+09
2.61500e-07 1.72338e+09
2.62500e-07 2.40889e+09
2.63500e-07 3.33490e+09
2.64500e-07 2.85611e+09
2.65500e-07 3.59493e+09
2.66500e-07 3.41725e+09
2.67500e-07 3.04959e+09
2.68500e-07 3.92119e+09
2.69500e-07 3.12701e+09
2.70500e-07 4.50870e+09
2.71500e-07 4.54761e+09
2.72500e-07 4.21324e+09
2.73500e-07 4.35947e+09
2.74500e-07 5.82318e+09
2.75500e-07 5.59485e+09
2.76500e-07 7.07119e+09
2.77500e-07 8.97035e+09
2.78500e-07 6.64699e+09
2.79500e-07 8.72380e+09
2.80500e-07 8.75077e+09
2.81500e-07 8.60979e+09
2.82500e-07 9.17111e+09
2.83500e-07 8.54358e+09
2.84500e-07 7.39356e+09
2.85500e-07 4.66856e+09
2.86500e-07 1.03332e+10
2.87500e-07 1.07058e+10
2.88500e-07 1.47877e+10
2.89500e-07 1.68694e+10
2.91000e-07 2.04784e+10
2.93000e-07 2.18993e+10
2.95000e-07 2.13008e+10
2.97000e-07 2.10332e+10
2.99000e-07 2.44678e+10
3.01000e-07 2.63688e+10
3.03000e-07 3.04350e+10
3.05000e-07 3.60183e+10
3.07000e-07 3.66422e+10
3.09000e-07 3.65596e+10
3.11000e-07 5.00004e+10
3.13000e-07 5.07978e+10
3.15000e-07 6.63213e+10
3.17000e-07 9.22922e+10
3.19000e-07 8.09948e+10
3.21000e-07 9.85215e+10
3.23000e-07 1.05174e+11
3.25000e-07 1.54077e+11
3.27000e-07 1.96139e+11
3.29000e-07 2.49850e+11
3.31000e-07 2.21635e+11
3.33000e-07 2.59688e+11
3.35000e-07 2.50618e+11
3.37000e-07 1.84801e+11
3.39000e-07 2.43810e+11
3.41000e-07 2.67493e+11
3.43000e-07 2.87621e+11
3.45000e-07 2.52271e+11
3.47000e-07 2.52778e+11
3.49000e-07 3.27518e+11
3.51000e-07 4.41432e+11
3.53000e-07 4.25318e+11
3.55000e-07 6.09226e+11
3.57000e-07 2.99258e+11
3.59000e-07 2.65779e+11
3.61000e-07 4.04450e+11
3.63000e-07 5.19513e+11
3.64000e-07 5.88286e+11
3.65000e-07 6.56977e+11
3.67000e-07 8.88927e+11
3.69000e-07 6.63451e+11
3.71000e-07 5.27046e+11
3.73000e-07 2.76789e+11
3.75000e-07 3.46471e+11
3.77000e-07 7.54261e+11
3.79000e-07 8.31691e+11
3.81000e-07 7.69442e+11
3.83000e-07 3.64919e+11
3.85000e-07 6.14968e+11
3.87000e-07 5.65640e+11
3.89000e-07 6.14262e+11
3.91000e-07 8.71664e+11
3.93000e-07 4.05662e+11
3.95000e-07 7.85961e+11
3.97000e-07 5.75366e+11
3.99000e-07 1.47781e+12
4.01000e-07 1.86312e+12
4.03000e-07 1.48406e+12
4.05000e-07 1.65874e+12
4.07000e-07 1.47894e+12
4.09000e-07 2.19519e+12
4.11000e-07 1.63152e+12
4.13000e-07 1.79923e+12
4.15000e-07 1.75108e+12
4.17000e-07 1.84696e+12
4.19000e-07 1.84517e+12
4.21000e-07 1.31740e+12
4.23000e-07 6.67499e+11
4.25000e-07 1.32647e+12
4.27000e-07 1.55668e+12
4.29000e-07 1.58902e+12
4.31000e-07 1.71485e+12
4.33000e-07 2.46205e+12
4.35000e-07 2.76757e+12
4.37000e-07 2.92319e+12
4.39000e-07 2.43255e+12
4.41000e-07 2.45548e+12
4.43000e-07 2.49421e+12
4.45000e-07 2.71497e+12
4.47000e-07 3.11741e+12
4.49000e-07 3.28591e+12
4.51000e-07 3.84156e+12
4.53000e-07 3.04125e+12
4.55000e-07 3.46987e+12
4.57000e-07 3.90712e+12
4.59000e-07 3.55396e+12
4.61000e-07 3.77491e+12
4.63000e-07 3.68859e+12
4.65000e-07 3.52887e+12
4.67000e-07 3.87097e+12
4.69000e-07 3.72635e+12
4.71000e-07 3.55824e+12
4.73000e-07 3.42735e+12
4.75000e-07 3.30087e+12
4.77000e-07 2.63562e+12
4.79000e-07 2.92448e+12
4.81000e-07 3.39668e+12
4.83000e-07 3.52041e+12
4.85000e-07 3.86844e+12
4.87000e-07 3.90170e+12
4.89000e-07 4.08884e+12
4.91000e-07 4.13077e+12
4.93000e-07 3.93224e+12
4.95000e-07 3.53844e+12
4.97000e-07 3.07688e+12
4.99000e-07 2.95104e+12
5.01000e-07 2.64371e+12
5.03000e-07 2.88717e+12
5.05000e-07 2.78709e+12
5.07000e-07 2.69362e+12
5.09000e-07 2.68035e+12
5.11000e-07 2.76213e+12
5.13000e-07 2.66706e+12
5.15000e-07 2.50775e+12
5.17000e-07 2.32982e+12
5.19000e-07 2.65889e+12
5.21000e-07 3.05308e+12
5.23000e-07 4.50665e+12
5.25000e-07 4.94667e+12
5.27000e-07 4.05313e+12
5.29000e-07 5.27561e+12
5.31000e-07 5.68354e+12
5.33000e-07 4.91559e+12
5.35000e-07 5.35274e+12
5.37000e-07 5.27505e+12
5.39000e-07 5.29978e+12
5.41000e-07 5.27573e+12
5.43000e-07 5.21125e+12
5.45000e-07 4.57606e+12
5.47000e-07 4.90830e+12
5.49000e-07 5.12759e+12
5.51000e-07 4.94054e+12
5.53000e-07 5.61322e+12
5.55000e-07 5.77549e+12
5.57000e-07 5.84326e+12
5.59000e-07 5.52423e+12
5.61000e-07 5.29901e+12
5.63000e-07 5.77524e+12
5.65000e-07 6.25722e+12
5.67000e-07 6.14308e+12
5.69000e-07 6.46255e+12
5.71000e-07 6.31476e+12
5.73000e-07 6.91549e+12
5.75000e-07 6.90791e+12
5.77000e-07 6.68528e+12
5.79000e-07 6.67064e+12
5.81000e-07 6.68885e+12
5.83000e-07 6.95583e+12
5.85000e-07 6.77845e+12
5.87000e-07 6.60081e+12
5.89000e-07 5.84977e+12
5.91000e-07 6.57011e+12
5.93000e-07 6.60386e+12
5.95000e-07 6.62520e+12
5.97000e-07 6.82474e+12
5.99000e-07 6.90209e+12
6.01000e-07 6.95479e+12
6.03000e-07 7.23427e+12
6.05000e-07 7.38506e+12
6.07000e-07 7.44659e+12
6.09000e-07 7.37237e+12
6.11000e-07 7.36445e+12
6.13000e-07 6.99856e+12
6.15000e-07 7.28948e+12
6.17000e-07 5.97729e+12
6.19000e-07 6.61980e+12
6.21000e-07 6.29022e+12
6.23000e-07 6.01937e+12
6.25000e-07 6.04823e+12
6.27000e-07 6.35028e+12
6.29000e-07 6.72141e+12
6.31000e-07 6.82467e+12
6.33000e-07 6.90140e+12
6.35000e-07 6.98104e+12
6.37000e-07 7.04386e+12
6.39000e-07 7.11719e+12
6.41000e-07 6.92321e+12
6.43000e-07 6.97935e+12
6.45000e-07 6.77494e+12
6.47000e-07 6.76084e+12
6.49000e-07 6.70448e+12
6.51000e-07 7.06924e+12
6.53000e-07 7.22054e+12
6.55000e-07 7.09143e+12
6.56125e-07 7.11430e+12
6.59000e-07 7.18491e+12
6.61000e-07 7.18047e+12
6.63000e-07 7.16430e+12
6.65000e-07 7.25595e+12
6.67000e-07 6.80130e+12
6.69000e-07 6.23924e+12
6.71000e-07 5.70751e+12
6.73000e-07 5.63487e+12
6.75000e-07 5.52455e+12
6.77000e-07 5.47363e+12
6.79000e-07 5.37712e+12
6.81000e-07 5.59156e+12
6.83000e-07 5.81988e+12
6.85000e-07 5.87394e+12
6.87000e-07 6.02114e+12
6.89000e-07 6.30438e+12
6.91000e-07 6.58764e+12
6.93000e-07 6.63172e+12
6.95000e-07 6.92977e+12
6.97000e-07 7.23250e+12
6.99000e-07 7.31099e+12
7.01000e-07 7.60880e+12
7.03000e-07 7.75706e+12
7.05000e-07 7.93595e+12
7.07000e-07 7.54668e+12
7.09000e-07 6.11575e+12
7.11000e-07 5.06408e+12
7.13000e-07 4.78945e+12
7.15000e-07 4.68340e+12
7.17000e-07 4.94736e+12
7.19000e-07 4.99967e+12
7.21000e-07 5.06104e+12
7.23000e-07 5.58938e+12
7.25000e-07 5.94326e+12
7.27000e-07 6.37784e+12
7.29000e-07 6.67507e+12
7.31000e-07 7.11145e+12
7.33000e-07 7.28585e+12
7.35000e-07 7.53217e+12
7.37000e-07 7.85894e+12
7.39000e-07 8.01789e+12
7.41000e-07 8.15511e+12
7.43000e-07 8.31054e+12
7.45000e-07 8.31145e+12
7.47000e-07 8.51343e+12
7.49000e-07 8.55398e+12
7.51000e-07 8.65744e+12
7.53000e-07 8.75835e+12
7.55000e-07 8.77876e+12
7.57000e-07 8.78436e+12
7.59000e-07 8.75317e+12
7.61000e-07 8.56281e+12
7.63000e-07 7.99640e+12
7.65000e-07 7.48150e+12
7.67000e-07 6.99811e+12
7.69000e-07 6.85791e+12
7.71000e-07 6.72985e+12
7.73000e-07 6.71777e+12
7.75000e-07 6.74900e+12
7.77000e-07 6.65565e+12
7.79000e-07 6.94123e+12
7.81000e-07 6.92734e+12
7.83000e-07 6.81888e+12
7.85000e-07 6.65701e+12
7.87000e-07 7.05264e+12
7.89000e-07 6.95339e+12
7.91000e-07 6.95380e+12
7.93000e-07 7.12365e+12
7.95000e-07 7.21959e+12
7.97000e-07 7.38979e+12
7.99000e-07 7.58948e+12
8.01000e-07 7.79060e+12
8.03000e-07 7.77755e+12
8.05000e-07 7.92615e+12
8.07000e-07 8.07087e+12
8.09000e-07 8.14498e+12
8.11000e-07 8.32824e+12
8.13000e-07 8.49707e+12
8.15000e-07 8.58019e+12
8.17000e-07 8.61782e+12
8.19000e-07 8.17982e+12
8.21000e-07 8.62515e+12
8.23000e-07 8.72122e+12
8.25000e-07 8.64799e+12
8.27000e-07 8.74557e+12
8.29000e-07 8.70945e+12
8.31000e-07 8.53774e+12
8.33000e-07 8.31166e+12
8.35000e-07 8.42696e+12
8.37000e-07 8.38566e+12
8.39000e-07 7.99197e+12
8.41000e-07 8.21820e+12
8.43000e-07 7.39679e+12
8.45000e-07 6.73606e+12
8.47000e-07 6.89386e+12
8.49000e-07 6.94975e+12
8.51000e-07 6.74077e+12
8.53000e-07 7.06490e+12
8.55000e-07 7.00715e+12
8.57000e-07 7.34021e+12
8.59000e-07 7.46690e+12
8.61000e-07 7.62536e+12
8.63000e-07 7.79087e+12
8.65000e-07 7.94068e+12
8.67000e-07 7.52419e+12
8.69000e-07 7.82983e+12
8.71000e-07 8.16189e+12
8.73000e-07 8.23575e+12
8.75000e-07 8.23702e+12
8.77000e-07 8.27198e+12
8.79000e-07 8.39529e+12
8.81000e-07 8.25480e+12
8.83000e-07 8.29862e+12
8.85000e-07 8.42085e+12
8.87000e-07 8.38962e+12
8.89000e-07 8.49301e+12
8.91000e-07 8.51567e+12
8.93000e-07 8.44969e+12
8.95000e-07 8.42420e+12
8.97000e-07 8.46300e+12
8.99000e-07 8.52280e+12
9.01000e-07 8.27711e+12
9.03000e-07 8.44978e+12
9.05000e-07 8.56196e+12
9.07000e-07 8.57920e+12
9.09000e-07 8.36002e+12
9.11000e-07 8.40416e+12
9.13000e-07 8.50522e+12
9.15000e-07 8.49733e+12
9.17000e-07 8.50824e+12
9.19000e-07 8.52433e+12
9.21000e-07 8.24397e+12
9.23000e-07 8.10480e+12
9.25000e-07 8.06627e+12
9.27000e-07 7.98985e+12
9.29000e-07 7.81930e+12
9.31000e-07 7.92656e+12
9.33000e-07 7.94022e+12
9.35000e-07 7.83604e+12
9.37000e-07 7.76573e+12
9.39000e-07 7.93392e+12
9.41000e-07 7.87343e+12
9.43000e-07 7.90107e+12
9.45000e-07 7.84404e+12
9.47000e-07 7.99284e+12
9.49000e-07 8.00604e+12
9.51000e-07 8.00614e+12
9.53000e-07 8.00990e+12
9.55000e-07 7.90493e+12
9.57000e-07 7.97681e+12
9.59000e-07 8.10088e+12
9.61000e-07 7.97990e+12
9.63000e-07 8.10318e+12
9.65000e-07 7.82326e+12
9.67000e-07 7.87554e+12
9.69000e-07 8.05330e+12
9.71000e-07 7.97540e+12
9.73000e-07 7.89291e+12
9.75000e-07 7.95686e+12
9.77000e-07 8.01825e+12
9.79000e-07 7.82987e+12
9.81000e-07 8.10919e+12
9.83000e-07 8.02243e+12
9.85000e-07 8.11724e+12
9.87000e-07 8.09327e+12
9.89000e-07 8.08753e+12
9.91000e-07 8.07026e+12
9.93000e-07 8.05078e+12
9.95000e-07 8.05422e+12
9.97000e-07 8.04543e+12
9.99000e-07 8.05591e+12
1.00250e-06 7.97914e+12
1.00750e-06 7.94059e+12
1.01250e-06 7.93659e+12
1.01750e-06 7.86861e+12
1.02250e-06 7.80517e+12
1.02750e-06 7.78328e+12
1.03250e-06 7.66072e+12
1.03750e-06 7.63536e+12
1.04250e-06 7.65832e+12
1.04750e-06 7.59053e+12
1.05250e-06 7.60666e+12
1.05750e-06 7.54029e+12
1.06250e-06 7.54792e+12
1.06750e-06 7.45886e+12
1.07250e-06 7.43893e+12
1.07750e-06 7.42651e+12
1.08250e-06 7.33492e+12
1.08750e-06 7.36892e+12
1.09250e-06 7.36444e+12
1.09750e-06 7.33158e+12
1.10250e-06 7.29623e+12
1.10750e-06 7.27442e+12
1.11250e-06 7.23627e+12
1.11750e-06 7.17890e+12
1.12250e-06 7.17309e+12
1.12750e-06 7.06575e+12
1.13250e-06 7.06754e+12
1.13750e-06 6.95750e+12
1.14250e-06 6.87134e+12
1.14750e-06 6.98153e+12
1.15250e-06 6.97810e+12
1.15750e-06 6.90782e+12
1.16250e-06 6.78914e+12
1.16750e-06 6.79165e+12
1.17250e-06 6.83634e+12
1.17750e-06 6.68928e+12
1.18250e-06 6.69803e+12
1.18750e-06 6.60995e+12
1.19250e-06 6.70379e+12
1.19750e-06 6.52261e+12
1.20250e-06 6.62584e+12
1.20750e-06 6.55997e+12
1.21250e-06 6.56466e+12
1.21750e-06 6.53957e+12
1.22250e-06 6.50686e+12
1.22750e-06 6.46796e+12
1.23250e-06 6.42675e+12
1.23750e-06 6.40739e+12
1.24250e-06 6.35251e+12
1.24750e-06 6.34454e+12
1.25250e-06 6.27381e+12
1.25750e-06 6.27477e+12
1.26250e-06 6.23840e+12
1.26750e-06 6.18459e+12
1.27250e-06 6.18029e+12
1.27750e-06 6.17009e+12
1.28250e-06 6.01236e+12
1.28750e-06 6.06689e+12
1.29250e-06 5.99591e+12
1.29750e-06 6.04669e+12
1.30250e-06 5.99547e+12
1.30750e-06 5.99355e+12
1.31250e-06 5.83819e+12
1.31750e-06 5.86406e+12
1.32250e-06 5.90726e+12
1.32750e-06 5.84082e+12
1.33250e-06 5.82062e+12
1.33750e-06 5.82773e+12
1.34250e-06 5.81241e+12
1.34750e-06 5.79052e+12
1.35250e-06 5.76179e+12
1.35750e-06 5.72453e+12
1.36250e-06 5.65682e+12
1.36750e-06 5.68846e+12
1.37250e-06 5.68189e+12
1.37750e-06 5.64925e+12
1.38250e-06 5.63842e+12
1.38750e-06 5.57007e+12
1.39250e-06 5.59795e+12
1.39750e-06 5.57976e+12
1.40250e-06 5.52319e+12
1.40750e-06 5.54145e+12
1.41250e-06 5.50588e+12
1.41750e-06 5.50423e+12
1.42250e-06 5.46728e+12
1.42750e-06 5.33975e+12
1.43250e-06 5.43656e+12
1.43750e-06 5.42250e+12
1.44250e-06 5.36452e+12
1.44750e-06 5.39441e+12
1.45250e-06 5.35715e+12
1.45700e-06 5.34097e+12
1.46200e-06 5.34962e+12
1.46750e-06 5.33584e+12
1.47250e-06 5.29028e+12
1.47750e-06 5.27404e+12
1.48250e-06 5.28789e+12
1.48750e-06 5.20388e+12
1.49250e-06 5.28221e+12
1.49750e-06 5.24767e+12
1.50250e-06 5.06812e+12
1.50750e-06 5.14280e+12
1.51250e-06 5.21738e+12
1.51750e-06 5.17586e+12
1.52250e-06 5.20270e+12
1.52750e-06 5.20180e+12
1.53250e-06 5.17994e+12
1.53750e-06 5.19953e+12
1.54250e-06 5.19945e+12
1.54750e-06 5.19674e+12
1.55250e-06 5.15597e+12
1.55750e-06 5.14714e+12
1.56250e-06 5.15160e+12
1.56750e-06 5.12799e+12
1.57250e-06 5.10746e+12
1.57750e-06 4.99642e+12
1.58250e-06 5.08133e+12
1.58750e-06 5.05430e+12
1.59250e-06 5.09228e+12
1.59750e-06 5.07315e+12
1.60500e-06 5.10643e+12
1.61500e-06 5.03328e+12
1.62500e-06 5.02131e+12
1.63500e-06 5.00630e+12
1.64500e-06 4.93295e+12
1.65500e-06 4.87269e+12
1.66500e-06 4.77778e+12
1.67500e-06 4.63725e+12
1.68500e-06 4.61103e+12
1.69500e-06 4.54079e+12
1.70500e-06 4.43623e+12
1.71500e-06 4.34789e+12
1.72500e-06 4.27737e+12
1.73500e-06 4.21619e+12
1.74500e-06 4.13373e+12
1.75500e-06 4.06523e+12
1.76500e-06 4.00382e+12
1.77500e-06 3.92523e+12
1.78500e-06 3.87688e+12
1.79500e-06 3.80153e+12
1.80500e-06 3.72172e+12
1.81500e-06 3.66698e+12
1.82500e-06 3.60032e+12
1.83500e-06 3.53490e+12
1.84500e-06 3.44467e+12
1.85500e-06 3.42712e+12
1.86500e-06 3.35342e+12
1.87500e-06 3.30832e+12
1.88500e-06 3.25019e+12
1.89500e-06 3.15083e+12
1.90500e-06 3.14369e+12
1.91500e-06 3.08567e+12
1.92500e-06 3.04211e+12
1.93500e-06 2.94122e+12
1.94500e-06 2.88665e+12
1.95500e-06 2.85917e+12
1.96500e-06 2.84868e+12
1.97500e-06 2.74380e+12
1.98500e-06 2.70054e+12
1.99500e-06 2.67865e+12
2.00500e-06 2.68058e+12
2.01500e-06 2.63641e+12
2.02500e-06 2.57828e+12
2.03500e-06 2.54864e+12
2.04500e-06 2.51413e+12
2.05500e-06 2.47242e+12
2.06500e-06 2.42954e+12
2.07500e-06 2.39454e+12
2.08500e-06 2.35464e+12
2.09500e-06 2.30269e+12
2.10500e-06 2.28094e+12
2.11500e-06 2.24090e+12
2.12500e-06 2.21318e+12
2.13500e-06 2.18415e+12
2.14500e-06 2.15082e+12
2.15500e-06 2.11573e+12
2.16500e-06 2.08835e+12
2.17500e-06 2.04499e+12
2.18500e-06 2.02260e+12
2.19500e-06 1.98826e+12
2.20500e-06 1.91254e+12
2.21500e-06 1.93601e+12
2.22500e-06 1.88045e+12
2.23500e-06 1.86622e+12
2.24500e-06 1.84171e+12
2.25500e-06 1.82356e+12
2.26500e-06 1.77518e+12
2.27500e-06 1.77126e+12
2.28500e-06 1.73760e+12
2.29500e-06 1.56199e+12
2.30500e-06 1.61952e+12
2.31500e-06 1.61090e+12
2.32500e-06 1.45197e+12
2.33500e-06 1.50368e+12
2.34500e-06 1.52082e+12
2.35500e-06 1.37908e+12
2.36500e-06 1.44355e+12
2.37500e-06 1.44651e+12
2.38500e-06 1.32513e+12
2.39500e-06 1.37293e+12
2.40500e-06 1.38062e+12
2.41500e-06 1.28608e+12
2.42500e-06 1.31630e+12
2.43500e-06 1.32470e+12
2.44500e-06 1.26398e+12
2.45500e-06 1.25170e+12
2.46500e-06 1.27579e+12
2.47500e-06 1.23881e+12
2.48500e-06 1.20366e+12
2.49500e-06 1.21540e+12
2.50500e-06 1.22408e+12
2.51500e-06 1.16779e+12
2.52500e-06 1.17848e+12
2.53500e-06 1.17365e+12
2.54500e-06 1.14874e+12
2.55500e-06 1.13734e+12
2.56500e-06 1.12901e+12
2.57500e-06 1.12384e+12
2.58500e-06 1.09356e+12
2.59500e-06 1.08940e+12
2.60500e-06 1.08333e+12
2.61500e-06 1.07082e+12
2.62500e-06 1.05530e+12
2.63500e-06 1.04594e+12
2.64500e-06 1.03412e+12
2.65500e-06 1.02447e+12
2.66500e-06 1.00391e+12
2.67500e-06 1.00690e+12
2.68500e-06 9.93191e+11
2.69500e-06 9.79662e+11
2.70500e-06 9.69754e+11
2.71500e-06 9.59660e+11
2.72500e-06 9.48368e+11
2.73500e-06 9.36711e+11
2.74500e-06 9.27349e+11
2.75500e-06 9.18495e+11
2.76500e-06 9.05358e+11
2.77500e-06 8.94002e+11
2.78500e-06 8.84873e+11
2.79500e-06 8.76093e+11
2.80500e-06 8.64782e+11
2.81500e-06 8.52706e+11
2.82500e-06 8.44178e+11
2.83500e-06 8.35608e+11
2.84500e-06 8.25137e+11
2.85500e-06 8.15161e+11
2.86500e-06 8.05854e+11
2.87500e-06 7.96976e+11
2.88500e-06 7.87342e+11
2.89500e-06 7.78091e+11
2.90500e-06 7.67476e+11
2.91500e-06 7.58850e+11
2.92500e-06 7.42662e+11
2.93500e-06 7.40452e+11
2.94500e-06 7.33174e+11
2.95500e-06 7.24725e+11
2.96500e-06 7.16631e+11
2.97500e-06 7.08586e+11
2.98500e-06 6.99576e+11
2.99500e-06 6.90964e+11
3.00500e-06 6.83745e+11
3.01500e-06 6.76150e+11
3.02500e-06 6.67200e+11
3.03500e-06 6.60438e+11
3.04500e-06 6.53344e+11
3.05500e-06 6.45360e+11
3.06500e-06 6.37507e+11
3.07500e-06 6.31017e+11
3.08500e-06 6.21549e+11
3.09500e-06 6.16674e+11
3.10500e-06 6.09738e+11
3.11500e-06 6.00433e+11
3.12500e-06 5.96211e+11
3.13500e-06 5.89040e+11
3.14500e-06 5.82634e+11
3.15500e-06 5.76070e+11
3.16500e-06 5.68712e+11
3.17500e-06 5.63715e+11
3.18500e-06 5.57470e+11
3.19500e-06 5.51329e+11
3.21000e-06 5.42166e+11
3.23000e-06 5.30129e+11
3.25000e-06 5.18809e+11
3.27000e-06 5.07338e+11
3.29000e-06 4.96630e+11
3.31000e-06 4.85729e+11
3.33000e-06 4.75054e+11
3.35000e-06 4.65773e+11
3.37000e-06 4.55683e+11
3.39000e-06 4.45831e+11
3.41000e-06 4.35303e+11
3.43000e-06 4.27872e+11
3.45000e-06 4.19191e+11
3.47000e-06 4.10618e+11
3.49000e-06 4.02214e+11
3.51000e-06 3.94188e+11
3.53000e-06 3.86015e+11
3.55000e-06 3.78390e+11
3.57000e-06 3.70674e+11
3.59000e-06 3.63340e+11
3.61000e-06 3.56232e+11
3.63000e-06 3.49201e+11
3.65000e-06 3.42217e+11
3.67000e-06 3.35197e+11
3.69000e-06 3.28309e+11
3.71000e-06 3.21850e+11
3.73000e-06 3.16160e+11
3.75000e-06 3.10064e+11
3.77000e-06 3.04371e+11
3.79000e-06 2.98544e+11
3.81000e-06 2.92979e+11
3.83000e-06 2.87564e+11
3.85000e-06 2.82170e+11
3.87000e-06 2.75890e+11
3.89000e-06 2.71542e+11
3.91000e-06 2.66750e+11
3.93000e-06 2.61823e+11
3.95000e-06 2.56305e+11
3.97000e-06 2.52103e+11
3.99000e-06 2.46601e+11
4.01000e-06 2.42741e+11
4.03000e-06 2.38877e+11
4.05000e-06 2.33928e+11
4.07000e-06 2.30338e+11
4.09000e-06 2.26289e+11
4.11000e-06 2.22219e+11
4.13000e-06 2.18422e+11
4.15000e-06 2.14543e+11
4.17000e-06 2.10783e+11
4.19000e-06 2.06381e+11
4.21000e-06 2.02994e+11
4.23000e-06 2.00081e+11
4.25000e-06 1.96478e+11
4.27000e-06 1.93274e+11
4.29000e-06 1.82473e+11
4.31000e-06 1.71787e+11
4.33000e-06 1.71064e+11
4.35000e-06 1.61782e+11
4.37000e-06 1.55806e+11
4.39000e-06 1.51896e+11
4.41000e-06 1.45078e+11
4.43000e-06 1.41603e+11
4.45000e-06 1.39108e+11
4.47000e-06 1.33294e+11
4.49000e-06 1.33146e+11
4.51000e-06 1.28749e+11
4.53000e-06 1.25788e+11
4.55000e-06 1.25220e+11
4.57000e-06 1.24200e+11
4.59000e-06 1.20051e+11
4.61000e-06 1.20723e+11
4.63000e-06 1.18559e+11
4.65000e-06 1.18331e+11
4.67000e-06 1.18181e+11
4.69000e-06 1.15608e+11
4.71000e-06 1.13696e+11
4.73000e-06 1.14668e+11
4.75000e-06 1.11344e+11
4.77000e-06 1.10139e+11
4.79000e-06 1.09686e+11
4.81000e-06 1.06176e+11
4.83000e-06 1.07345e+11
4.85000e-06 1.05536e+11
4.87000e-06 1.02795e+11
4.89000e-06 1.01188e+11
4.91000e-06 1.00727e+11
4.93000e-06 9.86416e+10
4.95000e-06 9.68760e+10
4.97000e-06 9.65981e+10
4.99000e-06 9.52594e+10
5.01000e-06 9.38175e+10
5.03000e-06 9.29106e+10
5.05000e-06 9.06753e+10
5.07000e-06 9.03175e+10
5.09000e-06 8.93852e+10
5.11000e-06 8.74951e+10
5.13000e-06 8.77562e+10
5.15000e-06 8.57251e+10
5.17000e-06 8.56114e+10
5.19000e-06 8.38172e+10
5.21000e-06 8.33678e+10
5.23000e-06 8.17343e+10
5.25000e-06 8.13341e+10
5.27000e-06 8.09282e+10
5.29000e-06 7.88339e+10
5.31000e-06 7.81663e+10
5.33000e-06 7.75464e+10
5.35000e-06 7.67465e+10
5.37000e-06 7.60714e+10
5.39000e-06 7.52123e+10
5.41000e-06 7.43650e+10
5.43000e-06 7.27143e+10
5.45000e-06 7.26826e+10
5.47000e-06 7.17617e+10
5.49000e-06 7.08186e+10
5.51000e-06 7.00647e+10
5.53000e-06 7.02881e+10
5.55000e-06 6.82181e+10
5.57000e-06 6.83630e+10
5.59000e-06 6.72056e+10
5.61000e-06 6.65381e+10
5.63000e-06 6.54494e+10
5.65000e-06 6.51827e+10
5.67000e-06 6.44471e+10
5.69000e-06 6.33072e+10
5.71000e-06 6.30967e+10
5.73000e-06 6.22348e+10
5.75000e-06 6.15496e+10
5.77000e-06 6.07310e+10
5.79000e-06 6.03459e+10
5.81000e-06 5.93508e+10
5.83000e-06 5.87581e+10
5.85000e-06 5.81622e+10
5.87000e-06 5.72516e+10
5.89000e-06 5.66267e+10
5.91000e-06 5.61200e+10
5.93000e-06 5.54518e+10
5.95000e-06 5.47604e+10
5.97000e-06 5.42863e+10
5.99000e-06 5.36125e+10
6.01000e-06 5.30289e+10
6.03000e-06 5.23731e+10
6.05000e-06 5.16199e+10
6.07000e-06 5.10482e+10
6.09000e-06 5.05123e+10
6.11000e-06 4.98421e+10
6.13000e-06 4.93459e+10
6.15000e-06 4.87884e+10
6.17000e-06 4.82292e+10
6.19000e-06 4.77077e+10
6.21000e-06 4.71723e+10
6.23000e-06 4.66107e+10
6.25000e-06 4.60023e+10
6.27000e-06 4.54219e+10
6.29000e-06 4.49811e+10
6.31000e-06 4.44239e+10
6.33000e-06 4.40176e+10
6.35000e-06 4.34381e+10
6.37000e-06 4.30284e+10
6.39000e-06 4.24623e+10
6.42000e-06 4.17529e+10
6.46000e-06 4.07924e+10
6.50000e-06 3.98719e+10
6.54000e-06 3.89743e+10
6.58000e-06 3.81060e+10
6.62000e-06 3.72403e+10
6.66000e-06 3.64053e+10
6.70000e-06 3.55960e+10
6.74000e-06 3.47974e+10
6.78000e-06 3.40225e+10
6.82000e-06 3.32609e+10
6.86000e-06 3.25443e+10
6.90000e-06 3.18318e+10
6.94000e-06 3.11390e+10
6.98000e-06 3.04653e+10
7.02000e-06 2.98026e+10
7.06000e-06 2.91643e+10
7.10000e-06 2.85429e+10
7.14000e-06 2.79372e+10
7.18000e-06 2.73426e+10
7.22000e-06 2.67702e+10
7.26000e-06 2.62086e+10
7.30000e-06 2.56635e+10
7.34000e-06 2.51188e+10
7.38000e-06 2.46072e+10
7.42000e-06 2.40765e+10
7.46000e-06 2.35969e+10
7.50000e-06 2.31095e+10
7.54000e-06 2.26310e+10
7.58000e-06 2.22092e+10
7.62000e-06 2.17639e+10
7.66000e-06 2.13298e+10
7.70000e-06 2.09041e+10
7.74000e-06 2.04930e+10
7.78000e-06 2.00912e+10
7.82000e-06 1.96983e+10
7.86000e-06 1.93147e+10
7.90000e-06 1.89385e+10
7.94000e-06 1.85755e+10
7.98000e-06 1.82194e+10
8.02000e-06 1.78577e+10
8.06000e-06 1.75284e+10
8.10000e-06 1.71960e+10
8.14000e-06 1.68739e+10
8.18000e-06 1.65596e+10
8.22000e-06 1.62505e+10
8.26000e-06 1.59482e+10
8.30000e-06 1.56527e+10
8.34000e-06 1.53562e+10
8.38000e-06 1.50726e+10
8.42000e-06 1.48038e+10
8.46000e-06 1.45325e+10
8.50000e-06 1.42720e+10
8.54000e-06 1.40177e+10
8.58000e-06 1.37681e+10
8.62000e-06 1.35224e+10
8.66000e-06 1.32823e+10
8.70000e-06 1.30455e+10
8.74000e-06 1.28178e+10
8.78000e-06 1.25923e+10
8.82000e-06 1.23718e+10
8.86000e-06 1.21572e+10
8.90000e-06 1.19459e+10
8.94000e-06 1.17407e+10
8.98000e-06 1.15312e+10
9.02000e-06 1.13417e+10
9.06000e-06 1.11490e+10
9.10000e-06 1.09462e+10
9.14000e-06 1.07707e+10
9.18000e-06 1.05863e+10
9.22000e-06 1.04167e+10
9.26000e-06 1.02425e+10
9.30000e-06 1.00727e+10
9.34000e-06 9.90587e+09
9.38000e-06 9.74278e+09
9.42000e-06 9.58294e+09
9.46000e-06 9.42588e+09
9.50000e-06 9.27237e+09
9.54000e-06 9.12192e+09
9.58000e-06 8.97489e+09
9.62000e-06 8.83040e+09
9.66000e-06 8.68878e+09
9.70000e-06 8.55041e+09
9.74000e-06 8.41043e+09
9.78000e-06 8.28072e+09
9.82000e-06 8.15050e+09
9.86000e-06 8.02251e+09
9.90000e-06 7.89708e+09
9.94000e-06 7.77379e+09
9.98000e-06 7.65335e+09
1.00200e-05 7.53495e+09
2.00000e-05 4.94073e+08
4.00000e-05 3.10332e+07
6.00000e-05 6.11287e+06
8.00000e-05 1.92862e+06
1.00000e-04 7.87856e+05
1.20000e-04 3.78980e+05
1.40000e-04 2.04088e+05
1.60000e-04 1.19375e+05
