9.09000e-09 0.00000e+00
9.35000e-09 0.00000e+00
9.61000e-09 0.00000e+00
9.77000e-09 0.00000e+00
9.96000e-09 0.00000e+00
1.02000e-08 0.00000e+00
1.03800e-08 0.00000e+00
1.05600e-08 0.00000e+00
1.07700e-08 0.00000e+00
1.10400e-08 0.00000e+00
1.14000e-08 0.00000e+00
1.17800e-08 0.00000e+00
1.21300e-08 0.00000e+00
1.24800e-08 0.00000e+00
1.27100e-08 0.00000e+00
1.28400e-08 0.00000e+00
1.30500e-08 0.00000e+00
1.32400e-08 0.00000e+00
1.33900e-08 0.00000e+00
1.36600e-08 0.00000e+00
1.39800e-08 0.00000e+00
1.43300e-08 0.00000e+00
1.47200e-08 0.00000e+00
1.51000e-08 0.00000e+00
1.55200e-08 0.00000e+00
1.58800e-08 0.00000e+00
1.62000e-08 0.00000e+00
1.66000e-08 0.00000e+00
1.70300e-08 0.00000e+00
1.73400e-08 0.00000e+00
1.76800e-08 0.00000e+00
1.80200e-08 0.00000e+00
1.81700e-08 0.00000e+00
1.86100e-08 0.00000e+00
1.91000e-08 0.00000e+00
1.93900e-08 0.00000e+00
1.98400e-08 0.00000e+00
2.01800e-08 0.00000e+00
2.05000e-08 0.00000e+00
2.10500e-08 0.00000e+00
2.16200e-08 0.00000e+00
2.19800e-08 0.00000e+00
2.23000e-08 0.00000e+00
2.26800e-08 0.00000e+00
2.30000e-08 0.00000e+00
2.34000e-08 0.00000e+00
2.40000e-08 0.00000e+00
2.46500e-08 0.00000e+00
2.52400e-08 0.00000e+00
2.56800e-08 0.00000e+00
2.60000e-08 0.00000e+00
2.64000e-08 0.00000e+00
2.68500e-08 0.00000e+00
2.73500e-08 0.00000e+00
2.78500e-08 0.00000e+00
2.84000e-08 0.00000e+00
2.90000e-08 0.00000e+00
2.96000e-08 0.00000e+00
3.01000e-08 0.00000e+00
3.08000e-08 0.00000e+00
3.18000e-08 0.00000e+00
3.28000e-08 0.00000e+00
3.38000e-08 0.00000e+00
3.48000e-08 0.00000e+00
3.57000e-08 0.00000e+00
3.66000e-08 0.00000e+00
3.75000e-08 0.00000e+00
3.85000e-08 0.00000e+00
3.95000e-08 0.00000e+00
4.05000e-08 0.00000e+00
4.14000e-08 0.00000e+00
4.22000e-08 0.00000e+00
4.30000e-08 0.00000e+00
4.41000e-08 0.00000e+00
4.51000e-08 0.00000e+00
4.60000e-08 0.00000e+00
4.70000e-08 0.00000e+00
4.80000e-08 0.00000e+00
4.90000e-08 0.00000e+00
5.00000e-08 0.00000e+00
5.06000e-08 8.18023e-03
5.12000e-08 1.75026e-02
5.20000e-08 3.63105e-02
5.30000e-08 8.88877e-02
5.40000e-08 2.03610e-01
5.50000e-08 4.66137e-01
5.60000e-08 1.01860e+00
5.70000e-08 2.16229e+00
5.80000e-08 4.03888e+00
5.90000e-08 4.00064e-01
6.00000e-08 7.35430e-01
6.10000e-08 1.32347e+00
6.20000e-08 2.32957e+00
6.30000e-08 4.01874e+00
6.40000e-08 6.80166e+00
6.50000e-08 1.13126e+01
6.58000e-08 1.67776e+01
6.65000e-08 2.34493e+01
6.75000e-08 3.73882e+01
6.85000e-08 5.87329e+01
6.95000e-08 9.08396e+01
7.05000e-08 1.37973e+02
7.16000e-08 2.16857e+02
7.26000e-08 3.21618e+02
7.35000e-08 4.53792e+02
7.45000e-08 6.57423e+02
7.55000e-08 9.42313e+02
7.65000e-08 1.33653e+03
7.75000e-08 1.87523e+03
7.85000e-08 2.60705e+03
7.95000e-08 3.54882e+03
8.05000e-08 4.86719e+03
8.15000e-08 6.59962e+03
8.25000e-08 8.84393e+03
8.35000e-08 1.17505e+04
8.45000e-08 1.54950e+04
8.55000e-08 2.02747e+04
8.65000e-08 2.63285e+04
8.75000e-08 3.38417e+04
8.85000e-08 4.34669e+04
8.95000e-08 5.53085e+04
9.05000e-08 6.95757e+04
9.15000e-08 2.79727e+07
9.25000e-08 9.25904e+07
9.35000e-08 1.23552e+08
9.45000e-08 1.60766e+08
9.55000e-08 2.19150e+08
9.65000e-08 2.77657e+08
9.75000e-08 3.22836e+08
9.85000e-08 4.14502e+08
9.95000e-08 4.88025e+08
1.00500e-07 6.37218e+08
1.01500e-07 7.77797e+08
1.02500e-07 8.06190e+08
1.03500e-07 1.12032e+09
1.04500e-07 1.36199e+09
1.05500e-07 1.62373e+09
1.06500e-07 1.88022e+09
1.07500e-07 2.26894e+09
1.08500e-07 2.67924e+09
1.09500e-07 3.06729e+09
1.10500e-07 1.24596e+10
1.11500e-07 2.16731e+10
1.12500e-07 2.84525e+10
1.13500e-07 3.54848e+10
1.14500e-07 4.20746e+10
1.15500e-07 4.41083e+10
1.16500e-07 5.63309e+10
1.17500e-07 6.39933e+10
1.18500e-07 6.36100e+10
1.19500e-07 4.15293e+10
1.20500e-07 4.22362e+10
1.21500e-07 1.12410e+10
1.22500e-07 4.89018e+10
1.23500e-07 1.00203e+11
1.24500e-07 2.19006e+11
1.25500e-07 3.35512e+11
1.26500e-07 3.34231e+11
1.27500e-07 4.92991e+11
1.28500e-07 6.90799e+11
1.29500e-07 8.62716e+11
1.30500e-07 7.66877e+11
1.31500e-07 1.35745e+12
1.32500e-07 1.75496e+12
1.33500e-07 2.09532e+12
1.34500e-07 3.20935e+12
1.35500e-07 3.24936e+12
1.36500e-07 3.76078e+12
1.37500e-07 4.50353e+12
1.38500e-07 4.25726e+12
1.39500e-07 5.16555e+12
1.40500e-07 5.82742e+12
1.41500e-07 6.41010e+12
1.42500e-07 7.29816e+12
1.43500e-07 7.01440e+12
1.44200e-07 9.67062e+12
1.44700e-07 1.22888e+13
1.45500e-07 1.51790e+13
1.46500e-07 1.24612e+13
1.47500e-07 1.38725e+13
1.48500e-07 1.64474e+13
1.49500e-07 1.97364e+13
1.50500e-07 2.25703e+13
1.51200e-07 2.03844e+13
1.51700e-07 1.87539e+13
1.52500e-07 4.95984e+13
1.53500e-07 6.04870e+13
1.54500e-07 9.60408e+13
1.55500e-07 8.17394e+13
1.56500e-07 6.98864e+13
1.57500e-07 1.24680e+14
1.58500e-07 1.38082e+14
1.59500e-07 1.67602e+14
1.60500e-07 1.53996e+14
1.61500e-07 1.42131e+14
1.62500e-07 1.04666e+14
1.63500e-07 1.38222e+14
1.64500e-07 1.91788e+14
1.65500e-07 1.03068e+14
1.66500e-07 1.90769e+14
1.67200e-07 9.87461e+13
1.67700e-07 2.84136e+14
1.68500e-07 3.11471e+14
1.69500e-07 2.32094e+14
1.70500e-07 2.45994e+14
1.71500e-07 2.90077e+14
1.72500e-07 2.90028e+14
1.73500e-07 3.32449e+14
1.74500e-07 3.24060e+14
1.75500e-07 3.72838e+14
1.76500e-07 2.75822e+14
1.77500e-07 3.45196e+14
1.78500e-07 3.43030e+14
1.79500e-07 4.21334e+14
1.80500e-07 3.81468e+14
1.81500e-07 3.85831e+14
1.82500e-07 3.59184e+14
1.83500e-07 3.26896e+14
1.84500e-07 2.77698e+14
1.85500e-07 3.22534e+14
1.86500e-07 3.59885e+14
1.87500e-07 3.49767e+14
1.88500e-07 3.56064e+14
1.89500e-07 3.79686e+14
1.90500e-07 3.48658e+14
1.91500e-07 3.82101e+14
1.92500e-07 3.75589e+14
1.93500e-07 2.94454e+14
1.94500e-07 4.00728e+14
1.95500e-07 4.01360e+14
1.96700e-07 4.39992e+14
1.97600e-07 4.27821e+14
1.98400e-07 4.13640e+14
1.99500e-07 3.99322e+14
2.00500e-07 3.69953e+14
2.01500e-07 3.67691e+14
2.02500e-07 3.40310e+14
2.03500e-07 3.82450e+14
2.04500e-07 4.20004e+14
2.05500e-07 4.01136e+14
2.06500e-07 3.84308e+14
2.07400e-07 4.40072e+14
2.07800e-07 4.54362e+14
2.08500e-07 4.39479e+14
2.09500e-07 4.15568e+14
2.10500e-07 3.77434e+14
2.11500e-07 3.84940e+14
2.12500e-07 4.02474e+14
2.13500e-07 3.23313e+14
2.14500e-07 3.81969e+14
2.15500e-07 3.80411e+14
2.16500e-07 3.47408e+14
2.17500e-07 3.43902e+14
2.18500e-07 3.63188e+14
2.19500e-07 3.92750e+14
2.20500e-07 3.71274e+14
2.21500e-07 3.30265e+14
2.22500e-07 3.24975e+14
2.23500e-07 3.84006e+14
2.24500e-07 3.41425e+14
2.25500e-07 3.17897e+14
2.26500e-07 3.17034e+14
2.27500e-07 3.38653e+14
2.28500e-07 3.63683e+14
2.29500e-07 3.29278e+14
2.30500e-07 3.40190e+14
2.31500e-07 3.24464e+14
2.32500e-07 2.28688e+14
2.33500e-07 2.79752e+14
2.34500e-07 2.33388e+14
2.35500e-07 3.17292e+14
2.36500e-07 2.44929e+14
2.37500e-07 2.80386e+14
2.38500e-07 2.14598e+14
2.39500e-07 2.48676e+14
2.40500e-07 2.40152e+14
2.41500e-07 2.45162e+14
2.42500e-07 2.96509e+14
2.43500e-07 2.82667e+14
2.44500e-07 3.09834e+14
2.45500e-07 3.03527e+14
2.46500e-07 3.07108e+14
2.47500e-07 2.80425e+14
2.48500e-07 2.86036e+14
2.49500e-07 2.68195e+14
2.50500e-07 3.32734e+14
2.51300e-07 2.61557e+14
2.51800e-07 2.40691e+14
2.52500e-07 2.23481e+14
2.53500e-07 2.27508e+14
2.54500e-07 2.32081e+14
2.55500e-07 2.72367e+14
2.56500e-07 2.63571e+14
2.57500e-07 2.95606e+14
2.58500e-07 2.99254e+14
2.59500e-07 2.89131e+14
2.60500e-07 2.72787e+14
2.61500e-07 2.55880e+14
2.62500e-07 3.07038e+14
2.63500e-07 3.13203e+14
2.64500e-07 3.71969e+14
2.65500e-07 3.79150e+14
2.66500e-07 3.22592e+14
2.67500e-07 3.50652e+14
2.68500e-07 3.50496e+14
2.69500e-07 3.20113e+14
2.70500e-07 3.37517e+14
2.71500e-07 3.07702e+14
2.72500e-07 3.13195e+14
2.73500e-07 3.44139e+14
2.74500e-07 2.60286e+14
2.75500e-07 2.76625e+14
2.76500e-07 2.92407e+14
2.77500e-07 3.16213e+14
2.78500e-07 2.60721e+14
2.79500e-07 1.27790e+14
2.80500e-07 1.56021e+14
2.81500e-07 3.09900e+14
2.82500e-07 3.51904e+14
2.83500e-07 3.42315e+14
2.84500e-07 3.27811e+14
2.85500e-07 3.09116e+14
2.86500e-07 3.50692e+14
2.87500e-07 3.43854e+14
2.88500e-07 3.47517e+14
2.89500e-07 3.31347e+14
2.91000e-07 3.79751e+14
2.93000e-07 3.59704e+14
2.95000e-07 3.56280e+14
2.97000e-07 3.64571e+14
2.99000e-07 3.70641e+14
3.01000e-07 3.76651e+14
3.03000e-07 3.71380e+14
3.05000e-07 3.71603e+14
3.07000e-07 3.73189e+14
3.09000e-07 3.78147e+14
3.11000e-07 3.66946e+14
3.13000e-07 3.66186e+14
3.15000e-07 3.72171e+14
3.17000e-07 3.67021e+14
3.19000e-07 3.45462e+14
3.21000e-07 3.60062e+14
3.23000e-07 3.44560e+14
3.25000e-07 3.55983e+14
3.27000e-07 3.64015e+14
3.29000e-07 3.64615e+14
3.31000e-07 3.70022e+14
3.33000e-07 3.61989e+14
3.35000e-07 3.57512e+14
3.37000e-07 3.54177e+14
3.39000e-07 3.52600e+14
3.41000e-07 3.53822e+14
3.43000e-07 3.54062e+14
3.45000e-07 3.51805e+14
3.47000e-07 3.47605e+14
3.49000e-07 3.47251e+14
3.51000e-07 3.52968e+14
3.53000e-07 3.49766e+14
3.55000e-07 3.55760e+14
3.57000e-07 3.42504e+14
3.59000e-07 3.38815e+14
3.61000e-07 3.38887e+14
3.63000e-07 3.40710e+14
3.64000e-07 3.37873e+14
3.65000e-07 3.51153e+14
3.67000e-07 3.41323e+14
3.69000e-07 3.08554e+14
3.71000e-07 3.22479e+14
3.73000e-07 3.23661e+14
3.75000e-07 3.90567e+14
3.77000e-07 4.09309e+14
3.79000e-07 4.93544e+14
3.81000e-07 5.74980e+14
3.83000e-07 4.58403e+14
3.85000e-07 6.42113e+14
3.87000e-07 7.29117e+14
3.89000e-07 4.16387e+14
3.91000e-07 7.25857e+14
3.93000e-07 5.64624e+14
3.95000e-07 6.90634e+14
3.97000e-07 3.76781e+14
3.99000e-07 7.09702e+14
4.01000e-07 8.41898e+14
4.03000e-07 8.56620e+14
4.05000e-07 8.43150e+14
4.07000e-07 7.80802e+14
4.09000e-07 5.87050e+14
4.11000e-07 4.50905e+14
4.13000e-07 7.35686e+14
4.15000e-07 8.04931e+14
4.17000e-07 8.15276e+14
4.19000e-07 8.05730e+14
4.21000e-07 8.04979e+14
4.23000e-07 7.80268e+14
4.25000e-07 7.80492e+14
4.27000e-07 7.49870e+14
4.29000e-07 7.47766e+14
4.31000e-07 6.69009e+14
4.33000e-07 4.96208e+14
4.35000e-07 4.24582e+14
4.37000e-07 6.65935e+14
4.39000e-07 7.07891e+14
4.41000e-07 7.07664e+14
4.43000e-07 6.99676e+14
4.45000e-07 7.10104e+14
4.47000e-07 7.04782e+14
4.49000e-07 6.92370e+14
4.51000e-07 7.05042e+14
4.53000e-07 6.83262e+14
4.55000e-07 6.71591e+14
4.57000e-07 6.84179e+14
4.59000e-07 6.64479e+14
4.61000e-07 6.69131e+14
4.63000e-07 6.50921e+14
4.65000e-07 6.52390e+14
4.67000e-07 6.48386e+14
4.69000e-07 6.23240e+14
4.71000e-07 6.00704e+14
4.73000e-07 6.23840e+14
4.75000e-07 6.18848e+14
4.77000e-07 6.07891e+14
4.79000e-07 5.96980e+14
4.81000e-07 5.76833e+14
4.83000e-07 5.36006e+14
4.85000e-07 4.03036e+14
4.87000e-07 3.25759e+14
4.89000e-07 4.97080e+14
4.91000e-07 5.40403e+14
4.93000e-07 5.41995e+14
4.95000e-07 5.49694e+14
4.97000e-07 5.52233e+14
4.99000e-07 5.36407e+14
5.01000e-07 5.22122e+14
5.03000e-07 5.30218e+14
5.05000e-07 5.19748e+14
5.07000e-07 5.24259e+14
5.09000e-07 5.17850e+14
5.11000e-07 5.15362e+14
5.13000e-07 5.06141e+14
5.15000e-07 4.95584e+14
5.17000e-07 4.84202e+14
5.19000e-07 4.79876e+14
5.21000e-07 4.80987e+14
5.23000e-07 4.73955e+14
5.25000e-07 4.79837e+14
5.27000e-07 4.57347e+14
5.29000e-07 4.68044e+14
5.31000e-07 4.61385e+14
5.33000e-07 4.48885e+14
5.35000e-07 4.54919e+14
5.37000e-07 4.47553e+14
5.39000e-07 4.43563e+14
5.41000e-07 4.34948e+14
5.43000e-07 4.35174e+14
5.45000e-07 4.33850e+14
5.47000e-07 4.28908e+14
5.49000e-07 4.27139e+14
5.51000e-07 4.23647e+14
5.53000e-07 4.17200e+14
5.55000e-07 4.15764e+14
5.57000e-07 4.08886e+14
5.59000e-07 4.05350e+14
5.61000e-07 4.03220e+14
5.63000e-07 4.01049e+14
5.65000e-07 3.97058e+14
5.67000e-07 3.91157e+14
5.69000e-07 3.89575e+14
5.71000e-07 3.85603e+14
5.73000e-07 3.85096e+14
5.75000e-07 3.79232e+14
5.77000e-07 3.76743e+14
5.79000e-07 3.72762e+14
5.81000e-07 3.69743e+14
5.83000e-07 3.66867e+14
5.85000e-07 3.63020e+14
5.87000e-07 3.59358e+14
5.89000e-07 3.52187e+14
5.91000e-07 3.52817e+14
5.93000e-07 3.49809e+14
5.95000e-07 3.46461e+14
5.97000e-07 3.43615e+14
5.99000e-07 3.39497e+14
6.01000e-07 3.35072e+14
6.03000e-07 3.33288e+14
6.05000e-07 3.30986e+14
6.07000e-07 3.28859e+14
6.09000e-07 3.25006e+14
6.11000e-07 3.21570e+14
6.13000e-07 3.16548e+14
6.15000e-07 3.10936e+14
6.17000e-07 3.11022e+14
6.19000e-07 3.11119e+14
6.21000e-07 3.08298e+14
6.23000e-07 3.04254e+14
6.25000e-07 2.97777e+14
6.27000e-07 3.00423e+14
6.29000e-07 2.97849e+14
6.31000e-07 2.93362e+14
6.33000e-07 2.91520e+14
6.35000e-07 2.86370e+14
6.37000e-07 2.84649e+14
6.39000e-07 2.83544e+14
6.41000e-07 2.79072e+14
6.43000e-07 2.77639e+14
6.45000e-07 2.72425e+14
6.47000e-07 2.71643e+14
6.49000e-07 2.65947e+14
6.51000e-07 2.61159e+14
6.53000e-07 2.48280e+14
6.55000e-07 2.09517e+14
6.56125e-07 1.68322e+14
6.59000e-07 2.31262e+14
6.61000e-07 2.47868e+14
6.63000e-07 2.51568e+14
6.65000e-07 2.51591e+14
6.67000e-07 2.50355e+14
6.69000e-07 2.49290e+14
6.71000e-07 2.47455e+14
6.73000e-07 2.45337e+14
6.75000e-07 2.43125e+14
6.77000e-07 2.42159e+14
6.79000e-07 2.40056e+14
6.81000e-07 2.38031e+14
6.83000e-07 2.35751e+14
6.85000e-07 2.33718e+14
6.87000e-07 2.32295e+14
6.89000e-07 2.30425e+14
6.91000e-07 2.28438e+14
6.93000e-07 2.26486e+14
6.95000e-07 2.24701e+14
6.97000e-07 2.22715e+14
6.99000e-07 2.21188e+14
7.01000e-07 2.18065e+14
7.03000e-07 2.16910e+14
7.05000e-07 2.15529e+14
7.07000e-07 2.13950e+14
7.09000e-07 2.12257e+14
7.11000e-07 2.06809e+14
7.13000e-07 2.07689e+14
7.15000e-07 2.06484e+14
7.17000e-07 2.04711e+14
7.19000e-07 2.02947e+14
7.21000e-07 2.01670e+14
7.23000e-07 1.99980e+14
7.25000e-07 1.98097e+14
7.27000e-07 1.97258e+14
7.29000e-07 1.94802e+14
7.31000e-07 1.93730e+14
7.33000e-07 1.92211e+14
7.35000e-07 1.91181e+14
7.37000e-07 1.89715e+14
7.39000e-07 1.87544e+14
7.41000e-07 1.84584e+14
7.43000e-07 1.83742e+14
7.45000e-07 1.82838e+14
7.47000e-07 1.80537e+14
7.49000e-07 1.79669e+14
7.51000e-07 1.79013e+14
7.53000e-07 1.77838e+14
7.55000e-07 1.76910e+14
7.57000e-07 1.75345e+14
7.59000e-07 1.74030e+14
7.61000e-07 1.72681e+14
7.63000e-07 1.71408e+14
7.65000e-07 1.69863e+14
7.67000e-07 1.67812e+14
7.69000e-07 1.67094e+14
7.71000e-07 1.65664e+14
7.73000e-07 1.64965e+14
7.75000e-07 1.63406e+14
7.77000e-07 1.58878e+14
7.79000e-07 1.61434e+14
7.81000e-07 1.60010e+14
7.83000e-07 1.58265e+14
7.85000e-07 1.56647e+14
7.87000e-07 1.55657e+14
7.89000e-07 1.54233e+14
7.91000e-07 1.53171e+14
7.93000e-07 1.52034e+14
7.95000e-07 1.50513e+14
7.97000e-07 1.50785e+14
7.99000e-07 1.48119e+14
8.01000e-07 1.48126e+14
8.03000e-07 1.46933e+14
8.05000e-07 1.46001e+14
8.07000e-07 1.44942e+14
8.09000e-07 1.43841e+14
8.11000e-07 1.43121e+14
8.13000e-07 1.42190e+14
8.15000e-07 1.41130e+14
8.17000e-07 1.40112e+14
8.19000e-07 1.37283e+14
8.21000e-07 1.36950e+14
8.23000e-07 1.35913e+14
8.25000e-07 1.35271e+14
8.27000e-07 1.35692e+14
8.29000e-07 1.34611e+14
8.31000e-07 1.33440e+14
8.33000e-07 1.31269e+14
8.35000e-07 1.31008e+14
8.37000e-07 1.30022e+14
8.39000e-07 1.27846e+14
8.41000e-07 1.26530e+14
8.43000e-07 1.24775e+14
8.45000e-07 1.22117e+14
8.47000e-07 1.20947e+14
8.49000e-07 1.21057e+14
8.51000e-07 1.15573e+14
8.53000e-07 1.20836e+14
8.55000e-07 1.08980e+14
8.57000e-07 1.21896e+14
8.59000e-07 1.13344e+14
8.61000e-07 1.11446e+14
8.63000e-07 1.22007e+14
8.65000e-07 1.15936e+14
8.67000e-07 9.85067e+13
8.69000e-07 1.16727e+14
8.71000e-07 1.22016e+14
8.73000e-07 1.15823e+14
8.75000e-07 9.51784e+13
8.77000e-07 1.10776e+14
8.79000e-07 1.20151e+14
8.81000e-07 1.20825e+14
8.83000e-07 1.16210e+14
8.85000e-07 1.03910e+14
8.87000e-07 9.00588e+13
8.89000e-07 1.11062e+14
8.91000e-07 1.16790e+14
8.93000e-07 1.17996e+14
8.95000e-07 1.18452e+14
8.97000e-07 1.15312e+14
8.99000e-07 1.08409e+14
9.01000e-07 8.70034e+13
9.03000e-07 9.48145e+13
9.05000e-07 1.08752e+14
9.07000e-07 1.10416e+14
9.09000e-07 1.10168e+14
9.11000e-07 1.12876e+14
9.13000e-07 1.13041e+14
9.15000e-07 1.12255e+14
9.17000e-07 1.09920e+14
9.19000e-07 1.05722e+14
9.21000e-07 9.65586e+13
9.23000e-07 7.62766e+13
9.25000e-07 9.27841e+13
9.27000e-07 1.00376e+14
9.29000e-07 1.05593e+14
9.31000e-07 1.06570e+14
9.33000e-07 1.06390e+14
9.35000e-07 1.06155e+14
9.37000e-07 1.05724e+14
9.39000e-07 1.04351e+14
9.41000e-07 1.01032e+14
9.43000e-07 1.02672e+14
9.45000e-07 1.01832e+14
9.47000e-07 1.00764e+14
9.49000e-07 9.86835e+13
9.51000e-07 9.45657e+13
9.53000e-07 8.53919e+13
9.55000e-07 6.91025e+13
9.57000e-07 8.61316e+13
9.59000e-07 9.29208e+13
9.61000e-07 9.44925e+13
9.63000e-07 9.42182e+13
9.65000e-07 9.54180e+13
9.67000e-07 9.42744e+13
9.69000e-07 9.43149e+13
9.71000e-07 9.47059e+13
9.73000e-07 9.40186e+13
9.75000e-07 9.30744e+13
9.77000e-07 9.29385e+13
9.79000e-07 9.23548e+13
9.81000e-07 9.17006e+13
9.83000e-07 9.09497e+13
9.85000e-07 8.99323e+13
9.87000e-07 8.93091e+13
9.89000e-07 8.82780e+13
9.91000e-07 8.79489e+13
9.93000e-07 8.73467e+13
9.95000e-07 8.65735e+13
9.97000e-07 8.56997e+13
9.99000e-07 8.39866e+13
1.00250e-06 7.47608e+13
1.00750e-06 7.09364e+13
1.01250e-06 8.03728e+13
1.01750e-06 8.09312e+13
1.02250e-06 8.02678e+13
1.02750e-06 7.92423e+13
1.03250e-06 7.79042e+13
1.03750e-06 7.67561e+13
1.04250e-06 7.55363e+13
1.04750e-06 7.36873e+13
1.05250e-06 7.28290e+13
1.05750e-06 7.19298e+13
1.06250e-06 7.08172e+13
1.06750e-06 6.84363e+13
1.07250e-06 6.81403e+13
1.07750e-06 6.71200e+13
1.08250e-06 6.57458e+13
1.08750e-06 6.32601e+13
1.09250e-06 5.24778e+13
1.09750e-06 5.74679e+13
1.10250e-06 6.16465e+13
1.10750e-06 6.16839e+13
1.11250e-06 6.09024e+13
1.11750e-06 6.01595e+13
1.12250e-06 5.94185e+13
1.12750e-06 5.75117e+13
1.13250e-06 5.67700e+13
1.13750e-06 5.66010e+13
1.14250e-06 5.55496e+13
1.14750e-06 5.52669e+13
1.15250e-06 5.45331e+13
1.15750e-06 5.36834e+13
1.16250e-06 5.23529e+13
1.16750e-06 5.13112e+13
1.17250e-06 5.14883e+13
1.17750e-06 4.97641e+13
1.18250e-06 4.95596e+13
1.18750e-06 4.85848e+13
1.19250e-06 4.87372e+13
1.19750e-06 4.75535e+13
1.20250e-06 4.72083e+13
1.20750e-06 4.63919e+13
1.21250e-06 4.58332e+13
1.21750e-06 4.53788e+13
1.22250e-06 4.46857e+13
1.22750e-06 4.40098e+13
1.23250e-06 4.34377e+13
1.23750e-06 4.29250e+13
1.24250e-06 4.24485e+13
1.24750e-06 4.17531e+13
1.25250e-06 4.11850e+13
1.25750e-06 4.03102e+13
1.26250e-06 3.98757e+13
1.26750e-06 3.93554e+13
1.27250e-06 3.84558e+13
1.27750e-06 3.61771e+13
1.28250e-06 3.05428e+13
1.28750e-06 3.56854e+13
1.29250e-06 3.65555e+13
1.29750e-06 3.64198e+13
1.30250e-06 3.60740e+13
1.30750e-06 3.57127e+13
1.31250e-06 3.52225e+13
1.31750e-06 3.46518e+13
1.32250e-06 3.43838e+13
1.32750e-06 3.39350e+13
1.33250e-06 3.35217e+13
1.33750e-06 3.30820e+13
1.34250e-06 3.26625e+13
1.34750e-06 3.22442e+13
1.35250e-06 3.17612e+13
1.35750e-06 3.13375e+13
1.36250e-06 3.10349e+13
1.36750e-06 3.06049e+13
1.37250e-06 2.99943e+13
1.37750e-06 2.98227e+13
1.38250e-06 2.94713e+13
1.38750e-06 2.92006e+13
1.39250e-06 2.87115e+13
1.39750e-06 2.84350e+13
1.40250e-06 2.80967e+13
1.40750e-06 2.77833e+13
1.41250e-06 2.73868e+13
1.41750e-06 2.70946e+13
1.42250e-06 2.67294e+13
1.42750e-06 2.63854e+13
1.43250e-06 2.61079e+13
1.43750e-06 2.58354e+13
1.44250e-06 2.50447e+13
1.44750e-06 2.51812e+13
1.45250e-06 2.46439e+13
1.45700e-06 2.46001e+13
1.46200e-06 2.42753e+13
1.46750e-06 2.40324e+13
1.47250e-06 2.37114e+13
1.47750e-06 2.33441e+13
1.48250e-06 2.31492e+13
1.48750e-06 2.27810e+13
1.49250e-06 2.27233e+13
1.49750e-06 2.23786e+13
1.50250e-06 2.20414e+13
1.50750e-06 2.17313e+13
1.51250e-06 2.15763e+13
1.51750e-06 2.12740e+13
1.52250e-06 2.09574e+13
1.52750e-06 2.07122e+13
1.53250e-06 2.03928e+13
1.53750e-06 2.01823e+13
1.54250e-06 1.97445e+13
1.54750e-06 1.96706e+13
1.55250e-06 1.93956e+13
1.55750e-06 1.89359e+13
1.56250e-06 1.92485e+13
1.56750e-06 1.85371e+13
1.57250e-06 1.81528e+13
1.57750e-06 1.86117e+13
1.58250e-06 1.83604e+13
1.58750e-06 1.69982e+13
1.59250e-06 1.77294e+13
1.59750e-06 1.82401e+13
1.60500e-06 1.74046e+13
1.61500e-06 1.64271e+13
1.62500e-06 1.72214e+13
1.63500e-06 1.61587e+13
1.64500e-06 1.51944e+13
1.65500e-06 1.61887e+13
1.66500e-06 1.58834e+13
1.67500e-06 1.47422e+13
1.68500e-06 1.37863e+13
1.69500e-06 1.48593e+13
1.70500e-06 1.46142e+13
1.71500e-06 1.43418e+13
1.72500e-06 1.37532e+13
1.73500e-06 1.19938e+13
1.74500e-06 1.29300e+13
1.75500e-06 1.30827e+13
1.76500e-06 1.28575e+13
1.77500e-06 1.26401e+13
1.78500e-06 1.23652e+13
1.79500e-06 1.21296e+13
1.80500e-06 1.16869e+13
1.81500e-06 1.02730e+13
1.82500e-06 1.08503e+13
1.83500e-06 1.11145e+13
1.84500e-06 1.09360e+13
1.85500e-06 1.06786e+13
1.86500e-06 1.03124e+13
1.87500e-06 8.99267e+12
1.88500e-06 9.84187e+12
1.89500e-06 9.82996e+12
1.90500e-06 9.74074e+12
1.91500e-06 9.54692e+12
1.92500e-06 9.32843e+12
1.93500e-06 8.96060e+12
1.94500e-06 7.85034e+12
1.95500e-06 8.62975e+12
1.96500e-06 8.64937e+12
1.97500e-06 8.50357e+12
1.98500e-06 8.37747e+12
1.99500e-06 8.22394e+12
2.00500e-06 8.07538e+12
2.01500e-06 7.93029e+12
2.02500e-06 7.77720e+12
2.03500e-06 7.62772e+12
2.04500e-06 7.50403e+12
2.05500e-06 7.36587e+12
2.06500e-06 7.22093e+12
2.07500e-06 7.09638e+12
2.08500e-06 6.97275e+12
2.09500e-06 6.84600e+12
2.10500e-06 6.72525e+12
2.11500e-06 6.58912e+12
2.12500e-06 6.47319e+12
2.13500e-06 6.35145e+12
2.14500e-06 6.23358e+12
2.15500e-06 6.02254e+12
2.16500e-06 5.31070e+12
2.17500e-06 5.75015e+12
2.18500e-06 5.80243e+12
2.19500e-06 5.74038e+12
2.20500e-06 5.64279e+12
2.21500e-06 5.54420e+12
2.22500e-06 5.46708e+12
2.23500e-06 5.37528e+12
2.24500e-06 5.28571e+12
2.25500e-06 5.18611e+12
2.26500e-06 5.10958e+12
2.27500e-06 5.02676e+12
2.28500e-06 4.96172e+12
2.29500e-06 4.94747e+12
2.30500e-06 4.87195e+12
2.31500e-06 4.77997e+12
2.32500e-06 4.69559e+12
2.33500e-06 4.60750e+12
2.34500e-06 4.52547e+12
2.35500e-06 4.44453e+12
2.36500e-06 4.36722e+12
2.37500e-06 4.28717e+12
2.38500e-06 4.21275e+12
2.39500e-06 4.14139e+12
2.40500e-06 4.07250e+12
2.41500e-06 4.00028e+12
2.42500e-06 3.93411e+12
2.43500e-06 3.87352e+12
2.44500e-06 3.80334e+12
2.45500e-06 3.75029e+12
2.46500e-06 3.68322e+12
2.47500e-06 3.63389e+12
2.48500e-06 3.58171e+12
2.49500e-06 3.50222e+12
2.50500e-06 3.52936e+12
2.51500e-06 3.44281e+12
2.52500e-06 3.32761e+12
2.53500e-06 3.32439e+12
2.54500e-06 3.29860e+12
2.55500e-06 3.21605e+12
2.56500e-06 3.10055e+12
2.57500e-06 3.13464e+12
2.58500e-06 3.11020e+12
2.59500e-06 3.06379e+12
2.60500e-06 2.95765e+12
2.61500e-06 2.82059e+12
2.62500e-06 2.61014e+12
2.63500e-06 2.81603e+12
2.64500e-06 2.84868e+12
2.65500e-06 2.81213e+12
2.66500e-06 2.73235e+12
2.67500e-06 2.58044e+12
2.68500e-06 2.66102e+12
2.69500e-06 2.66848e+12
2.70500e-06 2.64055e+12
2.71500e-06 2.60734e+12
2.72500e-06 2.56967e+12
2.73500e-06 2.52674e+12
2.74500e-06 2.46551e+12
2.75500e-06 2.29696e+12
2.76500e-06 2.33330e+12
2.77500e-06 2.37957e+12
2.78500e-06 2.36324e+12
2.79500e-06 2.33758e+12
2.80500e-06 2.30864e+12
2.81500e-06 2.27772e+12
2.82500e-06 2.24652e+12
2.83500e-06 2.21406e+12
2.84500e-06 2.17604e+12
2.85500e-06 2.13669e+12
2.86500e-06 2.04878e+12
2.87500e-06 1.91824e+12
2.88500e-06 2.03070e+12
2.89500e-06 2.03203e+12
2.90500e-06 2.01489e+12
2.91500e-06 1.98859e+12
2.92500e-06 1.96638e+12
2.93500e-06 1.94172e+12
2.94500e-06 1.91648e+12
2.95500e-06 1.89197e+12
2.96500e-06 1.86770e+12
2.97500e-06 1.84359e+12
2.98500e-06 1.82014e+12
2.99500e-06 1.79566e+12
3.00500e-06 1.76954e+12
3.01500e-06 1.74121e+12
3.02500e-06 1.70151e+12
3.03500e-06 1.57384e+12
3.04500e-06 1.58916e+12
3.05500e-06 1.64364e+12
3.06500e-06 1.63682e+12
3.07500e-06 1.62173e+12
3.08500e-06 1.60070e+12
3.09500e-06 1.58298e+12
3.10500e-06 1.56326e+12
3.11500e-06 1.54152e+12
3.12500e-06 1.52434e+12
3.13500e-06 1.50666e+12
3.14500e-06 1.48757e+12
3.15500e-06 1.47085e+12
3.16500e-06 1.45412e+12
3.17500e-06 1.43500e+12
3.18500e-06 1.41936e+12
3.19500e-06 1.40218e+12
3.21000e-06 1.37690e+12
3.23000e-06 1.34491e+12
3.25000e-06 1.31286e+12
3.27000e-06 1.27515e+12
3.29000e-06 1.17069e+12
3.31000e-06 1.19716e+12
3.33000e-06 1.19839e+12
3.35000e-06 1.17479e+12
3.37000e-06 1.14470e+12
3.39000e-06 1.11858e+12
3.41000e-06 1.09312e+12
3.43000e-06 1.06894e+12
3.45000e-06 1.04551e+12
3.47000e-06 1.02166e+12
3.49000e-06 9.98389e+11
3.51000e-06 9.76280e+11
3.53000e-06 9.54426e+11
3.55000e-06 9.33777e+11
3.57000e-06 9.12378e+11
3.59000e-06 8.92974e+11
3.61000e-06 8.73596e+11
3.63000e-06 8.55391e+11
3.65000e-06 8.36088e+11
3.67000e-06 8.20232e+11
3.69000e-06 7.98056e+11
3.71000e-06 7.83700e+11
3.73000e-06 7.43312e+11
3.75000e-06 7.18286e+11
3.77000e-06 7.37324e+11
3.79000e-06 7.25524e+11
3.81000e-06 7.04794e+11
3.83000e-06 6.92265e+11
3.85000e-06 6.84609e+11
3.87000e-06 6.70508e+11
3.89000e-06 6.53598e+11
3.91000e-06 6.32932e+11
3.93000e-06 6.31043e+11
3.95000e-06 6.21506e+11
3.97000e-06 6.10383e+11
3.99000e-06 5.97417e+11
4.01000e-06 5.75213e+11
4.03000e-06 5.61307e+11
4.05000e-06 5.30902e+11
4.07000e-06 5.48417e+11
4.09000e-06 5.42054e+11
4.11000e-06 5.33602e+11
4.13000e-06 5.22549e+11
4.15000e-06 5.09256e+11
4.17000e-06 4.86054e+11
4.19000e-06 4.90073e+11
4.21000e-06 4.84599e+11
4.23000e-06 4.77395e+11
4.25000e-06 4.68637e+11
4.27000e-06 4.60290e+11
4.29000e-06 4.51996e+11
4.31000e-06 4.43877e+11
4.33000e-06 4.35526e+11
4.35000e-06 4.25637e+11
4.37000e-06 4.04134e+11
4.39000e-06 4.05210e+11
4.41000e-06 4.04410e+11
4.43000e-06 3.98751e+11
4.45000e-06 3.91883e+11
4.47000e-06 3.86461e+11
4.49000e-06 3.79737e+11
4.51000e-06 3.73358e+11
4.53000e-06 3.66929e+11
4.55000e-06 3.60708e+11
4.57000e-06 3.54473e+11
4.59000e-06 3.48404e+11
4.61000e-06 3.41736e+11
4.63000e-06 3.33658e+11
4.65000e-06 3.09626e+11
4.67000e-06 3.06996e+11
4.69000e-06 3.15259e+11
4.71000e-06 3.13997e+11
4.73000e-06 3.09984e+11
4.75000e-06 3.04891e+11
4.77000e-06 3.00021e+11
4.79000e-06 2.95239e+11
4.81000e-06 2.90460e+11
4.83000e-06 2.85799e+11
4.85000e-06 2.81236e+11
4.87000e-06 2.76755e+11
4.89000e-06 2.72369e+11
4.91000e-06 2.67998e+11
4.93000e-06 2.63829e+11
4.95000e-06 2.59687e+11
4.97000e-06 2.55634e+11
4.99000e-06 2.51637e+11
5.01000e-06 2.47756e+11
5.03000e-06 2.43898e+11
5.05000e-06 2.40183e+11
5.07000e-06 2.36504e+11
5.09000e-06 2.32220e+11
5.11000e-06 2.26078e+11
5.13000e-06 2.12780e+11
5.15000e-06 2.20094e+11
5.17000e-06 2.18704e+11
5.19000e-06 2.15861e+11
5.21000e-06 2.12625e+11
5.23000e-06 2.09473e+11
5.25000e-06 2.06390e+11
5.27000e-06 2.03334e+11
5.29000e-06 2.00346e+11
5.31000e-06 1.97410e+11
5.33000e-06 1.94539e+11
5.35000e-06 1.91705e+11
5.37000e-06 1.88882e+11
5.39000e-06 1.86186e+11
5.41000e-06 1.83525e+11
5.43000e-06 1.80859e+11
5.45000e-06 1.78291e+11
5.47000e-06 1.75706e+11
5.49000e-06 1.73265e+11
5.51000e-06 1.70831e+11
5.53000e-06 1.68415e+11
5.55000e-06 1.66054e+11
5.57000e-06 1.63698e+11
5.59000e-06 1.61347e+11
5.61000e-06 1.59193e+11
5.63000e-06 1.57006e+11
5.65000e-06 1.54846e+11
5.67000e-06 1.52713e+11
5.69000e-06 1.50629e+11
5.71000e-06 1.48582e+11
5.73000e-06 1.46548e+11
5.75000e-06 1.44573e+11
5.77000e-06 1.42611e+11
5.79000e-06 1.40672e+11
5.81000e-06 1.38802e+11
5.83000e-06 1.36953e+11
5.85000e-06 1.35325e+11
5.87000e-06 1.33059e+11
5.89000e-06 1.29649e+11
5.91000e-06 1.22161e+11
5.93000e-06 1.26877e+11
5.95000e-06 1.26206e+11
5.97000e-06 1.24982e+11
5.99000e-06 1.23350e+11
6.01000e-06 1.21738e+11
6.03000e-06 1.20186e+11
6.05000e-06 1.18631e+11
6.07000e-06 1.17104e+11
6.09000e-06 1.15585e+11
6.11000e-06 1.14062e+11
6.13000e-06 1.12668e+11
6.15000e-06 1.11239e+11
6.17000e-06 1.09836e+11
6.19000e-06 1.08439e+11
6.21000e-06 1.07087e+11
6.23000e-06 1.05692e+11
6.25000e-06 1.04400e+11
6.27000e-06 1.03092e+11
6.29000e-06 1.01829e+11
6.31000e-06 1.00541e+11
6.33000e-06 9.93046e+10
6.35000e-06 9.80915e+10
6.37000e-06 9.69008e+10
6.39000e-06 9.57047e+10
6.42000e-06 9.39715e+10
6.46000e-06 9.17010e+10
6.50000e-06 8.94969e+10
6.54000e-06 8.73802e+10
6.58000e-06 8.53065e+10
6.62000e-06 8.32936e+10
6.66000e-06 8.13457e+10
6.70000e-06 7.94558e+10
6.74000e-06 7.76149e+10
6.78000e-06 7.58331e+10
6.82000e-06 7.40981e+10
6.86000e-06 7.24088e+10
6.90000e-06 7.07558e+10
6.94000e-06 6.91658e+10
6.98000e-06 6.76207e+10
7.02000e-06 6.61199e+10
7.06000e-06 6.46555e+10
7.10000e-06 6.32505e+10
7.14000e-06 6.18573e+10
7.18000e-06 6.05138e+10
7.22000e-06 5.91730e+10
7.26000e-06 5.79231e+10
7.30000e-06 5.66955e+10
7.34000e-06 5.54814e+10
7.38000e-06 5.43096e+10
7.42000e-06 5.29325e+10
7.46000e-06 5.00431e+10
7.50000e-06 4.89288e+10
7.54000e-06 4.96528e+10
7.58000e-06 4.88770e+10
7.62000e-06 4.78851e+10
7.66000e-06 4.69086e+10
7.70000e-06 4.59568e+10
7.74000e-06 4.50309e+10
7.78000e-06 4.41265e+10
7.82000e-06 4.32444e+10
7.86000e-06 4.23840e+10
7.90000e-06 4.15448e+10
7.94000e-06 4.07257e+10
7.98000e-06 3.99268e+10
8.02000e-06 3.91459e+10
8.06000e-06 3.83854e+10
8.10000e-06 3.76461e+10
8.14000e-06 3.69182e+10
8.18000e-06 3.62123e+10
8.22000e-06 3.55251e+10
8.26000e-06 3.48511e+10
8.30000e-06 3.41934e+10
8.34000e-06 3.35412e+10
8.38000e-06 3.29095e+10
8.42000e-06 3.23038e+10
8.46000e-06 3.17116e+10
8.50000e-06 3.11286e+10
8.54000e-06 3.05552e+10
8.58000e-06 2.99971e+10
8.62000e-06 2.94507e+10
8.66000e-06 2.89200e+10
8.70000e-06 2.83989e+10
8.74000e-06 2.78885e+10
8.78000e-06 2.73906e+10
8.82000e-06 2.69006e+10
8.86000e-06 2.64245e+10
8.90000e-06 2.59593e+10
8.94000e-06 2.55050e+10
8.98000e-06 2.50573e+10
9.02000e-06 2.46221e+10
9.06000e-06 2.41968e+10
9.10000e-06 2.37771e+10
9.14000e-06 2.33697e+10
9.18000e-06 2.29711e+10
9.22000e-06 2.25799e+10
9.26000e-06 2.21967e+10
9.30000e-06 2.18220e+10
9.34000e-06 2.14545e+10
9.38000e-06 2.10955e+10
9.42000e-06 2.07435e+10
9.46000e-06 2.03988e+10
9.50000e-06 2.00613e+10
9.54000e-06 1.97282e+10
9.58000e-06 1.94074e+10
9.62000e-06 1.90892e+10
9.66000e-06 1.87797e+10
9.70000e-06 1.84750e+10
9.74000e-06 1.81750e+10
9.78000e-06 1.78837e+10
9.82000e-06 1.75968e+10
9.86000e-06 1.73172e+10
9.90000e-06 1.70422e+10
9.94000e-06 1.67723e+10
9.98000e-06 1.65068e+10
1.00200e-05 1.62478e+10
2.00000e-05 1.04015e+09
4.00000e-05 6.47223e+07
6.00000e-05 1.26770e+07
8.00000e-05 3.98028e+06
1.00000e-04 1.61926e+06
1.20000e-04 7.76274e+05
1.40000e-04 4.16845e+05
1.60000e-04 2.43227e+05
