9.09000e-09 0.00000e+00
9.35000e-09 0.00000e+00
9.61000e-09 0.00000e+00
9.77000e-09 0.00000e+00
9.96000e-09 0.00000e+00
1.02000e-08 0.00000e+00
1.03800e-08 0.00000e+00
1.05600e-08 0.00000e+00
1.07700e-08 0.00000e+00
1.10400e-08 0.00000e+00
1.14000e-08 0.00000e+00
1.17800e-08 0.00000e+00
1.21300e-08 0.00000e+00
1.24800e-08 0.00000e+00
1.27100e-08 0.00000e+00
1.28400e-08 0.00000e+00
1.30500e-08 0.00000e+00
1.32400e-08 0.00000e+00
1.33900e-08 0.00000e+00
1.36600e-08 0.00000e+00
1.39800e-08 0.00000e+00
1.43300e-08 0.00000e+00
1.47200e-08 0.00000e+00
1.51000e-08 0.00000e+00
1.55200e-08 0.00000e+00
1.58800e-08 0.00000e+00
1.62000e-08 0.00000e+00
1.66000e-08 0.00000e+00
1.70300e-08 0.00000e+00
1.73400e-08 0.00000e+00
1.76800e-08 0.00000e+00
1.80200e-08 0.00000e+00
1.81700e-08 0.00000e+00
1.86100e-08 0.00000e+00
1.91000e-08 0.00000e+00
1.93900e-08 0.00000e+00
1.98400e-08 0.00000e+00
2.01800e-08 0.00000e+00
2.05000e-08 0.00000e+00
2.10500e-08 0.00000e+00
2.16200e-08 0.00000e+00
2.19800e-08 0.00000e+00
2.23000e-08 0.00000e+00
2.26800e-08 0.00000e+00
2.30000e-08 6.75672e-07
2.34000e-08 1.76648e-06
2.40000e-08 6.99633e-06
2.46500e-08 2.88837e-05
2.52400e-08 9.85383e-05
2.56800e-08 2.37614e-04
2.60000e-08 4.43020e-04
2.64000e-08 9.45718e-04
2.68500e-08 2.15198e-03
2.73500e-08 5.19852e-03
2.78500e-08 1.22473e-02
2.84000e-08 3.03291e-02
2.90000e-08 7.83698e-02
2.96000e-08 1.94342e-01
3.01000e-08 4.05168e-01
3.08000e-08 1.08817e+00
3.18000e-08 4.14417e+00
3.28000e-08 1.45532e+01
3.38000e-08 4.76173e+01
3.48000e-08 1.45694e+02
3.57000e-08 3.82409e+02
3.66000e-08 9.48773e+02
3.75000e-08 2.24305e+03
3.85000e-08 5.58570e+03
3.95000e-08 1.32556e+04
4.05000e-08 3.01591e+04
4.14000e-08 6.11750e+04
4.22000e-08 1.11551e+05
4.30000e-08 1.98222e+05
4.41000e-08 4.26725e+05
4.51000e-08 8.25525e+05
4.60000e-08 1.45718e+06
4.70000e-08 2.67071e+06
4.80000e-08 4.76554e+06
4.90000e-08 8.31176e+06
5.00000e-08 1.41444e+07
5.06000e-08 7.90155e+08
5.12000e-08 2.15121e+09
5.20000e-08 2.92036e+09
5.30000e-08 4.31678e+09
5.40000e-08 5.67563e+09
5.50000e-08 8.76543e+09
5.60000e-08 1.19909e+10
5.70000e-08 1.66044e+10
5.80000e-08 2.04234e+10
5.90000e-08 3.00075e+10
6.00000e-08 3.98539e+10
6.10000e-08 5.30521e+10
6.20000e-08 6.71235e+10
6.30000e-08 8.66423e+10
6.40000e-08 1.06572e+11
6.50000e-08 1.35668e+11
6.58000e-08 1.63478e+11
6.65000e-08 1.86762e+11
6.75000e-08 2.27258e+11
6.85000e-08 2.80943e+11
6.95000e-08 3.46332e+11
7.05000e-08 4.16937e+11
7.16000e-08 5.06230e+11
7.26000e-08 6.06484e+11
7.35000e-08 7.00776e+11
7.45000e-08 8.39426e+11
7.55000e-08 9.92872e+11
7.65000e-08 1.15776e+12
7.75000e-08 1.36416e+12
7.85000e-08 1.58719e+12
7.95000e-08 1.81551e+12
8.05000e-08 2.09589e+12
8.15000e-08 2.38179e+12
8.25000e-08 2.74196e+12
8.35000e-08 3.05264e+12
8.45000e-08 3.50569e+12
8.55000e-08 3.96677e+12
8.65000e-08 4.49569e+12
8.75000e-08 5.06129e+12
8.85000e-08 5.74361e+12
8.95000e-08 6.40704e+12
9.05000e-08 6.95481e+12
9.15000e-08 2.21730e+13
9.25000e-08 8.79056e+13
9.35000e-08 1.56979e+14
9.45000e-08 5.60482e+14
9.55000e-08 2.99001e+15
9.65000e-08 4.66248e+15
9.75000e-08 9.94390e+14
9.85000e-08 1.09269e+16
9.95000e-08 1.15185e+16
1.00500e-07 1.64250e+16
1.01500e-07 1.04288e+16
1.02500e-07 6.07143e+14
1.03500e-07 5.51261e+15
1.04500e-07 2.01408e+16
1.05500e-07 2.34617e+16
1.06500e-07 1.88451e+16
1.07500e-07 2.29665e+16
1.08500e-07 1.80943e+16
1.09500e-07 2.29383e+16
1.10500e-07 2.29424e+16
1.11500e-07 2.11270e+16
1.12500e-07 2.16390e+16
1.13500e-07 2.49935e+16
1.14500e-07 2.18942e+16
1.15500e-07 2.38200e+16
1.16500e-07 2.59920e+16
1.17500e-07 2.24768e+16
1.18500e-07 2.46003e+16
1.19500e-07 1.05287e+16
1.20500e-07 8.35928e+15
1.21500e-07 1.03047e+15
1.22500e-07 6.65230e+15
1.23500e-07 2.24827e+16
1.24500e-07 2.72967e+16
1.25500e-07 2.52178e+16
1.26500e-07 1.68994e+16
1.27500e-07 2.75197e+16
1.28500e-07 2.92605e+16
1.29500e-07 2.31426e+16
1.30500e-07 2.17224e+16
1.31500e-07 2.72980e+16
1.32500e-07 2.59025e+16
1.33500e-07 2.23114e+16
1.34500e-07 2.70622e+16
1.35500e-07 2.56013e+16
1.36500e-07 2.28377e+16
1.37500e-07 2.45790e+16
1.38500e-07 2.51818e+16
1.39500e-07 2.43323e+16
1.40500e-07 2.48059e+16
1.41500e-07 2.30378e+16
1.42500e-07 2.36321e+16
1.43500e-07 2.28136e+16
1.44200e-07 2.41218e+16
1.44700e-07 2.44411e+16
1.45500e-07 2.36908e+16
1.46500e-07 2.22258e+16
1.47500e-07 2.14562e+16
1.48500e-07 2.13800e+16
1.49500e-07 2.18569e+16
1.50500e-07 2.08472e+16
1.51200e-07 1.90133e+16
1.51700e-07 2.03075e+16
1.52500e-07 1.89675e+16
1.53500e-07 1.70200e+16
1.54500e-07 1.93035e+16
1.55500e-07 1.79015e+16
1.56500e-07 1.75104e+16
1.57500e-07 1.81317e+16
1.58500e-07 1.87914e+16
1.59500e-07 1.91651e+16
1.60500e-07 1.81870e+16
1.61500e-07 1.83582e+16
1.62500e-07 1.72142e+16
1.63500e-07 1.78231e+16
1.64500e-07 1.78033e+16
1.65500e-07 1.61543e+16
1.66500e-07 1.76323e+16
1.67200e-07 1.63867e+16
1.67700e-07 1.70112e+16
1.68500e-07 1.78292e+16
1.69500e-07 1.68786e+16
1.70500e-07 1.59594e+16
1.71500e-07 1.49003e+16
1.72500e-07 1.46824e+16
1.73500e-07 1.53972e+16
1.74500e-07 1.49107e+16
1.75500e-07 1.58299e+16
1.76500e-07 1.42651e+16
1.77500e-07 1.49347e+16
1.78500e-07 1.50835e+16
1.79500e-07 1.56140e+16
1.80500e-07 1.53755e+16
1.81500e-07 1.44404e+16
1.82500e-07 1.45223e+16
1.83500e-07 1.38867e+16
1.84500e-07 1.29785e+16
1.85500e-07 1.26682e+16
1.86500e-07 1.28977e+16
1.87500e-07 1.39242e+16
1.88500e-07 1.28746e+16
1.89500e-07 1.22901e+16
1.90500e-07 1.29836e+16
1.91500e-07 1.23932e+16
1.92500e-07 1.22018e+16
1.93500e-07 1.25207e+16
1.94500e-07 1.26801e+16
1.95500e-07 1.18992e+16
1.96700e-07 1.27320e+16
1.97600e-07 1.30399e+16
1.98400e-07 1.23061e+16
1.99500e-07 1.18120e+16
2.00500e-07 1.20975e+16
2.01500e-07 1.15806e+16
2.02500e-07 1.22410e+16
2.03500e-07 1.15096e+16
2.04500e-07 1.16676e+16
2.05500e-07 1.11243e+16
2.06500e-07 1.13040e+16
2.07400e-07 1.15687e+16
2.07800e-07 1.11839e+16
2.08500e-07 1.14356e+16
2.09500e-07 1.07868e+16
2.10500e-07 1.09405e+16
2.11500e-07 1.08895e+16
2.12500e-07 1.09883e+16
2.13500e-07 1.03542e+16
2.14500e-07 1.05060e+16
2.15500e-07 1.07072e+16
2.16500e-07 1.03039e+16
2.17500e-07 1.01640e+16
2.18500e-07 9.90153e+15
2.19500e-07 1.02197e+16
2.20500e-07 9.86142e+15
2.21500e-07 9.50844e+15
2.22500e-07 9.05789e+15
2.23500e-07 9.62335e+15
2.24500e-07 9.12296e+15
2.25500e-07 8.85553e+15
2.26500e-07 8.97578e+15
2.27500e-07 9.17000e+15
2.28500e-07 9.23134e+15
2.29500e-07 8.88356e+15
2.30500e-07 8.59038e+15
2.31500e-07 8.25834e+15
2.32500e-07 6.84246e+15
2.33500e-07 7.85422e+15
2.34500e-07 7.61953e+15
2.35500e-07 7.87082e+15
2.36500e-07 7.43327e+15
2.37500e-07 7.53444e+15
2.38500e-07 7.13759e+15
2.39500e-07 7.58646e+15
2.40500e-07 7.20565e+15
2.41500e-07 7.27852e+15
2.42500e-07 7.44028e+15
2.43500e-07 7.06414e+15
2.44500e-07 7.42240e+15
2.45500e-07 7.18141e+15
2.46500e-07 7.17162e+15
2.47500e-07 6.90407e+15
2.48500e-07 7.27689e+15
2.49500e-07 7.03711e+15
2.50500e-07 7.29743e+15
2.51300e-07 6.88596e+15
2.51800e-07 7.08443e+15
2.52500e-07 6.69953e+15
2.53500e-07 6.70189e+15
2.54500e-07 6.54812e+15
2.55500e-07 6.75896e+15
2.56500e-07 6.66800e+15
2.57500e-07 6.92653e+15
2.58500e-07 6.88601e+15
2.59500e-07 6.88115e+15
2.60500e-07 6.60469e+15
2.61500e-07 6.56750e+15
2.62500e-07 6.57332e+15
2.63500e-07 6.58592e+15
2.64500e-07 6.80977e+15
2.65500e-07 6.72276e+15
2.66500e-07 6.45811e+15
2.67500e-07 6.59365e+15
2.68500e-07 6.48245e+15
2.69500e-07 6.36959e+15
2.70500e-07 6.37355e+15
2.71500e-07 6.18461e+15
2.72500e-07 6.14590e+15
2.73500e-07 6.29947e+15
2.74500e-07 5.87468e+15
2.75500e-07 5.82019e+15
2.76500e-07 5.92206e+15
2.77500e-07 6.02231e+15
2.78500e-07 6.00148e+15
2.79500e-07 5.31771e+15
2.80500e-07 5.58295e+15
2.81500e-07 5.92796e+15
2.82500e-07 5.85019e+15
2.83500e-07 5.62853e+15
2.84500e-07 5.50479e+15
2.85500e-07 5.54903e+15
2.86500e-07 5.64025e+15
2.87500e-07 5.53134e+15
2.88500e-07 5.53018e+15
2.89500e-07 5.50013e+15
2.91000e-07 5.54990e+15
2.93000e-07 5.40330e+15
2.95000e-07 5.30561e+15
2.97000e-07 5.24251e+15
2.99000e-07 5.16376e+15
3.01000e-07 5.15317e+15
3.03000e-07 5.08454e+15
3.05000e-07 4.98325e+15
3.07000e-07 4.89255e+15
3.09000e-07 4.84954e+15
3.11000e-07 4.73946e+15
3.13000e-07 4.67486e+15
3.15000e-07 4.60695e+15
3.17000e-07 4.53176e+15
3.19000e-07 4.39552e+15
3.21000e-07 4.38588e+15
3.23000e-07 4.32957e+15
3.25000e-07 4.26111e+15
3.27000e-07 4.21232e+15
3.29000e-07 4.15117e+15
3.31000e-07 4.10115e+15
3.33000e-07 4.03403e+15
3.35000e-07 3.96217e+15
3.37000e-07 3.90699e+15
3.39000e-07 3.84726e+15
3.41000e-07 3.79935e+15
3.43000e-07 3.73467e+15
3.45000e-07 3.68137e+15
3.47000e-07 3.62529e+15
3.49000e-07 3.57891e+15
3.51000e-07 3.53702e+15
3.53000e-07 3.48859e+15
3.55000e-07 3.43923e+15
3.57000e-07 3.39164e+15
3.59000e-07 3.33437e+15
3.61000e-07 3.29319e+15
3.63000e-07 3.24413e+15
3.64000e-07 3.22917e+15
3.65000e-07 3.21575e+15
3.67000e-07 3.16597e+15
3.69000e-07 2.98178e+15
3.71000e-07 2.89717e+15
3.73000e-07 2.84777e+15
3.75000e-07 3.19119e+15
3.77000e-07 3.23111e+15
3.79000e-07 3.60021e+15
3.81000e-07 3.95336e+15
3.83000e-07 3.33433e+15
3.85000e-07 4.12885e+15
3.87000e-07 4.40071e+15
3.89000e-07 3.00770e+15
3.91000e-07 4.34317e+15
3.93000e-07 4.36908e+15
3.95000e-07 4.23537e+15
3.97000e-07 2.83321e+15
3.99000e-07 4.03350e+15
4.01000e-07 4.19672e+15
4.03000e-07 4.06540e+15
4.05000e-07 4.11469e+15
4.07000e-07 3.98225e+15
4.09000e-07 3.39681e+15
4.11000e-07 2.81007e+15
4.13000e-07 3.69179e+15
4.15000e-07 3.76151e+15
4.17000e-07 3.73786e+15
4.19000e-07 3.69862e+15
4.21000e-07 3.64932e+15
4.23000e-07 3.59068e+15
4.25000e-07 3.52922e+15
4.27000e-07 3.43611e+15
4.29000e-07 3.41049e+15
4.31000e-07 3.30307e+15
4.33000e-07 2.74075e+15
4.35000e-07 2.43309e+15
4.37000e-07 3.13487e+15
4.39000e-07 3.11556e+15
4.41000e-07 3.12339e+15
4.43000e-07 3.06531e+15
4.45000e-07 3.04371e+15
4.47000e-07 2.90624e+15
4.49000e-07 2.92133e+15
4.51000e-07 2.90918e+15
4.53000e-07 2.86281e+15
4.55000e-07 2.81640e+15
4.57000e-07 2.78910e+15
4.59000e-07 2.74446e+15
4.61000e-07 2.70882e+15
4.63000e-07 2.65841e+15
4.65000e-07 2.62897e+15
4.67000e-07 2.59181e+15
4.69000e-07 2.55657e+15
4.71000e-07 2.48260e+15
4.73000e-07 2.47697e+15
4.75000e-07 2.43863e+15
4.77000e-07 2.41838e+15
4.79000e-07 2.37803e+15
4.81000e-07 2.32932e+15
4.83000e-07 2.26210e+15
4.85000e-07 1.93999e+15
4.87000e-07 1.67232e+15
4.89000e-07 2.15053e+15
4.91000e-07 2.17305e+15
4.93000e-07 2.12198e+15
4.95000e-07 2.13223e+15
4.97000e-07 2.10839e+15
4.99000e-07 2.07715e+15
5.01000e-07 2.01422e+15
5.03000e-07 2.01343e+15
5.05000e-07 1.95556e+15
5.07000e-07 1.96581e+15
5.09000e-07 1.93948e+15
5.11000e-07 1.90933e+15
5.13000e-07 1.88831e+15
5.15000e-07 1.85649e+15
5.17000e-07 1.83665e+15
5.19000e-07 1.81511e+15
5.21000e-07 1.77969e+15
5.23000e-07 1.76459e+15
5.25000e-07 1.74721e+15
5.27000e-07 1.71905e+15
5.29000e-07 1.70769e+15
5.31000e-07 1.68082e+15
5.33000e-07 1.66240e+15
5.35000e-07 1.63946e+15
5.37000e-07 1.62257e+15
5.39000e-07 1.60147e+15
5.41000e-07 1.57949e+15
5.43000e-07 1.55919e+15
5.45000e-07 1.54205e+15
5.47000e-07 1.52085e+15
5.49000e-07 1.50504e+15
5.51000e-07 1.48570e+15
5.53000e-07 1.46980e+15
5.55000e-07 1.45188e+15
5.57000e-07 1.43419e+15
5.59000e-07 1.41707e+15
5.61000e-07 1.40088e+15
5.63000e-07 1.38536e+15
5.65000e-07 1.36129e+15
5.67000e-07 1.34643e+15
5.69000e-07 1.33419e+15
5.71000e-07 1.31920e+15
5.73000e-07 1.30438e+15
5.75000e-07 1.28895e+15
5.77000e-07 1.27391e+15
5.79000e-07 1.25794e+15
5.81000e-07 1.24338e+15
5.83000e-07 1.22954e+15
5.85000e-07 1.21498e+15
5.87000e-07 1.17501e+15
5.89000e-07 1.18398e+15
5.91000e-07 1.17318e+15
5.93000e-07 1.16078e+15
5.95000e-07 1.14224e+15
5.97000e-07 1.13312e+15
5.99000e-07 1.11675e+15
6.01000e-07 1.10870e+15
6.03000e-07 1.09597e+15
6.05000e-07 1.08359e+15
6.07000e-07 1.07125e+15
6.09000e-07 1.05894e+15
6.11000e-07 1.04809e+15
6.13000e-07 1.03624e+15
6.15000e-07 1.01995e+15
6.17000e-07 1.01276e+15
6.19000e-07 1.00219e+15
6.21000e-07 9.91157e+14
6.23000e-07 9.79465e+14
6.25000e-07 9.65780e+14
6.27000e-07 9.58575e+14
6.29000e-07 9.47984e+14
6.31000e-07 9.36951e+14
6.33000e-07 9.27410e+14
6.35000e-07 9.07152e+14
6.37000e-07 9.00824e+14
6.39000e-07 8.97519e+14
6.41000e-07 8.86646e+14
6.43000e-07 8.79079e+14
6.45000e-07 8.68239e+14
6.47000e-07 8.59757e+14
6.49000e-07 8.48348e+14
6.51000e-07 8.36263e+14
6.53000e-07 8.18824e+14
6.55000e-07 7.50115e+14
6.56125e-07 6.43598e+14
6.59000e-07 7.79787e+14
6.61000e-07 7.92415e+14
6.63000e-07 7.88044e+14
6.65000e-07 7.81965e+14
6.67000e-07 7.69679e+14
6.69000e-07 7.61809e+14
6.71000e-07 7.58429e+14
6.73000e-07 7.50884e+14
6.75000e-07 7.43340e+14
6.77000e-07 7.35930e+14
6.79000e-07 7.27736e+14
6.81000e-07 7.20722e+14
6.83000e-07 7.12873e+14
6.85000e-07 7.06123e+14
6.87000e-07 6.99256e+14
6.89000e-07 6.92155e+14
6.91000e-07 6.85290e+14
6.93000e-07 6.77308e+14
6.95000e-07 6.71669e+14
6.97000e-07 6.65276e+14
6.99000e-07 6.58706e+14
7.01000e-07 6.51702e+14
7.03000e-07 6.45446e+14
7.05000e-07 6.37954e+14
7.07000e-07 6.27928e+14
7.09000e-07 6.27051e+14
7.11000e-07 6.20145e+14
7.13000e-07 6.14381e+14
7.15000e-07 6.08436e+14
7.17000e-07 6.02818e+14
7.19000e-07 5.97181e+14
7.21000e-07 5.91445e+14
7.23000e-07 5.83622e+14
7.25000e-07 5.79704e+14
7.27000e-07 5.74645e+14
7.29000e-07 5.67384e+14
7.31000e-07 5.63699e+14
7.33000e-07 5.58362e+14
7.35000e-07 5.53200e+14
7.37000e-07 5.47948e+14
7.39000e-07 5.42799e+14
7.41000e-07 5.37588e+14
7.43000e-07 5.31784e+14
7.45000e-07 5.27263e+14
7.47000e-07 5.21797e+14
7.49000e-07 5.17315e+14
7.51000e-07 5.12666e+14
7.53000e-07 5.08159e+14
7.55000e-07 5.03462e+14
7.57000e-07 4.98879e+14
7.59000e-07 4.94134e+14
7.61000e-07 4.89868e+14
7.63000e-07 4.85304e+14
7.65000e-07 4.80794e+14
7.67000e-07 4.76426e+14
7.69000e-07 4.72065e+14
7.71000e-07 4.67807e+14
7.73000e-07 4.63573e+14
7.75000e-07 4.59359e+14
7.77000e-07 4.50220e+14
7.79000e-07 4.51146e+14
7.81000e-07 4.47208e+14
7.83000e-07 4.43236e+14
7.85000e-07 4.37973e+14
7.87000e-07 4.33888e+14
7.89000e-07 4.29476e+14
7.91000e-07 4.27434e+14
7.93000e-07 4.23831e+14
7.95000e-07 4.18685e+14
7.97000e-07 4.16343e+14
7.99000e-07 4.10502e+14
8.01000e-07 4.09083e+14
8.03000e-07 4.05494e+14
8.05000e-07 4.01888e+14
8.07000e-07 3.98568e+14
8.09000e-07 3.94891e+14
8.11000e-07 3.91450e+14
8.13000e-07 3.88170e+14
8.15000e-07 3.84787e+14
8.17000e-07 3.81658e+14
8.19000e-07 3.78061e+14
8.21000e-07 3.74008e+14
8.23000e-07 3.70346e+14
8.25000e-07 3.68984e+14
8.27000e-07 3.65924e+14
8.29000e-07 3.62516e+14
8.31000e-07 3.59900e+14
8.33000e-07 3.56686e+14
8.35000e-07 3.53164e+14
8.37000e-07 3.49575e+14
8.39000e-07 3.45437e+14
8.41000e-07 3.41756e+14
8.43000e-07 3.35991e+14
8.45000e-07 3.30757e+14
8.47000e-07 3.27238e+14
8.49000e-07 3.26163e+14
8.51000e-07 3.19076e+14
8.53000e-07 3.23789e+14
8.55000e-07 3.06594e+14
8.57000e-07 3.25144e+14
8.59000e-07 3.06288e+14
8.61000e-07 3.02240e+14
8.63000e-07 3.24134e+14
8.65000e-07 3.09108e+14
8.67000e-07 2.79748e+14
8.69000e-07 3.12919e+14
8.71000e-07 3.21202e+14
8.73000e-07 3.06993e+14
8.75000e-07 2.65715e+14
8.77000e-07 2.93698e+14
8.79000e-07 3.12398e+14
8.81000e-07 3.13432e+14
8.83000e-07 3.05505e+14
8.85000e-07 2.79032e+14
8.87000e-07 2.51583e+14
8.89000e-07 2.90951e+14
8.91000e-07 3.00637e+14
8.93000e-07 3.00643e+14
8.95000e-07 2.99230e+14
8.97000e-07 2.94358e+14
8.99000e-07 2.81191e+14
9.01000e-07 2.40252e+14
9.03000e-07 2.53304e+14
9.05000e-07 2.79416e+14
9.07000e-07 2.82444e+14
9.09000e-07 2.82269e+14
9.11000e-07 2.81685e+14
9.13000e-07 2.79494e+14
9.15000e-07 2.77441e+14
9.17000e-07 2.73540e+14
9.19000e-07 2.67288e+14
9.21000e-07 2.50881e+14
9.23000e-07 2.12044e+14
9.25000e-07 2.42759e+14
9.27000e-07 2.55509e+14
9.29000e-07 2.60717e+14
9.31000e-07 2.60255e+14
9.33000e-07 2.58777e+14
9.35000e-07 2.57235e+14
9.37000e-07 2.55671e+14
9.39000e-07 2.53472e+14
9.41000e-07 2.49524e+14
9.43000e-07 2.49310e+14
9.45000e-07 2.47268e+14
9.47000e-07 2.44381e+14
9.49000e-07 2.41436e+14
9.51000e-07 2.35106e+14
9.53000e-07 2.18263e+14
9.55000e-07 1.88360e+14
9.57000e-07 2.19021e+14
9.59000e-07 2.29603e+14
9.61000e-07 2.30904e+14
9.63000e-07 2.28707e+14
9.65000e-07 2.29155e+14
9.67000e-07 2.27524e+14
9.69000e-07 2.26168e+14
9.71000e-07 2.24490e+14
9.73000e-07 2.22943e+14
9.75000e-07 2.21217e+14
9.77000e-07 2.19665e+14
9.79000e-07 2.17986e+14
9.81000e-07 2.16312e+14
9.83000e-07 2.14536e+14
9.85000e-07 2.13079e+14
9.87000e-07 2.11451e+14
9.89000e-07 2.09618e+14
9.91000e-07 2.08090e+14
9.93000e-07 2.06553e+14
9.95000e-07 2.04693e+14
9.97000e-07 2.02712e+14
9.99000e-07 2.00286e+14
1.00250e-06 1.85069e+14
1.00750e-06 1.77072e+14
1.01250e-06 1.90354e+14
1.01750e-06 1.88713e+14
1.02250e-06 1.85719e+14
1.02750e-06 1.82457e+14
1.03250e-06 1.78948e+14
1.03750e-06 1.76059e+14
1.04250e-06 1.73001e+14
1.04750e-06 1.69905e+14
1.05250e-06 1.66883e+14
1.05750e-06 1.64055e+14
1.06250e-06 1.61277e+14
1.06750e-06 1.57948e+14
1.07250e-06 1.55676e+14
1.07750e-06 1.53057e+14
1.08250e-06 1.49084e+14
1.08750e-06 1.46225e+14
1.09250e-06 1.28452e+14
1.09750e-06 1.35919e+14
1.10250e-06 1.39642e+14
1.10750e-06 1.38209e+14
1.11250e-06 1.36062e+14
1.11750e-06 1.33804e+14
1.12250e-06 1.31625e+14
1.12750e-06 1.28889e+14
1.13250e-06 1.26931e+14
1.13750e-06 1.25308e+14
1.14250e-06 1.23285e+14
1.14750e-06 1.21326e+14
1.15250e-06 1.19382e+14
1.15750e-06 1.17481e+14
1.16250e-06 1.15472e+14
1.16750e-06 1.13658e+14
1.17250e-06 1.11970e+14
1.17750e-06 1.09921e+14
1.18250e-06 1.08492e+14
1.18750e-06 1.06755e+14
1.19250e-06 1.05184e+14
1.19750e-06 1.03367e+14
1.20250e-06 1.01964e+14
1.20750e-06 1.00401e+14
1.21250e-06 9.88543e+13
1.21750e-06 9.73629e+13
1.22250e-06 9.58825e+13
1.22750e-06 9.44229e+13
1.23250e-06 9.30085e+13
1.23750e-06 9.16238e+13
1.24250e-06 9.02754e+13
1.24750e-06 8.88051e+13
1.25250e-06 8.75740e+13
1.25750e-06 8.62286e+13
1.26250e-06 8.50246e+13
1.26750e-06 8.37149e+13
1.27250e-06 8.21743e+13
1.27750e-06 7.91292e+13
1.28250e-06 7.08909e+13
1.28750e-06 7.75435e+13
1.29250e-06 7.76077e+13
1.29750e-06 7.66818e+13
1.30250e-06 7.57100e+13
1.30750e-06 7.46340e+13
1.31250e-06 7.35788e+13
1.31750e-06 7.24744e+13
1.32250e-06 7.15204e+13
1.32750e-06 7.05187e+13
1.33250e-06 6.95343e+13
1.33750e-06 6.85668e+13
1.34250e-06 6.75972e+13
1.34750e-06 6.66691e+13
1.35250e-06 6.57446e+13
1.35750e-06 6.48482e+13
1.36250e-06 6.39632e+13
1.36750e-06 6.30732e+13
1.37250e-06 6.22226e+13
1.37750e-06 6.14024e+13
1.38250e-06 6.05747e+13
1.38750e-06 5.97612e+13
1.39250e-06 5.89540e+13
1.39750e-06 5.81683e+13
1.40250e-06 5.74000e+13
1.40750e-06 5.66354e+13
1.41250e-06 5.58839e+13
1.41750e-06 5.51548e+13
1.42250e-06 5.44307e+13
1.42750e-06 5.37192e+13
1.43250e-06 5.30180e+13
1.43750e-06 5.23253e+13
1.44250e-06 5.15975e+13
1.44750e-06 5.09720e+13
1.45250e-06 5.03020e+13
1.45700e-06 4.97469e+13
1.46200e-06 4.91252e+13
1.46750e-06 4.84498e+13
1.47250e-06 4.78398e+13
1.47750e-06 4.72232e+13
1.48250e-06 4.66515e+13
1.48750e-06 4.60660e+13
1.49250e-06 4.54957e+13
1.49750e-06 4.49102e+13
1.50250e-06 4.43414e+13
1.50750e-06 4.37560e+13
1.51250e-06 4.31609e+13
1.51750e-06 4.25530e+13
1.52250e-06 4.19944e+13
1.52750e-06 4.14358e+13
1.53250e-06 4.08194e+13
1.53750e-06 4.03838e+13
1.54250e-06 3.96775e+13
1.54750e-06 3.93979e+13
1.55250e-06 3.88398e+13
1.55750e-06 3.80488e+13
1.56250e-06 3.83226e+13
1.56750e-06 3.72291e+13
1.57250e-06 3.65417e+13
1.57750e-06 3.71386e+13
1.58250e-06 3.65417e+13
1.58750e-06 3.46645e+13
1.59250e-06 3.53177e+13
1.59750e-06 3.57288e+13
1.60500e-06 3.45723e+13
1.61500e-06 3.30232e+13
1.62500e-06 3.35667e+13
1.63500e-06 3.21061e+13
1.64500e-06 3.06616e+13
1.65500e-06 3.13692e+13
1.66500e-06 3.06864e+13
1.67500e-06 2.92307e+13
1.68500e-06 2.78618e+13
1.69500e-06 2.86407e+13
1.70500e-06 2.80751e+13
1.71500e-06 2.74796e+13
1.72500e-06 2.67277e+13
1.73500e-06 2.45157e+13
1.74500e-06 2.53589e+13
1.75500e-06 2.51563e+13
1.76500e-06 2.46447e+13
1.77500e-06 2.41143e+13
1.78500e-06 2.36084e+13
1.79500e-06 2.31158e+13
1.80500e-06 2.24880e+13
1.81500e-06 2.07348e+13
1.82500e-06 2.12162e+13
1.83500e-06 2.12060e+13
1.84500e-06 2.08097e+13
1.85500e-06 2.03713e+13
1.86500e-06 1.98134e+13
1.87500e-06 1.82845e+13
1.88500e-06 1.90294e+13
1.89500e-06 1.87808e+13
1.90500e-06 1.83994e+13
1.91500e-06 1.80495e+13
1.92500e-06 1.76774e+13
1.93500e-06 1.71813e+13
1.94500e-06 1.57981e+13
1.95500e-06 1.65141e+13
1.96500e-06 1.63445e+13
1.97500e-06 1.60394e+13
1.98500e-06 1.57319e+13
1.99500e-06 1.54326e+13
2.00500e-06 1.51394e+13
2.01500e-06 1.48531e+13
2.02500e-06 1.45745e+13
2.03500e-06 1.43015e+13
2.04500e-06 1.40341e+13
2.05500e-06 1.37649e+13
2.06500e-06 1.35206e+13
2.07500e-06 1.32725e+13
2.08500e-06 1.30293e+13
2.09500e-06 1.27911e+13
2.10500e-06 1.25602e+13
2.11500e-06 1.23238e+13
2.12500e-06 1.21104e+13
2.13500e-06 1.18931e+13
2.14500e-06 1.16720e+13
2.15500e-06 1.13838e+13
2.16500e-06 1.05049e+13
2.17500e-06 1.09301e+13
2.18500e-06 1.08658e+13
2.19500e-06 1.06912e+13
2.20500e-06 1.05084e+13
2.21500e-06 1.03262e+13
2.22500e-06 1.01491e+13
2.23500e-06 9.97555e+12
2.24500e-06 9.80616e+12
2.25500e-06 9.63936e+12
2.26500e-06 9.47660e+12
2.27500e-06 9.31704e+12
2.28500e-06 9.18011e+12
2.29500e-06 9.09241e+12
2.30500e-06 8.94137e+12
2.31500e-06 8.79258e+12
2.32500e-06 8.63070e+12
2.33500e-06 8.47539e+12
2.34500e-06 8.32653e+12
2.35500e-06 8.18125e+12
2.36500e-06 8.04283e+12
2.37500e-06 7.90378e+12
2.38500e-06 7.77141e+12
2.39500e-06 7.64492e+12
2.40500e-06 7.51048e+12
2.41500e-06 7.38381e+12
2.42500e-06 7.26410e+12
2.43500e-06 7.15310e+12
2.44500e-06 7.02853e+12
2.45500e-06 6.92764e+12
2.46500e-06 6.80582e+12
2.47500e-06 6.70850e+12
2.48500e-06 6.61801e+12
2.49500e-06 6.47732e+12
2.50500e-06 6.46773e+12
2.51500e-06 6.33421e+12
2.52500e-06 6.16064e+12
2.53500e-06 6.12502e+12
2.54500e-06 6.06245e+12
2.55500e-06 5.93487e+12
2.56500e-06 5.76443e+12
2.57500e-06 5.77144e+12
2.58500e-06 5.71560e+12
2.59500e-06 5.62352e+12
2.60500e-06 5.47551e+12
2.61500e-06 5.29366e+12
2.62500e-06 5.02564e+12
2.63500e-06 5.24144e+12
2.64500e-06 5.22687e+12
2.65500e-06 5.15246e+12
2.66500e-06 5.03828e+12
2.67500e-06 4.82989e+12
2.68500e-06 4.89431e+12
2.69500e-06 4.86859e+12
2.70500e-06 4.81237e+12
2.71500e-06 4.74397e+12
2.72500e-06 4.67675e+12
2.73500e-06 4.60378e+12
2.74500e-06 4.51190e+12
2.75500e-06 4.29948e+12
2.76500e-06 4.31894e+12
2.77500e-06 4.33944e+12
2.78500e-06 4.29682e+12
2.79500e-06 4.23820e+12
2.80500e-06 4.17984e+12
2.81500e-06 4.12229e+12
2.82500e-06 4.06582e+12
2.83500e-06 4.01010e+12
2.84500e-06 3.95570e+12
2.85500e-06 3.88723e+12
2.86500e-06 3.77537e+12
2.87500e-06 3.60549e+12
2.88500e-06 3.71248e+12
2.89500e-06 3.68935e+12
2.90500e-06 3.64783e+12
2.91500e-06 3.59913e+12
2.92500e-06 3.55180e+12
2.93500e-06 3.50485e+12
2.94500e-06 3.45885e+12
2.95500e-06 3.41369e+12
2.96500e-06 3.36906e+12
2.97500e-06 3.32525e+12
2.98500e-06 3.28212e+12
2.99500e-06 3.23966e+12
3.00500e-06 3.19786e+12
3.01500e-06 3.15290e+12
3.02500e-06 3.09474e+12
3.03500e-06 2.93512e+12
3.04500e-06 2.94127e+12
3.05500e-06 2.98267e+12
3.06500e-06 2.95911e+12
3.07500e-06 2.92364e+12
3.08500e-06 2.88568e+12
3.09500e-06 2.85078e+12
3.10500e-06 2.81517e+12
3.11500e-06 2.78016e+12
3.12500e-06 2.74558e+12
3.13500e-06 2.71168e+12
3.14500e-06 2.67820e+12
3.15500e-06 2.64532e+12
3.16500e-06 2.61283e+12
3.17500e-06 2.58097e+12
3.18500e-06 2.54956e+12
3.19500e-06 2.51857e+12
3.21000e-06 2.47300e+12
3.23000e-06 2.41384e+12
3.25000e-06 2.35643e+12
3.27000e-06 2.29694e+12
3.29000e-06 2.15932e+12
3.31000e-06 2.17268e+12
3.33000e-06 2.15070e+12
3.35000e-06 2.10187e+12
3.37000e-06 2.05334e+12
3.39000e-06 2.00624e+12
3.41000e-06 1.95767e+12
3.43000e-06 1.91182e+12
3.45000e-06 1.86822e+12
3.47000e-06 1.82594e+12
3.49000e-06 1.78417e+12
3.51000e-06 1.74450e+12
3.53000e-06 1.70611e+12
3.55000e-06 1.66775e+12
3.57000e-06 1.63055e+12
3.59000e-06 1.59574e+12
3.61000e-06 1.56062e+12
3.63000e-06 1.52798e+12
3.65000e-06 1.49377e+12
3.67000e-06 1.46464e+12
3.69000e-06 1.42911e+12
3.71000e-06 1.40194e+12
3.73000e-06 1.34763e+12
3.75000e-06 1.30594e+12
3.77000e-06 1.31760e+12
3.79000e-06 1.29316e+12
3.81000e-06 1.25945e+12
3.83000e-06 1.23506e+12
3.85000e-06 1.21809e+12
3.87000e-06 1.19454e+12
3.89000e-06 1.16486e+12
3.91000e-06 1.13186e+12
3.93000e-06 1.12183e+12
3.95000e-06 1.10268e+12
3.97000e-06 1.08127e+12
3.99000e-06 1.06014e+12
4.01000e-06 1.02762e+12
4.03000e-06 1.00424e+12
4.05000e-06 9.63226e+11
4.07000e-06 9.77003e+11
4.09000e-06 9.62022e+11
4.11000e-06 9.43783e+11
4.13000e-06 9.25852e+11
4.15000e-06 9.04284e+11
4.17000e-06 8.70954e+11
4.19000e-06 8.70342e+11
4.21000e-06 8.58755e+11
4.23000e-06 8.42927e+11
4.25000e-06 8.27441e+11
4.27000e-06 8.12352e+11
4.29000e-06 7.97426e+11
4.31000e-06 7.83107e+11
4.33000e-06 7.68977e+11
4.35000e-06 7.53142e+11
4.37000e-06 7.23085e+11
4.39000e-06 7.20304e+11
4.41000e-06 7.14928e+11
4.43000e-06 7.02978e+11
4.45000e-06 6.90642e+11
4.47000e-06 6.79913e+11
4.49000e-06 6.68077e+11
4.51000e-06 6.56497e+11
4.53000e-06 6.45113e+11
4.55000e-06 6.34068e+11
4.57000e-06 6.23209e+11
4.59000e-06 6.12586e+11
4.61000e-06 6.02142e+11
4.63000e-06 5.89236e+11
4.65000e-06 5.56388e+11
4.67000e-06 5.50648e+11
4.69000e-06 5.57626e+11
4.71000e-06 5.52866e+11
4.73000e-06 5.44244e+11
4.75000e-06 5.35212e+11
4.77000e-06 5.26478e+11
4.79000e-06 5.17887e+11
4.81000e-06 5.09453e+11
4.83000e-06 5.01190e+11
4.85000e-06 4.93093e+11
4.87000e-06 4.85159e+11
4.89000e-06 4.77386e+11
4.91000e-06 4.69770e+11
4.93000e-06 4.62308e+11
4.95000e-06 4.54982e+11
4.97000e-06 4.47805e+11
4.99000e-06 4.40773e+11
5.01000e-06 4.33869e+11
5.03000e-06 4.27105e+11
5.05000e-06 4.20479e+11
5.07000e-06 4.13973e+11
5.09000e-06 4.07338e+11
5.11000e-06 3.98110e+11
5.13000e-06 3.79323e+11
5.15000e-06 3.86879e+11
5.17000e-06 3.83201e+11
5.19000e-06 3.77484e+11
5.21000e-06 3.71788e+11
5.23000e-06 3.66223e+11
5.25000e-06 3.60745e+11
5.27000e-06 3.55354e+11
5.29000e-06 3.50101e+11
5.31000e-06 3.44916e+11
5.33000e-06 3.39840e+11
5.35000e-06 3.34842e+11
5.37000e-06 3.29949e+11
5.39000e-06 3.25132e+11
5.41000e-06 3.20428e+11
5.43000e-06 3.15785e+11
5.45000e-06 3.11239e+11
5.47000e-06 3.06764e+11
5.49000e-06 3.02371e+11
5.51000e-06 2.98058e+11
5.53000e-06 2.93824e+11
5.55000e-06 2.89668e+11
5.57000e-06 2.85575e+11
5.59000e-06 2.81558e+11
5.61000e-06 2.77615e+11
5.63000e-06 2.73745e+11
5.65000e-06 2.69934e+11
5.67000e-06 2.66193e+11
5.69000e-06 2.62510e+11
5.71000e-06 2.58894e+11
5.73000e-06 2.55346e+11
5.75000e-06 2.51852e+11
5.77000e-06 2.48412e+11
5.79000e-06 2.45036e+11
5.81000e-06 2.41722e+11
5.83000e-06 2.38460e+11
5.85000e-06 2.35511e+11
5.87000e-06 2.32083e+11
5.89000e-06 2.27056e+11
5.91000e-06 2.15966e+11
5.93000e-06 2.21743e+11
5.95000e-06 2.20106e+11
5.97000e-06 2.17333e+11
5.99000e-06 2.14478e+11
6.01000e-06 2.11676e+11
6.03000e-06 2.08906e+11
6.05000e-06 2.06189e+11
6.07000e-06 2.03514e+11
6.09000e-06 2.00879e+11
6.11000e-06 1.98284e+11
6.13000e-06 1.95740e+11
6.15000e-06 1.93233e+11
6.17000e-06 1.90766e+11
6.19000e-06 1.88335e+11
6.21000e-06 1.85942e+11
6.23000e-06 1.83595e+11
6.25000e-06 1.81274e+11
6.27000e-06 1.78998e+11
6.29000e-06 1.76757e+11
6.31000e-06 1.74551e+11
6.33000e-06 1.72368e+11
6.35000e-06 1.70228e+11
6.37000e-06 1.68121e+11
6.39000e-06 1.66046e+11
6.42000e-06 1.62999e+11
6.46000e-06 1.59037e+11
6.50000e-06 1.55195e+11
6.54000e-06 1.51462e+11
6.58000e-06 1.47851e+11
6.62000e-06 1.44333e+11
6.66000e-06 1.40931e+11
6.70000e-06 1.37625e+11
6.74000e-06 1.34421e+11
6.78000e-06 1.31299e+11
6.82000e-06 1.28273e+11
6.86000e-06 1.25332e+11
6.90000e-06 1.22475e+11
6.94000e-06 1.19698e+11
6.98000e-06 1.17000e+11
7.02000e-06 1.14379e+11
7.06000e-06 1.11832e+11
7.10000e-06 1.09350e+11
7.14000e-06 1.06938e+11
7.18000e-06 1.04595e+11
7.22000e-06 1.02312e+11
7.26000e-06 1.00094e+11
7.30000e-06 9.79330e+10
7.34000e-06 9.58336e+10
7.38000e-06 9.37877e+10
7.42000e-06 9.16091e+10
7.46000e-06 8.71769e+10
7.50000e-06 8.51511e+10
7.54000e-06 8.58935e+10
7.58000e-06 8.43468e+10
7.62000e-06 8.26006e+10
7.66000e-06 8.08991e+10
7.70000e-06 7.92475e+10
7.74000e-06 7.76318e+10
7.78000e-06 7.60576e+10
7.82000e-06 7.45299e+10
7.86000e-06 7.30354e+10
7.90000e-06 7.15733e+10
7.94000e-06 7.01549e+10
7.98000e-06 6.87671e+10
8.02000e-06 6.74151e+10
8.06000e-06 6.60924e+10
8.10000e-06 6.48096e+10
8.14000e-06 6.35545e+10
8.18000e-06 6.23264e+10
8.22000e-06 6.11302e+10
8.26000e-06 5.99598e+10
8.30000e-06 5.88200e+10
8.34000e-06 5.77047e+10
8.38000e-06 5.66187e+10
8.42000e-06 5.55560e+10
8.46000e-06 5.45213e+10
8.50000e-06 5.35088e+10
8.54000e-06 5.25180e+10
8.58000e-06 5.15535e+10
8.62000e-06 5.06062e+10
8.66000e-06 4.96826e+10
8.70000e-06 4.87804e+10
8.74000e-06 4.78984e+10
8.78000e-06 4.70358e+10
8.82000e-06 4.61927e+10
8.86000e-06 4.53687e+10
8.90000e-06 4.45627e+10
8.94000e-06 4.37746e+10
8.98000e-06 4.30038e+10
9.02000e-06 4.22495e+10
9.06000e-06 4.15120e+10
9.10000e-06 4.07902e+10
9.14000e-06 4.00845e+10
9.18000e-06 3.93935e+10
9.22000e-06 3.87174e+10
9.26000e-06 3.80559e+10
9.30000e-06 3.74082e+10
9.34000e-06 3.67745e+10
9.38000e-06 3.61537e+10
9.42000e-06 3.55463e+10
9.46000e-06 3.49512e+10
9.50000e-06 3.43691e+10
9.54000e-06 3.37984e+10
9.58000e-06 3.32400e+10
9.62000e-06 3.26927e+10
9.66000e-06 3.21568e+10
9.70000e-06 3.16315e+10
9.74000e-06 3.11173e+10
9.78000e-06 3.06136e+10
9.82000e-06 3.01193e+10
9.86000e-06 2.96356e+10
9.90000e-06 2.91614e+10
9.94000e-06 2.86964e+10
9.98000e-06 2.82407e+10
1.00200e-05 2.77939e+10
2.00000e-05 1.74737e+09
4.00000e-05 1.07340e+08
6.00000e-05 2.09054e+07
8.00000e-05 6.54216e+06
1.00000e-04 2.65618e+06
1.20000e-04 1.27173e+06
1.40000e-04 6.82305e+05
1.60000e-04 3.97863e+05
