9.09000e-09 0.00000e+00
9.35000e-09 0.00000e+00
9.61000e-09 0.00000e+00
9.77000e-09 0.00000e+00
9.96000e-09 0.00000e+00
1.02000e-08 0.00000e+00
1.03800e-08 0.00000e+00
1.05600e-08 0.00000e+00
1.07700e-08 0.00000e+00
1.10400e-08 0.00000e+00
1.14000e-08 0.00000e+00
1.17800e-08 0.00000e+00
1.21300e-08 0.00000e+00
1.24800e-08 0.00000e+00
1.27100e-08 0.00000e+00
1.28400e-08 0.00000e+00
1.30500e-08 0.00000e+00
1.32400e-08 0.00000e+00
1.33900e-08 0.00000e+00
1.36600e-08 0.00000e+00
1.39800e-08 0.00000e+00
1.43300e-08 0.00000e+00
1.47200e-08 0.00000e+00
1.51000e-08 0.00000e+00
1.55200e-08 0.00000e+00
1.58800e-08 0.00000e+00
1.62000e-08 0.00000e+00
1.66000e-08 0.00000e+00
1.70300e-08 0.00000e+00
1.73400e-08 0.00000e+00
1.76800e-08 0.00000e+00
1.80200e-08 0.00000e+00
1.81700e-08 0.00000e+00
1.86100e-08 0.00000e+00
1.91000e-08 0.00000e+00
1.93900e-08 0.00000e+00
1.98400e-08 0.00000e+00
2.01800e-08 0.00000e+00
2.05000e-08 0.00000e+00
2.10500e-08 0.00000e+00
2.16200e-08 0.00000e+00
2.19800e-08 0.00000e+00
2.23000e-08 0.00000e+00
2.26800e-08 0.00000e+00
2.30000e-08 0.00000e+00
2.34000e-08 0.00000e+00
2.40000e-08 0.00000e+00
2.46500e-08 0.00000e+00
2.52400e-08 0.00000e+00
2.56800e-08 0.00000e+00
2.60000e-08 0.00000e+00
2.64000e-08 0.00000e+00
2.68500e-08 0.00000e+00
2.73500e-08 0.00000e+00
2.78500e-08 0.00000e+00
2.84000e-08 0.00000e+00
2.90000e-08 0.00000e+00
2.96000e-08 0.00000e+00
3.01000e-08 0.00000e+00
3.08000e-08 0.00000e+00
3.18000e-08 0.00000e+00
3.28000e-08 0.00000e+00
3.38000e-08 0.00000e+00
3.48000e-08 0.00000e+00
3.57000e-08 0.00000e+00
3.66000e-08 0.00000e+00
3.75000e-08 0.00000e+00
3.85000e-08 0.00000e+00
3.95000e-08 0.00000e+00
4.05000e-08 0.00000e+00
4.14000e-08 0.00000e+00
4.22000e-08 0.00000e+00
4.30000e-08 0.00000e+00
4.41000e-08 0.00000e+00
4.51000e-08 0.00000e+00
4.60000e-08 0.00000e+00
4.70000e-08 0.00000e+00
4.80000e-08 0.00000e+00
4.90000e-08 0.00000e+00
5.00000e-08 0.00000e+00
5.06000e-08 0.00000e+00
5.12000e-08 0.00000e+00
5.20000e-08 0.00000e+00
5.30000e-08 0.00000e+00
5.40000e-08 0.00000e+00
5.50000e-08 0.00000e+00
5.60000e-08 0.00000e+00
5.70000e-08 0.00000e+00
5.80000e-08 0.00000e+00
5.90000e-08 0.00000e+00
6.00000e-08 0.00000e+00
6.10000e-08 0.00000e+00
6.20000e-08 0.00000e+00
6.30000e-08 0.00000e+00
6.40000e-08 0.00000e+00
6.50000e-08 0.00000e+00
6.58000e-08 0.00000e+00
6.65000e-08 0.00000e+00
6.75000e-08 0.00000e+00
6.85000e-08 0.00000e+00
6.95000e-08 0.00000e+00
7.05000e-08 0.00000e+00
7.16000e-08 0.00000e+00
7.26000e-08 0.00000e+00
7.35000e-08 0.00000e+00
7.45000e-08 0.00000e+00
7.55000e-08 0.00000e+00
7.65000e-08 0.00000e+00
7.75000e-08 0.00000e+00
7.85000e-08 0.00000e+00
7.95000e-08 0.00000e+00
8.05000e-08 0.00000e+00
8.15000e-08 0.00000e+00
8.25000e-08 0.00000e+00
8.35000e-08 0.00000e+00
8.45000e-08 0.00000e+00
8.55000e-08 0.00000e+00
8.65000e-08 0.00000e+00
8.75000e-08 0.00000e+00
8.85000e-08 0.00000e+00
8.95000e-08 0.00000e+00
9.05000e-08 0.00000e+00
9.15000e-08 0.00000e+00
9.25000e-08 2.12616e-03
9.35000e-08 3.21470e-03
9.45000e-08 4.40336e-03
9.55000e-08 6.69752e-03
9.65000e-08 1.20897e-02
9.75000e-08 1.55143e-02
9.85000e-08 2.51264e-02
9.95000e-08 3.98753e-02
1.00500e-07 5.72915e-02
1.01500e-07 8.34769e-02
1.02500e-07 9.74936e-02
1.03500e-07 2.21549e-01
1.04500e-07 3.08360e-01
1.05500e-07 3.72322e-01
1.06500e-07 6.75888e-01
1.07500e-07 9.36101e-01
1.08500e-07 1.49991e+00
1.09500e-07 1.86065e+00
1.10500e-07 2.49843e+00
1.11500e-07 3.29239e+00
1.12500e-07 5.75771e+00
1.13500e-07 8.91186e+00
1.14500e-07 1.26922e+01
1.15500e-07 1.74843e+01
1.16500e-07 2.28074e+01
1.17500e-07 3.20322e+01
1.18500e-07 4.14605e+01
1.19500e-07 5.09421e+01
1.20500e-07 5.40230e+01
1.21500e-07 3.66057e+01
1.22500e-07 8.81132e+01
1.23500e-07 1.59495e+02
1.24500e-07 2.14871e+02
1.25500e-07 2.74088e+02
1.26500e-07 3.50687e+02
1.27500e-07 4.50698e+02
1.28500e-07 5.16696e+02
1.29500e-07 6.38186e+02
1.30500e-07 7.85570e+02
1.31500e-07 1.02652e+03
1.32500e-07 1.20183e+03
1.33500e-07 1.40510e+03
1.34500e-07 1.84772e+03
1.35500e-07 2.35679e+03
1.36500e-07 2.81108e+03
1.37500e-07 3.31732e+03
1.38500e-07 3.92634e+03
1.39500e-07 4.75669e+03
1.40500e-07 6.18697e+03
1.41500e-07 7.65757e+03
1.42500e-07 8.69905e+03
1.43500e-07 1.16739e+04
1.44200e-07 1.44810e+04
1.44700e-07 1.37411e+04
1.45500e-07 1.61368e+04
1.46500e-07 2.22311e+04
1.47500e-07 2.62475e+04
1.48500e-07 2.93205e+04
1.49500e-07 3.98942e+04
1.50500e-07 5.05628e+04
1.51200e-07 4.06237e+04
1.51700e-07 5.23738e+04
1.52500e-07 1.39419e+05
1.53500e-07 2.34475e+05
1.54500e-07 1.86974e+05
1.55500e-07 3.14702e+05
1.56500e-07 3.03264e+05
1.57500e-07 8.43010e+05
1.58500e-07 8.87382e+05
1.59500e-07 9.23143e+05
1.60500e-07 9.02989e+05
1.61500e-07 9.26579e+05
1.62500e-07 9.42759e+05
1.63500e-07 1.29446e+06
1.64500e-07 1.78131e+06
1.65500e-07 1.33975e+06
1.66500e-07 2.25979e+06
1.67200e-07 1.65080e+06
1.67700e-07 3.95494e+06
1.68500e-07 5.13250e+06
1.69500e-07 7.10183e+06
1.70500e-07 7.55541e+06
1.71500e-07 7.90459e+06
1.72500e-07 1.14079e+07
1.73500e-07 1.33373e+07
1.74500e-07 1.96962e+07
1.75500e-07 2.02968e+07
1.76500e-07 2.59387e+07
1.77500e-07 2.11585e+07
1.78500e-07 4.35550e+07
1.79500e-07 3.69361e+07
1.80500e-07 6.18941e+07
1.81500e-07 4.20310e+07
1.82500e-07 7.17531e+07
1.83500e-07 6.38206e+07
1.84500e-07 7.30701e+07
1.85500e-07 6.32357e+07
1.86500e-07 1.07902e+08
1.87500e-07 1.00862e+08
1.88500e-07 1.25544e+08
1.89500e-07 1.65746e+08
1.90500e-07 1.60979e+08
1.91500e-07 2.32948e+08
1.92500e-07 1.89004e+08
1.93500e-07 1.23889e+08
1.94500e-07 2.61678e+08
1.95500e-07 3.59912e+08
1.96700e-07 4.02700e+08
1.97600e-07 4.52068e+08
1.98400e-07 5.52110e+08
1.99500e-07 4.94176e+08
2.00500e-07 5.47821e+08
2.01500e-07 6.20207e+08
2.02500e-07 5.14177e+08
2.03500e-07 7.03641e+08
2.04500e-07 7.48132e+08
2.05500e-07 8.77733e+08
2.06500e-07 8.25300e+08
2.07400e-07 7.87254e+08
2.07800e-07 1.55845e+09
2.08500e-07 1.98616e+09
2.09500e-07 2.07093e+09
2.10500e-07 1.93618e+09
2.11500e-07 2.00071e+09
2.12500e-07 2.03073e+09
2.13500e-07 2.67608e+09
2.14500e-07 2.20830e+09
2.15500e-07 2.44200e+09
2.16500e-07 2.31734e+09
2.17500e-07 2.54152e+09
2.18500e-07 2.30131e+09
2.19500e-07 3.68604e+09
2.20500e-07 3.12696e+09
2.21500e-07 3.49500e+09
2.22500e-07 3.38436e+09
2.23500e-07 5.48033e+09
2.24500e-07 6.16766e+09
2.25500e-07 6.71088e+09
2.26500e-07 3.78623e+09
2.27500e-07 6.24540e+09
2.28500e-07 7.12337e+09
2.29500e-07 9.52872e+09
2.30500e-07 4.61186e+09
2.31500e-07 1.14835e+10
2.32500e-07 9.85798e+09
2.33500e-07 1.43175e+10
2.34500e-07 9.05478e+09
2.35500e-07 8.43258e+09
2.36500e-07 1.02864e+10
2.37500e-07 1.05086e+10
2.38500e-07 1.45772e+10
2.39500e-07 1.43034e+10
2.40500e-07 2.20638e+10
2.41500e-07 1.50648e+10
2.42500e-07 2.00440e+10
2.43500e-07 2.60137e+10
2.44500e-07 3.43694e+10
2.45500e-07 3.83361e+10
2.46500e-07 2.57105e+10
2.47500e-07 3.51212e+10
2.48500e-07 1.28871e+10
2.49500e-07 1.69095e+10
2.50500e-07 3.31107e+10
2.51300e-07 2.01621e+10
2.51800e-07 1.68528e+10
2.52500e-07 1.92382e+10
2.53500e-07 4.81244e+10
2.54500e-07 5.27845e+10
2.55500e-07 8.05974e+10
2.56500e-07 5.22761e+10
2.57500e-07 8.05548e+10
2.58500e-07 6.90969e+10
2.59500e-07 8.16675e+10
2.60500e-07 1.00644e+11
2.61500e-07 9.06646e+10
2.62500e-07 1.28224e+11
2.63500e-07 2.52650e+11
2.64500e-07 2.25881e+11
2.65500e-07 5.26282e+11
2.66500e-07 2.82062e+11
2.67500e-07 2.55533e+11
2.68500e-07 3.87504e+11
2.69500e-07 1.73758e+11
2.70500e-07 3.37646e+11
2.71500e-07 2.16505e+11
2.72500e-07 1.51019e+11
2.73500e-07 1.91240e+11
2.74500e-07 2.12488e+11
2.75500e-07 2.50150e+11
2.76500e-07 3.51401e+11
2.77500e-07 4.23225e+11
2.78500e-07 2.62096e+11
2.79500e-07 1.88413e+11
2.80500e-07 2.13641e+11
2.81500e-07 3.39709e+11
2.82500e-07 3.52654e+11
2.83500e-07 2.84788e+11
2.84500e-07 1.90445e+11
2.85500e-07 8.91791e+10
2.86500e-07 2.63878e+11
2.87500e-07 3.55103e+11
2.88500e-07 4.91551e+11
2.89500e-07 7.68023e+11
2.91000e-07 1.92184e+12
2.93000e-07 1.40974e+12
2.95000e-07 9.75278e+11
2.97000e-07 9.39637e+11
2.99000e-07 9.36801e+11
3.01000e-07 8.40025e+11
3.03000e-07 1.15844e+12
3.05000e-07 1.22388e+12
3.07000e-07 2.07266e+12
3.09000e-07 1.76246e+12
3.11000e-07 3.24374e+12
3.13000e-07 2.64437e+12
3.15000e-07 3.36330e+12
3.17000e-07 4.03952e+12
3.19000e-07 3.08430e+12
3.21000e-07 3.17267e+12
3.23000e-07 2.73055e+12
3.25000e-07 5.08715e+12
3.27000e-07 6.60879e+12
3.29000e-07 6.82382e+12
3.31000e-07 5.47038e+12
3.33000e-07 5.80066e+12
3.35000e-07 5.32710e+12
3.37000e-07 2.87826e+12
3.39000e-07 3.51059e+12
3.41000e-07 3.60722e+12
3.43000e-07 4.15031e+12
3.45000e-07 4.21185e+12
3.47000e-07 4.30392e+12
3.49000e-07 5.97846e+12
3.51000e-07 7.27738e+12
3.53000e-07 6.17872e+12
3.55000e-07 7.82248e+12
3.57000e-07 3.49539e+12
3.59000e-07 3.82135e+12
3.61000e-07 5.78505e+12
3.63000e-07 6.61206e+12
3.64000e-07 7.36623e+12
3.65000e-07 9.16397e+12
3.67000e-07 1.07238e+13
3.69000e-07 8.07408e+12
3.71000e-07 7.40591e+12
3.73000e-07 3.22550e+12
3.75000e-07 3.98310e+12
3.77000e-07 7.84982e+12
3.79000e-07 8.42340e+12
3.81000e-07 6.91170e+12
3.83000e-07 2.84020e+12
3.85000e-07 4.75002e+12
3.87000e-07 4.42536e+12
3.89000e-07 6.34378e+12
3.91000e-07 9.40908e+12
3.93000e-07 3.77367e+12
3.95000e-07 8.21696e+12
3.97000e-07 5.51248e+12
3.99000e-07 1.48902e+13
4.01000e-07 1.66037e+13
4.03000e-07 1.54256e+13
4.05000e-07 1.45125e+13
4.07000e-07 1.28444e+13
4.09000e-07 1.90810e+13
4.11000e-07 1.67929e+13
4.13000e-07 1.61359e+13
4.15000e-07 1.49938e+13
4.17000e-07 1.61047e+13
4.19000e-07 1.53178e+13
4.21000e-07 1.52692e+13
4.23000e-07 1.28396e+13
4.25000e-07 1.52943e+13
4.27000e-07 1.39395e+13
4.29000e-07 1.33149e+13
4.31000e-07 1.19816e+13
4.33000e-07 1.89984e+13
4.35000e-07 1.99251e+13
4.37000e-07 2.13469e+13
4.39000e-07 1.75955e+13
4.41000e-07 1.86665e+13
4.43000e-07 2.12276e+13
4.45000e-07 2.15128e+13
4.47000e-07 2.38340e+13
4.49000e-07 2.46593e+13
4.51000e-07 2.93734e+13
4.53000e-07 2.44497e+13
4.55000e-07 2.66864e+13
4.57000e-07 2.88488e+13
4.59000e-07 2.72461e+13
4.61000e-07 2.79090e+13
4.63000e-07 2.76051e+13
4.65000e-07 2.75494e+13
4.67000e-07 2.95215e+13
4.69000e-07 2.87668e+13
4.71000e-07 2.76161e+13
4.73000e-07 2.83782e+13
4.75000e-07 2.86908e+13
4.77000e-07 2.82073e+13
4.79000e-07 2.87554e+13
4.81000e-07 2.96387e+13
4.83000e-07 3.02271e+13
4.85000e-07 2.92191e+13
4.87000e-07 2.62062e+13
4.89000e-07 2.82295e+13
4.91000e-07 2.85109e+13
4.93000e-07 2.69796e+13
4.95000e-07 2.83426e+13
4.97000e-07 2.81973e+13
4.99000e-07 2.55843e+13
5.01000e-07 2.34548e+13
5.03000e-07 2.53874e+13
5.05000e-07 2.42177e+13
5.07000e-07 2.50353e+13
5.09000e-07 2.35041e+13
5.11000e-07 2.37230e+13
5.13000e-07 2.27840e+13
5.15000e-07 2.12850e+13
5.17000e-07 1.79522e+13
5.19000e-07 1.93469e+13
5.21000e-07 2.30681e+13
5.23000e-07 2.73765e+13
5.25000e-07 2.99047e+13
5.27000e-07 2.41573e+13
5.29000e-07 2.98648e+13
5.31000e-07 3.24768e+13
5.33000e-07 2.71068e+13
5.35000e-07 3.07241e+13
5.37000e-07 2.98948e+13
5.39000e-07 2.93349e+13
5.41000e-07 2.85327e+13
5.43000e-07 2.88889e+13
5.45000e-07 2.99989e+13
5.47000e-07 3.05002e+13
5.49000e-07 3.11408e+13
5.51000e-07 3.03443e+13
5.53000e-07 3.15419e+13
5.55000e-07 3.20696e+13
5.57000e-07 3.08780e+13
5.59000e-07 2.97388e+13
5.61000e-07 3.15860e+13
5.63000e-07 3.17637e+13
5.65000e-07 3.22462e+13
5.67000e-07 3.13312e+13
5.69000e-07 3.19131e+13
5.71000e-07 3.06419e+13
5.73000e-07 3.33715e+13
5.75000e-07 3.24162e+13
5.77000e-07 3.27893e+13
5.79000e-07 3.12608e+13
5.81000e-07 3.27200e+13
5.83000e-07 3.36364e+13
5.85000e-07 3.25107e+13
5.87000e-07 3.27236e+13
5.89000e-07 2.87325e+13
5.91000e-07 3.23814e+13
5.93000e-07 3.23851e+13
5.95000e-07 3.24710e+13
5.97000e-07 3.28754e+13
5.99000e-07 3.24567e+13
6.01000e-07 3.18374e+13
6.03000e-07 3.24554e+13
6.05000e-07 3.29720e+13
6.07000e-07 3.26293e+13
6.09000e-07 3.15458e+13
6.11000e-07 3.16141e+13
6.13000e-07 2.96677e+13
6.15000e-07 3.11036e+13
6.17000e-07 2.88667e+13
6.19000e-07 3.16203e+13
6.21000e-07 3.14706e+13
6.23000e-07 3.05312e+13
6.25000e-07 2.96456e+13
6.27000e-07 3.08703e+13
6.29000e-07 3.12856e+13
6.31000e-07 3.02805e+13
6.33000e-07 3.06254e+13
6.35000e-07 3.08448e+13
6.37000e-07 3.07479e+13
6.39000e-07 3.11490e+13
6.41000e-07 3.03315e+13
6.43000e-07 3.06515e+13
6.45000e-07 3.01973e+13
6.47000e-07 2.99164e+13
6.49000e-07 2.94622e+13
6.51000e-07 3.05650e+13
6.53000e-07 3.08366e+13
6.55000e-07 3.01367e+13
6.56125e-07 2.88163e+13
6.59000e-07 3.01467e+13
6.61000e-07 3.06112e+13
6.63000e-07 3.03788e+13
6.65000e-07 3.03386e+13
6.67000e-07 2.98055e+13
6.69000e-07 3.04996e+13
6.71000e-07 2.94939e+13
6.73000e-07 3.03544e+13
6.75000e-07 2.98598e+13
6.77000e-07 3.00741e+13
6.79000e-07 2.97370e+13
6.81000e-07 2.96844e+13
6.83000e-07 2.99857e+13
6.85000e-07 2.90987e+13
6.87000e-07 2.94516e+13
6.89000e-07 2.96094e+13
6.91000e-07 2.94051e+13
6.93000e-07 2.92026e+13
6.95000e-07 2.90793e+13
6.97000e-07 2.92027e+13
6.99000e-07 2.88692e+13
7.01000e-07 2.83053e+13
7.03000e-07 2.87246e+13
7.05000e-07 2.88484e+13
7.07000e-07 2.84434e+13
7.09000e-07 2.83162e+13
7.11000e-07 2.84872e+13
7.13000e-07 2.79475e+13
7.15000e-07 2.75747e+13
7.17000e-07 2.79883e+13
7.19000e-07 2.70108e+13
7.21000e-07 2.74307e+13
7.23000e-07 2.79422e+13
7.25000e-07 2.77696e+13
7.27000e-07 2.78081e+13
7.29000e-07 2.71503e+13
7.31000e-07 2.74581e+13
7.33000e-07 2.72194e+13
7.35000e-07 2.72193e+13
7.37000e-07 2.74997e+13
7.39000e-07 2.68758e+13
7.41000e-07 2.63405e+13
7.43000e-07 2.69441e+13
7.45000e-07 2.68458e+13
7.47000e-07 2.70276e+13
7.49000e-07 2.67915e+13
7.51000e-07 2.68761e+13
7.53000e-07 2.70059e+13
7.55000e-07 2.70659e+13
7.57000e-07 2.68120e+13
7.59000e-07 2.66212e+13
7.61000e-07 2.65556e+13
7.63000e-07 2.66469e+13
7.65000e-07 2.66507e+13
7.67000e-07 2.55410e+13
7.69000e-07 2.65111e+13
7.71000e-07 2.58864e+13
7.73000e-07 2.61151e+13
7.75000e-07 2.57472e+13
7.77000e-07 2.63630e+13
7.79000e-07 2.61682e+13
7.81000e-07 2.60529e+13
7.83000e-07 2.56828e+13
7.85000e-07 2.56156e+13
7.87000e-07 2.59400e+13
7.89000e-07 2.56822e+13
7.91000e-07 2.52177e+13
7.93000e-07 2.49085e+13
7.95000e-07 2.46206e+13
7.97000e-07 2.53074e+13
7.99000e-07 2.52121e+13
8.01000e-07 2.48979e+13
8.03000e-07 2.48955e+13
8.05000e-07 2.46621e+13
8.07000e-07 2.47477e+13
8.09000e-07 2.42755e+13
8.11000e-07 2.44578e+13
8.13000e-07 2.46231e+13
8.15000e-07 2.44985e+13
8.17000e-07 2.44385e+13
8.19000e-07 2.33589e+13
8.21000e-07 2.37516e+13
8.23000e-07 2.37848e+13
8.25000e-07 2.39707e+13
8.27000e-07 2.42113e+13
8.29000e-07 2.40288e+13
8.31000e-07 2.34872e+13
8.33000e-07 2.31954e+13
8.35000e-07 2.33957e+13
8.37000e-07 2.34824e+13
8.39000e-07 2.24736e+13
8.41000e-07 2.34412e+13
8.43000e-07 2.27104e+13
8.45000e-07 2.32019e+13
8.47000e-07 2.29391e+13
8.49000e-07 2.31636e+13
8.51000e-07 2.21387e+13
8.53000e-07 2.30851e+13
8.55000e-07 2.17847e+13
8.57000e-07 2.31450e+13
8.59000e-07 2.26825e+13
8.61000e-07 2.26062e+13
8.63000e-07 2.27560e+13
8.65000e-07 2.28886e+13
8.67000e-07 2.11472e+13
8.69000e-07 2.17335e+13
8.71000e-07 2.22962e+13
8.73000e-07 2.23123e+13
8.75000e-07 2.21455e+13
8.77000e-07 2.22434e+13
8.79000e-07 2.21150e+13
8.81000e-07 2.12333e+13
8.83000e-07 2.17248e+13
8.85000e-07 2.19677e+13
8.87000e-07 2.15939e+13
8.89000e-07 2.20050e+13
8.91000e-07 2.20677e+13
8.93000e-07 2.15763e+13
8.95000e-07 2.14344e+13
8.97000e-07 2.15346e+13
8.99000e-07 2.15792e+13
9.01000e-07 2.06445e+13
9.03000e-07 2.12896e+13
9.05000e-07 2.16597e+13
9.07000e-07 2.14462e+13
9.09000e-07 2.07250e+13
9.11000e-07 2.08565e+13
9.13000e-07 2.11697e+13
9.15000e-07 2.10683e+13
9.17000e-07 2.10164e+13
9.19000e-07 2.11877e+13
9.21000e-07 2.07187e+13
9.23000e-07 2.08665e+13
9.25000e-07 2.05514e+13
9.27000e-07 2.06307e+13
9.29000e-07 2.05127e+13
9.31000e-07 2.07111e+13
9.33000e-07 2.05696e+13
9.35000e-07 2.04550e+13
9.37000e-07 2.01652e+13
9.39000e-07 2.03806e+13
9.41000e-07 1.97444e+13
9.43000e-07 2.02568e+13
9.45000e-07 1.97548e+13
9.47000e-07 2.01323e+13
9.49000e-07 2.01650e+13
9.51000e-07 2.00041e+13
9.53000e-07 1.99248e+13
9.55000e-07 1.95742e+13
9.57000e-07 1.95512e+13
9.59000e-07 1.98512e+13
9.61000e-07 1.95353e+13
9.63000e-07 1.95119e+13
9.65000e-07 1.90634e+13
9.67000e-07 1.91091e+13
9.69000e-07 1.93629e+13
9.71000e-07 1.91626e+13
9.73000e-07 1.90055e+13
9.75000e-07 1.89367e+13
9.77000e-07 1.89662e+13
9.79000e-07 1.86341e+13
9.81000e-07 1.90506e+13
9.83000e-07 1.88839e+13
9.85000e-07 1.89933e+13
9.87000e-07 1.87938e+13
9.89000e-07 1.87722e+13
9.91000e-07 1.87187e+13
9.93000e-07 1.87408e+13
9.95000e-07 1.86945e+13
9.97000e-07 1.86575e+13
9.99000e-07 1.85587e+13
1.00250e-06 1.84319e+13
1.00750e-06 1.82149e+13
1.01250e-06 1.81516e+13
1.01750e-06 1.78947e+13
1.02250e-06 1.78055e+13
1.02750e-06 1.77647e+13
1.03250e-06 1.74404e+13
1.03750e-06 1.72951e+13
1.04250e-06 1.73320e+13
1.04750e-06 1.70935e+13
1.05250e-06 1.70726e+13
1.05750e-06 1.68192e+13
1.06250e-06 1.67163e+13
1.06750e-06 1.64391e+13
1.07250e-06 1.64175e+13
1.07750e-06 1.61951e+13
1.08250e-06 1.58896e+13
1.08750e-06 1.58897e+13
1.09250e-06 1.59696e+13
1.09750e-06 1.56900e+13
1.10250e-06 1.57296e+13
1.10750e-06 1.56942e+13
1.11250e-06 1.55412e+13
1.11750e-06 1.53500e+13
1.12250e-06 1.53275e+13
1.12750e-06 1.49897e+13
1.13250e-06 1.49966e+13
1.13750e-06 1.48115e+13
1.14250e-06 1.45889e+13
1.14750e-06 1.47742e+13
1.15250e-06 1.47089e+13
1.15750e-06 1.44924e+13
1.16250e-06 1.42312e+13
1.16750e-06 1.42422e+13
1.17250e-06 1.43136e+13
1.17750e-06 1.40149e+13
1.18250e-06 1.38366e+13
1.18750e-06 1.36970e+13
1.19250e-06 1.39305e+13
1.19750e-06 1.33450e+13
1.20250e-06 1.35919e+13
1.20750e-06 1.34070e+13
1.21250e-06 1.34609e+13
1.21750e-06 1.34817e+13
1.22250e-06 1.33684e+13
1.22750e-06 1.32307e+13
1.23250e-06 1.31598e+13
1.23750e-06 1.30977e+13
1.24250e-06 1.29395e+13
1.24750e-06 1.29416e+13
1.25250e-06 1.27818e+13
1.25750e-06 1.27628e+13
1.26250e-06 1.26578e+13
1.26750e-06 1.25101e+13
1.27250e-06 1.25209e+13
1.27750e-06 1.24937e+13
1.28250e-06 1.20605e+13
1.28750e-06 1.22092e+13
1.29250e-06 1.20698e+13
1.29750e-06 1.21592e+13
1.30250e-06 1.19983e+13
1.30750e-06 1.20215e+13
1.31250e-06 1.16926e+13
1.31750e-06 1.16856e+13
1.32250e-06 1.17708e+13
1.32750e-06 1.15566e+13
1.33250e-06 1.15838e+13
1.33750e-06 1.15074e+13
1.34250e-06 1.15492e+13
1.34750e-06 1.14507e+13
1.35250e-06 1.14006e+13
1.35750e-06 1.11970e+13
1.36250e-06 1.11428e+13
1.36750e-06 1.11529e+13
1.37250e-06 1.11544e+13
1.37750e-06 1.10553e+13
1.38250e-06 1.10303e+13
1.38750e-06 1.09088e+13
1.39250e-06 1.09342e+13
1.39750e-06 1.08835e+13
1.40250e-06 1.06930e+13
1.40750e-06 1.07680e+13
1.41250e-06 1.06122e+13
1.41750e-06 1.06882e+13
1.42250e-06 1.04684e+13
1.42750e-06 1.02351e+13
1.43250e-06 1.04586e+13
1.43750e-06 1.04733e+13
1.44250e-06 1.01379e+13
1.44750e-06 1.03404e+13
1.45250e-06 1.01374e+13
1.45700e-06 1.01552e+13
1.46200e-06 1.01807e+13
1.46750e-06 1.01264e+13
1.47250e-06 9.93596e+12
1.47750e-06 9.93751e+12
1.48250e-06 9.91481e+12
1.48750e-06 9.63255e+12
1.49250e-06 9.93901e+12
1.49750e-06 9.77262e+12
1.50250e-06 9.20121e+12
1.50750e-06 9.40087e+12
1.51250e-06 9.67674e+12
1.51750e-06 9.64792e+12
1.52250e-06 9.53541e+12
1.52750e-06 9.57917e+12
1.53250e-06 9.49222e+12
1.53750e-06 9.50310e+12
1.54250e-06 9.50477e+12
1.54750e-06 9.43039e+12
1.55250e-06 9.26580e+12
1.55750e-06 9.20578e+12
1.56250e-06 9.28599e+12
1.56750e-06 9.04684e+12
1.57250e-06 9.12012e+12
1.57750e-06 8.64911e+12
1.58250e-06 8.89706e+12
1.58750e-06 8.62106e+12
1.59250e-06 8.78300e+12
1.59750e-06 8.82465e+12
1.60500e-06 8.78332e+12
1.61500e-06 8.63733e+12
1.62500e-06 8.57743e+12
1.63500e-06 8.44549e+12
1.64500e-06 8.28228e+12
1.65500e-06 8.20354e+12
1.66500e-06 8.04754e+12
1.67500e-06 7.79826e+12
1.68500e-06 7.65555e+12
1.69500e-06 7.63499e+12
1.70500e-06 7.37307e+12
1.71500e-06 7.24366e+12
1.72500e-06 7.07395e+12
1.73500e-06 6.90191e+12
1.74500e-06 6.82019e+12
1.75500e-06 6.71321e+12
1.76500e-06 6.59841e+12
1.77500e-06 6.44189e+12
1.78500e-06 6.36365e+12
1.79500e-06 6.22781e+12
1.80500e-06 6.08823e+12
1.81500e-06 5.94814e+12
1.82500e-06 5.84400e+12
1.83500e-06 5.73483e+12
1.84500e-06 5.57411e+12
1.85500e-06 5.53322e+12
1.86500e-06 5.36422e+12
1.87500e-06 5.18306e+12
1.88500e-06 5.20805e+12
1.89500e-06 4.98622e+12
1.90500e-06 5.03553e+12
1.91500e-06 4.92627e+12
1.92500e-06 4.84624e+12
1.93500e-06 4.69838e+12
1.94500e-06 4.56535e+12
1.95500e-06 4.57160e+12
1.96500e-06 4.48889e+12
1.97500e-06 4.36551e+12
1.98500e-06 4.30748e+12
1.99500e-06 4.24946e+12
2.00500e-06 4.22357e+12
2.01500e-06 4.16431e+12
2.02500e-06 4.04234e+12
2.03500e-06 3.96505e+12
2.04500e-06 3.94430e+12
2.05500e-06 3.86728e+12
2.06500e-06 3.77559e+12
2.07500e-06 3.72703e+12
2.08500e-06 3.66450e+12
2.09500e-06 3.56892e+12
2.10500e-06 3.54750e+12
2.11500e-06 3.47723e+12
2.12500e-06 3.42114e+12
2.13500e-06 3.37751e+12
2.14500e-06 3.31981e+12
2.15500e-06 3.26668e+12
2.16500e-06 3.17179e+12
2.17500e-06 3.13553e+12
2.18500e-06 3.09230e+12
2.19500e-06 3.05199e+12
2.20500e-06 2.96083e+12
2.21500e-06 2.95988e+12
2.22500e-06 2.88623e+12
2.23500e-06 2.84552e+12
2.24500e-06 2.80416e+12
2.25500e-06 2.76757e+12
2.26500e-06 2.70301e+12
2.27500e-06 2.68498e+12
2.28500e-06 2.62026e+12
2.29500e-06 2.42681e+12
2.30500e-06 2.48139e+12
2.31500e-06 2.45416e+12
2.32500e-06 2.25260e+12
2.33500e-06 2.31080e+12
2.34500e-06 2.32778e+12
2.35500e-06 2.12356e+12
2.36500e-06 2.21085e+12
2.37500e-06 2.20243e+12
2.38500e-06 2.02597e+12
2.39500e-06 2.09217e+12
2.40500e-06 2.09468e+12
2.41500e-06 1.95741e+12
2.42500e-06 1.99050e+12
2.43500e-06 1.99020e+12
2.44500e-06 1.90652e+12
2.45500e-06 1.87677e+12
2.46500e-06 1.91204e+12
2.47500e-06 1.85185e+12
2.48500e-06 1.78634e+12
2.49500e-06 1.81453e+12
2.50500e-06 1.81784e+12
2.51500e-06 1.73248e+12
2.52500e-06 1.75199e+12
2.53500e-06 1.73521e+12
2.54500e-06 1.69316e+12
2.55500e-06 1.67399e+12
2.56500e-06 1.65884e+12
2.57500e-06 1.65297e+12
2.58500e-06 1.59054e+12
2.59500e-06 1.59576e+12
2.60500e-06 1.58492e+12
2.61500e-06 1.56097e+12
2.62500e-06 1.52002e+12
2.63500e-06 1.51686e+12
2.64500e-06 1.49572e+12
2.65500e-06 1.47784e+12
2.66500e-06 1.44322e+12
2.67500e-06 1.45472e+12
2.68500e-06 1.43565e+12
2.69500e-06 1.41060e+12
2.70500e-06 1.39776e+12
2.71500e-06 1.37992e+12
2.72500e-06 1.36276e+12
2.73500e-06 1.34390e+12
2.74500e-06 1.33143e+12
2.75500e-06 1.31433e+12
2.76500e-06 1.29238e+12
2.77500e-06 1.27491e+12
2.78500e-06 1.26203e+12
2.79500e-06 1.25012e+12
2.80500e-06 1.23261e+12
2.81500e-06 1.21630e+12
2.82500e-06 1.20096e+12
2.83500e-06 1.18880e+12
2.84500e-06 1.17012e+12
2.85500e-06 1.15630e+12
2.86500e-06 1.14150e+12
2.87500e-06 1.12742e+12
2.88500e-06 1.11355e+12
2.89500e-06 1.10003e+12
2.90500e-06 1.08577e+12
2.91500e-06 1.07315e+12
2.92500e-06 1.05129e+12
2.93500e-06 1.04532e+12
2.94500e-06 1.03037e+12
2.95500e-06 1.01914e+12
2.96500e-06 1.00812e+12
2.97500e-06 9.95945e+11
2.98500e-06 9.82350e+11
2.99500e-06 9.68913e+11
3.00500e-06 9.57385e+11
3.01500e-06 9.47563e+11
3.02500e-06 9.33816e+11
3.03500e-06 9.20842e+11
3.04500e-06 9.12813e+11
3.05500e-06 9.00913e+11
3.06500e-06 8.88788e+11
3.07500e-06 8.80268e+11
3.08500e-06 8.66297e+11
3.09500e-06 8.57483e+11
3.10500e-06 8.49194e+11
3.11500e-06 8.32064e+11
3.12500e-06 8.28291e+11
3.13500e-06 8.19029e+11
3.14500e-06 8.09220e+11
3.15500e-06 7.97021e+11
3.16500e-06 7.88006e+11
3.17500e-06 7.80583e+11
3.18500e-06 7.71344e+11
3.19500e-06 7.63054e+11
3.21000e-06 7.48628e+11
3.23000e-06 7.31044e+11
3.25000e-06 7.14085e+11
3.27000e-06 6.97308e+11
3.29000e-06 6.80503e+11
3.31000e-06 6.65324e+11
3.33000e-06 6.49067e+11
3.35000e-06 6.36774e+11
3.37000e-06 6.21974e+11
3.39000e-06 6.06658e+11
3.41000e-06 5.92759e+11
3.43000e-06 5.81960e+11
3.45000e-06 5.69978e+11
3.47000e-06 5.57075e+11
3.49000e-06 5.45203e+11
3.51000e-06 5.34054e+11
3.53000e-06 5.21489e+11
3.55000e-06 5.11235e+11
3.57000e-06 4.99907e+11
3.59000e-06 4.89208e+11
3.61000e-06 4.79929e+11
3.63000e-06 4.69880e+11
3.65000e-06 4.58948e+11
3.67000e-06 4.48869e+11
3.69000e-06 4.37985e+11
3.71000e-06 4.28567e+11
3.73000e-06 4.22061e+11
3.75000e-06 4.11142e+11
3.77000e-06 4.05174e+11
3.79000e-06 3.96739e+11
3.81000e-06 3.89574e+11
3.83000e-06 3.82589e+11
3.85000e-06 3.75294e+11
3.87000e-06 3.66370e+11
3.89000e-06 3.60097e+11
3.91000e-06 3.53688e+11
3.93000e-06 3.46853e+11
3.95000e-06 3.38810e+11
3.97000e-06 3.33038e+11
3.99000e-06 3.24904e+11
4.01000e-06 3.20031e+11
4.03000e-06 3.14868e+11
4.05000e-06 3.07838e+11
4.07000e-06 3.02751e+11
4.09000e-06 2.97410e+11
4.11000e-06 2.91958e+11
4.13000e-06 2.86950e+11
4.15000e-06 2.81260e+11
4.17000e-06 2.76207e+11
4.19000e-06 2.70422e+11
4.21000e-06 2.64543e+11
4.23000e-06 2.61921e+11
4.25000e-06 2.56375e+11
4.27000e-06 2.52491e+11
4.29000e-06 2.38597e+11
4.31000e-06 2.26390e+11
4.33000e-06 2.26474e+11
4.35000e-06 2.14162e+11
4.37000e-06 2.07748e+11
4.39000e-06 2.04237e+11
4.41000e-06 1.93500e+11
4.43000e-06 1.91096e+11
4.45000e-06 1.88144e+11
4.47000e-06 1.79233e+11
4.49000e-06 1.80245e+11
4.51000e-06 1.75118e+11
4.53000e-06 1.68956e+11
4.55000e-06 1.69202e+11
4.57000e-06 1.68017e+11
4.59000e-06 1.60907e+11
4.61000e-06 1.62014e+11
4.63000e-06 1.59032e+11
4.65000e-06 1.57878e+11
4.67000e-06 1.56824e+11
4.69000e-06 1.54334e+11
4.71000e-06 1.51176e+11
4.73000e-06 1.51993e+11
4.75000e-06 1.48211e+11
4.77000e-06 1.46146e+11
4.79000e-06 1.44634e+11
4.81000e-06 1.40788e+11
4.83000e-06 1.41840e+11
4.85000e-06 1.39121e+11
4.87000e-06 1.35947e+11
4.89000e-06 1.34247e+11
4.91000e-06 1.32671e+11
4.93000e-06 1.30369e+11
4.95000e-06 1.28088e+11
4.97000e-06 1.26998e+11
4.99000e-06 1.24941e+11
5.01000e-06 1.23755e+11
5.03000e-06 1.22132e+11
5.05000e-06 1.19133e+11
5.07000e-06 1.18214e+11
5.09000e-06 1.16946e+11
5.11000e-06 1.14355e+11
5.13000e-06 1.13972e+11
5.15000e-06 1.11655e+11
5.17000e-06 1.11440e+11
5.19000e-06 1.09005e+11
5.21000e-06 1.07958e+11
5.23000e-06 1.05896e+11
5.25000e-06 1.05318e+11
5.27000e-06 1.04584e+11
5.29000e-06 1.01844e+11
5.31000e-06 1.00845e+11
5.33000e-06 9.98553e+10
5.35000e-06 9.86850e+10
5.37000e-06 9.75555e+10
5.39000e-06 9.64658e+10
5.41000e-06 9.51876e+10
5.43000e-06 9.31933e+10
5.45000e-06 9.28658e+10
5.47000e-06 9.15407e+10
5.49000e-06 9.02800e+10
5.51000e-06 8.92858e+10
5.53000e-06 8.92214e+10
5.55000e-06 8.67706e+10
5.57000e-06 8.67084e+10
5.59000e-06 8.51101e+10
5.61000e-06 8.42242e+10
5.63000e-06 8.28401e+10
5.65000e-06 8.23904e+10
5.67000e-06 8.13894e+10
5.69000e-06 7.98525e+10
5.71000e-06 7.95148e+10
5.73000e-06 7.84007e+10
5.75000e-06 7.75156e+10
5.77000e-06 7.63794e+10
5.79000e-06 7.58381e+10
5.81000e-06 7.45524e+10
5.83000e-06 7.37336e+10
5.85000e-06 7.29617e+10
5.87000e-06 7.17700e+10
5.89000e-06 7.09316e+10
5.91000e-06 7.02927e+10
5.93000e-06 6.94304e+10
5.95000e-06 6.84718e+10
5.97000e-06 6.78742e+10
5.99000e-06 6.70270e+10
6.01000e-06 6.62030e+10
6.03000e-06 6.54092e+10
6.05000e-06 6.44525e+10
6.07000e-06 6.36921e+10
6.09000e-06 6.29271e+10
6.11000e-06 6.20435e+10
6.13000e-06 6.14588e+10
6.15000e-06 6.07729e+10
6.17000e-06 6.00916e+10
6.19000e-06 5.94138e+10
6.21000e-06 5.87455e+10
6.23000e-06 5.78972e+10
6.25000e-06 5.71483e+10
6.27000e-06 5.64642e+10
6.29000e-06 5.59038e+10
6.31000e-06 5.51753e+10
6.33000e-06 5.46909e+10
6.35000e-06 5.39545e+10
6.37000e-06 5.34194e+10
6.39000e-06 5.27054e+10
6.42000e-06 5.18109e+10
6.46000e-06 5.05736e+10
6.50000e-06 4.94065e+10
6.54000e-06 4.82914e+10
6.58000e-06 4.72092e+10
6.62000e-06 4.61014e+10
6.66000e-06 4.50601e+10
6.70000e-06 4.40336e+10
6.74000e-06 4.30141e+10
6.78000e-06 4.20581e+10
6.82000e-06 4.11053e+10
6.86000e-06 4.01999e+10
6.90000e-06 3.93023e+10
6.94000e-06 3.84258e+10
6.98000e-06 3.75900e+10
7.02000e-06 3.67294e+10
7.06000e-06 3.59531e+10
7.10000e-06 3.51747e+10
7.14000e-06 3.44144e+10
7.18000e-06 3.36696e+10
7.22000e-06 3.29550e+10
7.26000e-06 3.22462e+10
7.30000e-06 3.15693e+10
7.34000e-06 3.08912e+10
7.38000e-06 3.02515e+10
7.42000e-06 2.95937e+10
7.46000e-06 2.89759e+10
7.50000e-06 2.83891e+10
7.54000e-06 2.77891e+10
7.58000e-06 2.72520e+10
7.62000e-06 2.66948e+10
7.66000e-06 2.61542e+10
7.70000e-06 2.56188e+10
7.74000e-06 2.51126e+10
7.78000e-06 2.46117e+10
7.82000e-06 2.41221e+10
7.86000e-06 2.36449e+10
7.90000e-06 2.31791e+10
7.94000e-06 2.27250e+10
7.98000e-06 2.22842e+10
8.02000e-06 2.18393e+10
8.06000e-06 2.14161e+10
8.10000e-06 2.10150e+10
8.14000e-06 2.06032e+10
8.18000e-06 2.02220e+10
8.22000e-06 1.98400e+10
8.26000e-06 1.94644e+10
8.30000e-06 1.90996e+10
8.34000e-06 1.87348e+10
8.38000e-06 1.83842e+10
8.42000e-06 1.80537e+10
8.46000e-06 1.77192e+10
8.50000e-06 1.73948e+10
8.54000e-06 1.70778e+10
8.58000e-06 1.67695e+10
8.62000e-06 1.64656e+10
8.66000e-06 1.61707e+10
8.70000e-06 1.58805e+10
8.74000e-06 1.55979e+10
8.78000e-06 1.53197e+10
8.82000e-06 1.50436e+10
8.86000e-06 1.47799e+10
8.90000e-06 1.45166e+10
8.94000e-06 1.42705e+10
8.98000e-06 1.40147e+10
9.02000e-06 1.37800e+10
9.06000e-06 1.35439e+10
9.10000e-06 1.32991e+10
9.14000e-06 1.30806e+10
9.18000e-06 1.28573e+10
9.22000e-06 1.26436e+10
9.26000e-06 1.24296e+10
9.30000e-06 1.22210e+10
9.34000e-06 1.20159e+10
9.38000e-06 1.18160e+10
9.42000e-06 1.16199e+10
9.46000e-06 1.14263e+10
9.50000e-06 1.12385e+10
9.54000e-06 1.10546e+10
9.58000e-06 1.08750e+10
9.62000e-06 1.06973e+10
9.66000e-06 1.05249e+10
9.70000e-06 1.03550e+10
9.74000e-06 1.01784e+10
9.78000e-06 1.00224e+10
9.82000e-06 9.86554e+09
9.86000e-06 9.70893e+09
9.90000e-06 9.55568e+09
9.94000e-06 9.40419e+09
9.98000e-06 9.25709e+09
1.00200e-05 9.11241e+09
2.00000e-05 5.92343e+08
4.00000e-05 3.73410e+07
6.00000e-05 7.35482e+06
8.00000e-05 2.31589e+06
1.00000e-04 9.43785e+05
1.20000e-04 4.52914e+05
1.40000e-04 2.43337e+05
1.60000e-04 1.42027e+05
