9.09000e-09 0.00000e+00
9.35000e-09 0.00000e+00
9.61000e-09 0.00000e+00
9.77000e-09 0.00000e+00
9.96000e-09 0.00000e+00
1.02000e-08 0.00000e+00
1.03800e-08 0.00000e+00
1.05600e-08 0.00000e+00
1.07700e-08 0.00000e+00
1.10400e-08 0.00000e+00
1.14000e-08 0.00000e+00
1.17800e-08 0.00000e+00
1.21300e-08 0.00000e+00
1.24800e-08 0.00000e+00
1.27100e-08 0.00000e+00
1.28400e-08 0.00000e+00
1.30500e-08 0.00000e+00
1.32400e-08 0.00000e+00
1.33900e-08 0.00000e+00
1.36600e-08 0.00000e+00
1.39800e-08 0.00000e+00
1.43300e-08 0.00000e+00
1.47200e-08 0.00000e+00
1.51000e-08 0.00000e+00
1.55200e-08 0.00000e+00
1.58800e-08 0.00000e+00
1.62000e-08 0.00000e+00
1.66000e-08 0.00000e+00
1.70300e-08 0.00000e+00
1.73400e-08 0.00000e+00
1.76800e-08 0.00000e+00
1.80200e-08 0.00000e+00
1.81700e-08 0.00000e+00
1.86100e-08 0.00000e+00
1.91000e-08 0.00000e+00
1.93900e-08 0.00000e+00
1.98400e-08 0.00000e+00
2.01800e-08 0.00000e+00
2.05000e-08 0.00000e+00
2.10500e-08 0.00000e+00
2.16200e-08 0.00000e+00
2.19800e-08 0.00000e+00
2.23000e-08 0.00000e+00
2.26800e-08 0.00000e+00
2.30000e-08 0.00000e+00
2.34000e-08 0.00000e+00
2.40000e-08 0.00000e+00
2.46500e-08 0.00000e+00
2.52400e-08 0.00000e+00
2.56800e-08 0.00000e+00
2.60000e-08 0.00000e+00
2.64000e-08 0.00000e+00
2.68500e-08 0.00000e+00
2.73500e-08 0.00000e+00
2.78500e-08 0.00000e+00
2.84000e-08 0.00000e+00
2.90000e-08 0.00000e+00
2.96000e-08 0.00000e+00
3.01000e-08 0.00000e+00
3.08000e-08 0.00000e+00
3.18000e-08 0.00000e+00
3.28000e-08 0.00000e+00
3.38000e-08 0.00000e+00
3.48000e-08 0.00000e+00
3.57000e-08 0.00000e+00
3.66000e-08 0.00000e+00
3.75000e-08 0.00000e+00
3.85000e-08 0.00000e+00
3.95000e-08 0.00000e+00
4.05000e-08 0.00000e+00
4.14000e-08 0.00000e+00
4.22000e-08 0.00000e+00
4.30000e-08 0.00000e+00
4.41000e-08 0.00000e+00
4.51000e-08 0.00000e+00
4.60000e-08 0.00000e+00
4.70000e-08 0.00000e+00
4.80000e-08 0.00000e+00
4.90000e-08 0.00000e+00
5.00000e-08 0.00000e+00
5.06000e-08 2.61908e-02
5.12000e-08 4.93821e-02
5.20000e-08 1.02461e-01
5.30000e-08 2.42079e-01
5.40000e-08 5.53055e-01
5.50000e-08 1.22406e+00
5.60000e-08 2.62906e+00
5.70000e-08 5.48886e+00
5.80000e-08 1.11553e+01
5.90000e-08 2.21006e+01
6.00000e-08 4.27380e+01
6.10000e-08 8.07677e+01
6.20000e-08 1.49340e+02
6.30000e-08 2.70441e+02
6.40000e-08 4.80157e+02
6.50000e-08 8.36565e+02
6.58000e-08 1.28752e+03
6.65000e-08 1.86054e+03
6.75000e-08 3.10372e+03
6.85000e-08 5.09530e+03
6.95000e-08 8.23773e+03
7.05000e-08 6.50839e+02
7.16000e-08 1.01073e+03
7.26000e-08 1.48319e+03
7.35000e-08 2.07339e+03
7.45000e-08 2.97373e+03
7.55000e-08 4.22098e+03
7.65000e-08 5.92958e+03
7.75000e-08 8.24307e+03
7.85000e-08 1.13565e+04
7.95000e-08 1.53231e+04
8.05000e-08 2.08351e+04
8.15000e-08 2.80155e+04
8.25000e-08 3.72361e+04
8.35000e-08 4.90715e+04
8.45000e-08 6.42161e+04
8.55000e-08 8.33880e+04
8.65000e-08 1.07482e+05
8.75000e-08 1.37151e+05
8.85000e-08 1.74910e+05
8.95000e-08 2.21013e+05
9.05000e-08 2.76003e+05
9.15000e-08 7.53663e+07
9.25000e-08 2.84908e+08
9.35000e-08 3.89829e+08
9.45000e-08 5.17494e+08
9.55000e-08 7.08250e+08
9.65000e-08 8.95641e+08
9.75000e-08 1.00382e+09
9.85000e-08 1.30466e+09
9.95000e-08 1.51073e+09
1.00500e-07 1.96365e+09
1.01500e-07 2.37372e+09
1.02500e-07 2.35621e+09
1.03500e-07 3.34569e+09
1.04500e-07 4.03458e+09
1.05500e-07 4.76030e+09
1.06500e-07 5.43759e+09
1.07500e-07 6.52190e+09
1.08500e-07 7.60613e+09
1.09500e-07 8.59424e+09
1.10500e-07 3.19304e+10
1.11500e-07 5.36691e+10
1.12500e-07 6.95342e+10
1.13500e-07 8.57789e+10
1.14500e-07 1.00474e+11
1.15500e-07 1.04918e+11
1.16500e-07 1.32372e+11
1.17500e-07 1.49186e+11
1.18500e-07 1.47508e+11
1.19500e-07 9.59010e+10
1.20500e-07 9.72036e+10
1.21500e-07 2.45381e+10
1.22500e-07 1.10660e+11
1.23500e-07 2.25289e+11
1.24500e-07 4.63492e+11
1.25500e-07 7.05204e+11
1.26500e-07 7.13380e+11
1.27500e-07 1.11949e+12
1.28500e-07 2.00436e+12
1.29500e-07 3.22676e+12
1.30500e-07 2.75631e+12
1.31500e-07 7.56892e+12
1.32500e-07 1.06488e+13
1.33500e-07 1.24614e+13
1.34500e-07 2.07238e+13
1.35500e-07 2.03698e+13
1.36500e-07 2.26456e+13
1.37500e-07 2.74942e+13
1.38500e-07 2.46967e+13
1.39500e-07 2.99367e+13
1.40500e-07 3.28213e+13
1.41500e-07 3.42632e+13
1.42500e-07 3.98154e+13
1.43500e-07 3.63920e+13
1.44200e-07 4.95588e+13
1.44700e-07 6.32026e+13
1.45500e-07 7.24179e+13
1.46500e-07 5.87101e+13
1.47500e-07 6.33435e+13
1.48500e-07 7.40520e+13
1.49500e-07 8.74628e+13
1.50500e-07 9.67496e+13
1.51200e-07 8.46173e+13
1.51700e-07 8.17767e+13
1.52500e-07 1.30589e+14
1.53500e-07 1.37914e+14
1.54500e-07 2.19975e+14
1.55500e-07 1.87740e+14
1.56500e-07 1.61138e+14
1.57500e-07 2.56963e+14
1.58500e-07 2.76479e+14
1.59500e-07 3.29577e+14
1.60500e-07 3.02478e+14
1.61500e-07 2.77887e+14
1.62500e-07 2.12645e+14
1.63500e-07 2.71962e+14
1.64500e-07 3.46154e+14
1.65500e-07 2.02530e+14
1.66500e-07 3.41490e+14
1.67200e-07 1.84526e+14
1.67700e-07 4.19512e+14
1.68500e-07 4.64420e+14
1.69500e-07 3.60939e+14
1.70500e-07 3.72528e+14
1.71500e-07 4.16127e+14
1.72500e-07 4.11658e+14
1.73500e-07 4.63832e+14
1.74500e-07 4.53199e+14
1.75500e-07 5.15627e+14
1.76500e-07 3.91191e+14
1.77500e-07 4.78891e+14
1.78500e-07 4.74297e+14
1.79500e-07 5.67465e+14
1.80500e-07 5.20030e+14
1.81500e-07 5.16271e+14
1.82500e-07 4.85642e+14
1.83500e-07 4.45870e+14
1.84500e-07 3.84464e+14
1.85500e-07 4.37446e+14
1.86500e-07 4.72984e+14
1.87500e-07 4.67716e+14
1.88500e-07 4.71260e+14
1.89500e-07 4.96292e+14
1.90500e-07 4.55831e+14
1.91500e-07 4.97825e+14
1.92500e-07 4.95696e+14
1.93500e-07 4.09931e+14
1.94500e-07 5.17411e+14
1.95500e-07 5.15098e+14
1.96700e-07 5.56349e+14
1.97600e-07 5.41567e+14
1.98400e-07 5.22680e+14
1.99500e-07 5.02449e+14
2.00500e-07 4.70235e+14
2.01500e-07 4.66229e+14
2.02500e-07 4.35232e+14
2.03500e-07 4.79762e+14
2.04500e-07 5.23492e+14
2.05500e-07 4.98418e+14
2.06500e-07 4.80403e+14
2.07400e-07 5.39249e+14
2.07800e-07 5.51509e+14
2.08500e-07 5.34978e+14
2.09500e-07 5.08725e+14
2.10500e-07 4.66256e+14
2.11500e-07 4.72637e+14
2.12500e-07 4.94537e+14
2.13500e-07 3.99895e+14
2.14500e-07 4.66821e+14
2.15500e-07 4.65784e+14
2.16500e-07 4.27042e+14
2.17500e-07 4.21986e+14
2.18500e-07 4.41442e+14
2.19500e-07 4.75454e+14
2.20500e-07 4.50741e+14
2.21500e-07 4.04502e+14
2.22500e-07 3.97648e+14
2.23500e-07 4.63271e+14
2.24500e-07 4.10806e+14
2.25500e-07 3.88219e+14
2.26500e-07 3.87663e+14
2.27500e-07 4.11791e+14
2.28500e-07 4.37641e+14
2.29500e-07 4.00440e+14
2.30500e-07 4.08410e+14
2.31500e-07 3.91111e+14
2.32500e-07 2.81620e+14
2.33500e-07 3.45324e+14
2.34500e-07 2.96115e+14
2.35500e-07 3.85057e+14
2.36500e-07 3.08290e+14
2.37500e-07 3.44757e+14
2.38500e-07 2.75159e+14
2.39500e-07 3.14065e+14
2.40500e-07 3.01227e+14
2.41500e-07 3.07535e+14
2.42500e-07 3.59637e+14
2.43500e-07 3.42399e+14
2.44500e-07 3.72273e+14
2.45500e-07 3.62640e+14
2.46500e-07 3.66710e+14
2.47500e-07 3.38186e+14
2.48500e-07 3.48538e+14
2.49500e-07 3.28356e+14
2.50500e-07 3.96727e+14
2.51300e-07 3.23783e+14
2.51800e-07 3.08737e+14
2.52500e-07 2.83664e+14
2.53500e-07 2.84883e+14
2.54500e-07 2.87930e+14
2.55500e-07 3.31213e+14
2.56500e-07 3.24244e+14
2.57500e-07 3.59474e+14
2.58500e-07 3.63480e+14
2.59500e-07 3.51800e+14
2.60500e-07 3.34093e+14
2.61500e-07 3.17582e+14
2.62500e-07 3.69551e+14
2.63500e-07 3.73202e+14
2.64500e-07 4.36776e+14
2.65500e-07 4.39318e+14
2.66500e-07 3.82490e+14
2.67500e-07 4.10540e+14
2.68500e-07 4.09865e+14
2.69500e-07 3.78970e+14
2.70500e-07 3.95558e+14
2.71500e-07 3.64606e+14
2.72500e-07 3.70656e+14
2.73500e-07 4.05164e+14
2.74500e-07 3.16952e+14
2.75500e-07 3.32162e+14
2.76500e-07 3.48479e+14
2.77500e-07 3.74900e+14
2.78500e-07 3.20950e+14
2.79500e-07 1.66205e+14
2.80500e-07 2.00306e+14
2.81500e-07 3.70473e+14
2.82500e-07 4.09244e+14
2.83500e-07 3.97724e+14
2.84500e-07 3.81328e+14
2.85500e-07 3.64241e+14
2.86500e-07 4.04556e+14
2.87500e-07 3.95453e+14
2.88500e-07 4.01302e+14
2.89500e-07 3.83342e+14
2.91000e-07 4.34040e+14
2.93000e-07 4.13070e+14
2.95000e-07 4.09947e+14
2.97000e-07 4.17001e+14
2.99000e-07 4.23037e+14
3.01000e-07 4.28994e+14
3.03000e-07 4.23308e+14
3.05000e-07 4.22797e+14
3.07000e-07 4.22982e+14
3.09000e-07 4.28177e+14
3.11000e-07 4.15872e+14
3.13000e-07 4.15381e+14
3.15000e-07 4.21133e+14
3.17000e-07 4.15761e+14
3.19000e-07 3.93905e+14
3.21000e-07 4.08096e+14
3.23000e-07 3.93417e+14
3.25000e-07 4.03819e+14
3.27000e-07 4.10380e+14
3.29000e-07 4.11636e+14
3.31000e-07 4.16030e+14
3.33000e-07 4.07378e+14
3.35000e-07 4.01891e+14
3.37000e-07 3.99224e+14
3.39000e-07 3.96593e+14
3.41000e-07 3.99244e+14
3.43000e-07 3.99021e+14
3.45000e-07 3.95895e+14
3.47000e-07 3.91188e+14
3.49000e-07 3.90151e+14
3.51000e-07 3.96114e+14
3.53000e-07 3.93271e+14
3.55000e-07 3.97521e+14
3.57000e-07 3.85276e+14
3.59000e-07 3.81638e+14
3.61000e-07 3.81006e+14
3.63000e-07 3.82394e+14
3.64000e-07 3.79358e+14
3.65000e-07 3.91562e+14
3.67000e-07 3.81628e+14
3.69000e-07 3.45241e+14
3.71000e-07 3.60305e+14
3.73000e-07 3.62274e+14
3.75000e-07 4.37289e+14
3.77000e-07 4.56994e+14
3.79000e-07 5.52739e+14
3.81000e-07 6.45804e+14
3.83000e-07 5.14236e+14
3.85000e-07 7.23826e+14
3.87000e-07 8.28626e+14
3.89000e-07 4.62694e+14
3.91000e-07 8.30167e+14
3.93000e-07 6.83437e+14
3.95000e-07 7.99530e+14
3.97000e-07 4.25471e+14
3.99000e-07 8.05422e+14
4.01000e-07 9.71879e+14
4.03000e-07 9.90672e+14
4.05000e-07 9.74618e+14
4.07000e-07 8.94334e+14
4.09000e-07 6.53171e+14
4.11000e-07 4.98632e+14
4.13000e-07 8.34634e+14
4.15000e-07 9.21346e+14
4.17000e-07 9.34476e+14
4.19000e-07 9.23001e+14
4.21000e-07 9.20906e+14
4.23000e-07 8.93079e+14
4.25000e-07 8.90846e+14
4.27000e-07 8.55681e+14
4.29000e-07 8.50525e+14
4.31000e-07 7.56986e+14
4.33000e-07 5.46743e+14
4.35000e-07 4.67068e+14
4.37000e-07 7.45140e+14
4.39000e-07 7.98906e+14
4.41000e-07 8.01149e+14
4.43000e-07 7.92971e+14
4.45000e-07 8.04028e+14
4.47000e-07 7.96453e+14
4.49000e-07 7.80609e+14
4.51000e-07 7.91389e+14
4.53000e-07 7.69822e+14
4.55000e-07 7.54898e+14
4.57000e-07 7.66091e+14
4.59000e-07 7.46251e+14
4.61000e-07 7.50142e+14
4.63000e-07 7.29915e+14
4.65000e-07 7.30724e+14
4.67000e-07 7.24306e+14
4.69000e-07 6.97075e+14
4.71000e-07 6.72233e+14
4.73000e-07 6.95825e+14
4.75000e-07 6.89377e+14
4.77000e-07 6.76671e+14
4.79000e-07 6.63692e+14
4.81000e-07 6.39508e+14
4.83000e-07 5.90088e+14
4.85000e-07 4.39056e+14
4.87000e-07 3.55224e+14
4.89000e-07 5.46219e+14
4.91000e-07 5.98159e+14
4.93000e-07 6.01299e+14
4.95000e-07 6.08350e+14
4.97000e-07 6.10784e+14
4.99000e-07 5.95595e+14
5.01000e-07 5.80298e+14
5.03000e-07 5.86606e+14
5.05000e-07 5.75130e+14
5.07000e-07 5.78706e+14
5.09000e-07 5.71986e+14
5.11000e-07 5.68066e+14
5.13000e-07 5.58649e+14
5.15000e-07 5.47642e+14
5.17000e-07 5.34506e+14
5.19000e-07 5.29821e+14
5.21000e-07 5.30813e+14
5.23000e-07 5.21596e+14
5.25000e-07 5.27074e+14
5.27000e-07 5.04877e+14
5.29000e-07 5.14233e+14
5.31000e-07 5.05971e+14
5.33000e-07 4.94092e+14
5.35000e-07 4.99170e+14
5.37000e-07 4.90756e+14
5.39000e-07 4.86433e+14
5.41000e-07 4.77257e+14
5.43000e-07 4.76521e+14
5.45000e-07 4.74285e+14
5.47000e-07 4.69199e+14
5.49000e-07 4.66587e+14
5.51000e-07 4.62387e+14
5.53000e-07 4.55377e+14
5.55000e-07 4.53324e+14
5.57000e-07 4.46322e+14
5.59000e-07 4.42351e+14
5.61000e-07 4.39573e+14
5.63000e-07 4.36527e+14
5.65000e-07 4.32014e+14
5.67000e-07 4.26066e+14
5.69000e-07 4.23669e+14
5.71000e-07 4.19378e+14
5.73000e-07 4.17660e+14
5.75000e-07 4.11763e+14
5.77000e-07 4.08608e+14
5.79000e-07 4.04250e+14
5.81000e-07 4.00758e+14
5.83000e-07 3.97359e+14
5.85000e-07 3.93281e+14
5.87000e-07 3.89097e+14
5.89000e-07 3.81551e+14
5.91000e-07 3.81810e+14
5.93000e-07 3.78381e+14
5.95000e-07 3.74459e+14
5.97000e-07 3.71224e+14
5.99000e-07 3.66797e+14
6.01000e-07 3.62294e+14
6.03000e-07 3.60092e+14
6.05000e-07 3.57170e+14
6.07000e-07 3.54615e+14
6.09000e-07 3.50604e+14
6.11000e-07 3.46970e+14
6.13000e-07 3.42023e+14
6.15000e-07 3.35628e+14
6.17000e-07 3.35851e+14
6.19000e-07 3.34992e+14
6.21000e-07 3.31900e+14
6.23000e-07 3.27782e+14
6.25000e-07 3.21252e+14
6.27000e-07 3.23154e+14
6.29000e-07 3.20273e+14
6.31000e-07 3.15748e+14
6.33000e-07 3.13597e+14
6.35000e-07 3.07775e+14
6.37000e-07 3.05827e+14
6.39000e-07 3.04607e+14
6.41000e-07 3.00106e+14
6.43000e-07 2.98342e+14
6.45000e-07 2.92664e+14
6.47000e-07 2.91730e+14
6.49000e-07 2.85758e+14
6.51000e-07 2.80192e+14
6.53000e-07 2.66162e+14
6.55000e-07 2.24199e+14
6.56125e-07 1.80506e+14
6.59000e-07 2.47726e+14
6.61000e-07 2.65483e+14
6.63000e-07 2.69386e+14
6.65000e-07 2.69344e+14
6.67000e-07 2.68036e+14
6.69000e-07 2.66689e+14
6.71000e-07 2.64716e+14
6.73000e-07 2.62330e+14
6.75000e-07 2.60100e+14
6.77000e-07 2.58837e+14
6.79000e-07 2.56554e+14
6.81000e-07 2.54359e+14
6.83000e-07 2.51846e+14
6.85000e-07 2.49751e+14
6.87000e-07 2.47996e+14
6.89000e-07 2.45963e+14
6.91000e-07 2.43800e+14
6.93000e-07 2.41649e+14
6.95000e-07 2.39699e+14
6.97000e-07 2.37558e+14
6.99000e-07 2.35838e+14
7.01000e-07 2.32677e+14
7.03000e-07 2.31294e+14
7.05000e-07 2.29688e+14
7.07000e-07 2.27976e+14
7.09000e-07 2.26107e+14
7.11000e-07 2.20574e+14
7.13000e-07 2.21346e+14
7.15000e-07 2.19940e+14
7.17000e-07 2.18099e+14
7.19000e-07 2.16268e+14
7.21000e-07 2.14759e+14
7.23000e-07 2.12866e+14
7.25000e-07 2.10833e+14
7.27000e-07 2.09817e+14
7.29000e-07 2.07377e+14
7.31000e-07 2.06075e+14
7.33000e-07 2.04454e+14
7.35000e-07 2.03182e+14
7.37000e-07 2.01575e+14
7.39000e-07 1.99450e+14
7.41000e-07 1.96420e+14
7.43000e-07 1.95323e+14
7.45000e-07 1.94269e+14
7.47000e-07 1.91785e+14
7.49000e-07 1.90870e+14
7.51000e-07 1.90055e+14
7.53000e-07 1.88748e+14
7.55000e-07 1.87650e+14
7.57000e-07 1.86009e+14
7.59000e-07 1.84578e+14
7.61000e-07 1.83135e+14
7.63000e-07 1.81703e+14
7.65000e-07 1.80079e+14
7.67000e-07 1.78097e+14
7.69000e-07 1.77134e+14
7.71000e-07 1.75614e+14
7.73000e-07 1.74725e+14
7.75000e-07 1.73160e+14
7.77000e-07 1.68263e+14
7.79000e-07 1.70852e+14
7.81000e-07 1.69397e+14
7.83000e-07 1.67648e+14
7.85000e-07 1.65903e+14
7.87000e-07 1.64696e+14
7.89000e-07 1.63154e+14
7.91000e-07 1.62131e+14
7.93000e-07 1.61027e+14
7.95000e-07 1.59270e+14
7.97000e-07 1.59391e+14
7.99000e-07 1.56493e+14
8.01000e-07 1.56669e+14
8.03000e-07 1.55370e+14
8.05000e-07 1.54360e+14
8.07000e-07 1.53157e+14
8.09000e-07 1.52020e+14
8.11000e-07 1.51128e+14
8.13000e-07 1.50118e+14
8.15000e-07 1.48974e+14
8.17000e-07 1.47895e+14
8.19000e-07 1.45090e+14
8.21000e-07 1.44680e+14
8.23000e-07 1.43539e+14
8.25000e-07 1.42843e+14
8.27000e-07 1.43183e+14
8.29000e-07 1.42027e+14
8.31000e-07 1.40875e+14
8.33000e-07 1.38614e+14
8.35000e-07 1.38227e+14
8.37000e-07 1.37045e+14
8.39000e-07 1.34771e+14
8.41000e-07 1.33188e+14
8.43000e-07 1.31316e+14
8.45000e-07 1.28548e+14
8.47000e-07 1.27186e+14
8.49000e-07 1.27418e+14
8.51000e-07 1.21717e+14
8.53000e-07 1.27199e+14
8.55000e-07 1.14628e+14
8.57000e-07 1.28482e+14
8.59000e-07 1.19052e+14
8.61000e-07 1.17066e+14
8.63000e-07 1.28872e+14
8.65000e-07 1.22038e+14
8.67000e-07 1.03533e+14
8.69000e-07 1.23357e+14
8.71000e-07 1.29147e+14
8.73000e-07 1.22214e+14
8.75000e-07 9.97053e+13
8.77000e-07 1.16551e+14
8.79000e-07 1.27212e+14
8.81000e-07 1.28135e+14
8.83000e-07 1.23056e+14
8.85000e-07 1.09297e+14
8.87000e-07 9.44688e+13
8.89000e-07 1.17168e+14
8.91000e-07 1.23713e+14
8.93000e-07 1.25238e+14
8.95000e-07 1.25662e+14
8.97000e-07 1.22162e+14
8.99000e-07 1.14338e+14
9.01000e-07 9.13192e+13
9.03000e-07 9.94624e+13
9.05000e-07 1.14796e+14
9.07000e-07 1.17029e+14
9.09000e-07 1.17048e+14
9.11000e-07 1.19834e+14
9.13000e-07 1.19875e+14
9.15000e-07 1.18969e+14
9.17000e-07 1.16394e+14
9.19000e-07 1.11686e+14
9.21000e-07 1.01577e+14
9.23000e-07 7.99734e+13
9.25000e-07 9.75305e+13
9.27000e-07 1.05957e+14
9.29000e-07 1.11678e+14
9.31000e-07 1.12803e+14
9.33000e-07 1.12674e+14
9.35000e-07 1.12426e+14
9.37000e-07 1.11925e+14
9.39000e-07 1.10440e+14
9.41000e-07 1.07261e+14
9.43000e-07 1.08751e+14
9.45000e-07 1.07823e+14
9.47000e-07 1.06519e+14
9.49000e-07 1.04188e+14
9.51000e-07 9.96560e+13
9.53000e-07 8.94985e+13
9.55000e-07 7.23616e+13
9.57000e-07 9.03603e+13
9.59000e-07 9.79102e+13
9.61000e-07 9.97874e+13
9.63000e-07 9.95643e+13
9.65000e-07 1.00871e+14
9.67000e-07 9.97052e+13
9.69000e-07 9.97555e+13
9.71000e-07 1.00016e+14
9.73000e-07 9.92871e+13
9.75000e-07 9.83848e+13
9.77000e-07 9.81285e+13
9.79000e-07 9.74843e+13
9.81000e-07 9.67818e+13
9.83000e-07 9.59556e+13
9.85000e-07 9.49296e+13
9.87000e-07 9.42630e+13
9.89000e-07 9.31387e+13
9.91000e-07 9.28246e+13
9.93000e-07 9.20880e+13
9.95000e-07 9.12616e+13
9.97000e-07 9.02743e+13
9.99000e-07 8.84032e+13
1.00250e-06 7.83407e+13
1.00750e-06 7.43101e+13
1.01250e-06 8.45732e+13
1.01750e-06 8.52142e+13
1.02250e-06 8.44476e+13
1.02750e-06 8.33280e+13
1.03250e-06 8.19398e+13
1.03750e-06 8.06760e+13
1.04250e-06 7.93736e+13
1.04750e-06 7.74847e+13
1.05250e-06 7.64986e+13
1.05750e-06 7.55141e+13
1.06250e-06 7.43479e+13
1.06750e-06 7.18877e+13
1.07250e-06 7.15006e+13
1.07750e-06 7.04070e+13
1.08250e-06 6.89479e+13
1.08750e-06 6.62703e+13
1.09250e-06 5.47535e+13
1.09750e-06 6.00170e+13
1.10250e-06 6.45103e+13
1.10750e-06 6.45342e+13
1.11250e-06 6.37241e+13
1.11750e-06 6.29319e+13
1.12250e-06 6.21154e+13
1.12750e-06 6.01699e+13
1.13250e-06 5.93695e+13
1.13750e-06 5.91603e+13
1.14250e-06 5.80952e+13
1.14750e-06 5.76902e+13
1.15250e-06 5.69071e+13
1.15750e-06 5.60172e+13
1.16250e-06 5.46862e+13
1.16750e-06 5.35886e+13
1.17250e-06 5.36778e+13
1.17750e-06 5.19350e+13
1.18250e-06 5.16854e+13
1.18750e-06 5.06820e+13
1.19250e-06 5.07347e+13
1.19750e-06 4.95606e+13
1.20250e-06 4.91571e+13
1.20750e-06 4.83039e+13
1.21250e-06 4.77013e+13
1.21750e-06 4.71909e+13
1.22250e-06 4.64704e+13
1.22750e-06 4.57575e+13
1.23250e-06 4.51539e+13
1.23750e-06 4.46028e+13
1.24250e-06 4.40908e+13
1.24750e-06 4.33532e+13
1.25250e-06 4.27868e+13
1.25750e-06 4.18683e+13
1.26250e-06 4.13979e+13
1.26750e-06 4.08468e+13
1.27250e-06 3.98936e+13
1.27750e-06 3.74952e+13
1.28250e-06 3.16926e+13
1.28750e-06 3.69877e+13
1.29250e-06 3.79018e+13
1.29750e-06 3.77468e+13
1.30250e-06 3.73798e+13
1.30750e-06 3.69931e+13
1.31250e-06 3.64865e+13
1.31750e-06 3.58889e+13
1.32250e-06 3.55879e+13
1.32750e-06 3.51258e+13
1.33250e-06 3.46844e+13
1.33750e-06 3.42255e+13
1.34250e-06 3.37829e+13
1.34750e-06 3.33397e+13
1.35250e-06 3.28445e+13
1.35750e-06 3.24149e+13
1.36250e-06 3.20760e+13
1.36750e-06 3.16303e+13
1.37250e-06 3.10203e+13
1.37750e-06 3.08233e+13
1.38250e-06 3.04490e+13
1.38750e-06 3.01458e+13
1.39250e-06 2.96596e+13
1.39750e-06 2.93571e+13
1.40250e-06 2.90045e+13
1.40750e-06 2.86695e+13
1.41250e-06 2.82705e+13
1.41750e-06 2.79514e+13
1.42250e-06 2.75859e+13
1.42750e-06 2.72340e+13
1.43250e-06 2.69267e+13
1.43750e-06 2.66321e+13
1.44250e-06 2.58703e+13
1.44750e-06 2.59616e+13
1.45250e-06 2.54314e+13
1.45700e-06 2.53597e+13
1.46200e-06 2.50226e+13
1.46750e-06 2.47637e+13
1.47250e-06 2.44429e+13
1.47750e-06 2.40655e+13
1.48250e-06 2.38537e+13
1.48750e-06 2.34825e+13
1.49250e-06 2.33931e+13
1.49750e-06 2.30473e+13
1.50250e-06 2.27072e+13
1.50750e-06 2.23894e+13
1.51250e-06 2.21988e+13
1.51750e-06 2.18794e+13
1.52250e-06 2.15587e+13
1.52750e-06 2.13000e+13
1.53250e-06 2.09719e+13
1.53750e-06 2.07529e+13
1.54250e-06 2.03050e+13
1.54750e-06 2.02307e+13
1.55250e-06 1.99411e+13
1.55750e-06 1.94577e+13
1.56250e-06 1.97978e+13
1.56750e-06 1.90538e+13
1.57250e-06 1.86479e+13
1.57750e-06 1.91718e+13
1.58250e-06 1.88929e+13
1.58750e-06 1.74690e+13
1.59250e-06 1.82211e+13
1.59750e-06 1.87686e+13
1.60500e-06 1.79018e+13
1.61500e-06 1.68835e+13
1.62500e-06 1.77150e+13
1.63500e-06 1.66182e+13
1.64500e-06 1.56274e+13
1.65500e-06 1.66508e+13
1.66500e-06 1.63345e+13
1.67500e-06 1.51585e+13
1.68500e-06 1.41830e+13
1.69500e-06 1.52776e+13
1.70500e-06 1.50341e+13
1.71500e-06 1.47440e+13
1.72500e-06 1.41507e+13
1.73500e-06 1.23510e+13
1.74500e-06 1.33024e+13
1.75500e-06 1.34570e+13
1.76500e-06 1.32251e+13
1.77500e-06 1.30000e+13
1.78500e-06 1.27164e+13
1.79500e-06 1.24676e+13
1.80500e-06 1.20176e+13
1.81500e-06 1.05758e+13
1.82500e-06 1.11562e+13
1.83500e-06 1.14265e+13
1.84500e-06 1.12454e+13
1.85500e-06 1.09810e+13
1.86500e-06 1.06056e+13
1.87500e-06 9.26646e+12
1.88500e-06 1.01225e+13
1.89500e-06 1.01186e+13
1.90500e-06 1.00105e+13
1.91500e-06 9.81278e+12
1.92500e-06 9.58889e+12
1.93500e-06 9.21133e+12
1.94500e-06 8.08357e+12
1.95500e-06 8.86957e+12
1.96500e-06 8.89056e+12
1.97500e-06 8.74367e+12
1.98500e-06 8.60971e+12
1.99500e-06 8.45073e+12
2.00500e-06 8.29748e+12
2.01500e-06 8.14704e+12
2.02500e-06 7.99227e+12
2.03500e-06 7.84050e+12
2.04500e-06 7.70906e+12
2.05500e-06 7.56775e+12
2.06500e-06 7.42139e+12
2.07500e-06 7.29194e+12
2.08500e-06 7.16427e+12
2.09500e-06 7.03604e+12
2.10500e-06 6.90983e+12
2.11500e-06 6.77213e+12
2.12500e-06 6.65240e+12
2.13500e-06 6.52865e+12
2.14500e-06 6.40397e+12
2.15500e-06 6.18714e+12
2.16500e-06 5.46607e+12
2.17500e-06 5.90783e+12
2.18500e-06 5.96309e+12
2.19500e-06 5.89668e+12
2.20500e-06 5.79923e+12
2.21500e-06 5.69738e+12
2.22500e-06 5.61600e+12
2.23500e-06 5.52136e+12
2.24500e-06 5.42975e+12
2.25500e-06 5.33014e+12
2.26500e-06 5.24947e+12
2.27500e-06 5.16390e+12
2.28500e-06 5.09888e+12
2.29500e-06 5.08795e+12
2.30500e-06 5.00851e+12
2.31500e-06 4.91430e+12
2.32500e-06 4.82619e+12
2.33500e-06 4.73554e+12
2.34500e-06 4.65002e+12
2.35500e-06 4.56687e+12
2.36500e-06 4.48563e+12
2.37500e-06 4.40485e+12
2.38500e-06 4.32945e+12
2.39500e-06 4.25337e+12
2.40500e-06 4.18153e+12
2.41500e-06 4.10899e+12
2.42500e-06 4.03975e+12
2.43500e-06 3.97862e+12
2.44500e-06 3.90580e+12
2.45500e-06 3.85286e+12
2.46500e-06 3.78204e+12
2.47500e-06 3.73211e+12
2.48500e-06 3.67999e+12
2.49500e-06 3.59620e+12
2.50500e-06 3.62740e+12
2.51500e-06 3.53709e+12
2.52500e-06 3.41512e+12
2.53500e-06 3.41420e+12
2.54500e-06 3.38980e+12
2.55500e-06 3.30325e+12
2.56500e-06 3.18226e+12
2.57500e-06 3.21997e+12
2.58500e-06 3.19793e+12
2.59500e-06 3.14843e+12
2.60500e-06 3.03620e+12
2.61500e-06 2.89453e+12
2.62500e-06 2.68488e+12
2.63500e-06 2.89264e+12
2.64500e-06 2.92805e+12
2.65500e-06 2.89054e+12
2.66500e-06 2.80714e+12
2.67500e-06 2.64710e+12
2.68500e-06 2.73266e+12
2.69500e-06 2.74224e+12
2.70500e-06 2.71413e+12
2.71500e-06 2.67996e+12
2.72500e-06 2.64120e+12
2.73500e-06 2.59679e+12
2.74500e-06 2.53246e+12
2.75500e-06 2.35741e+12
2.76500e-06 2.39499e+12
2.77500e-06 2.44503e+12
2.78500e-06 2.42886e+12
2.79500e-06 2.40206e+12
2.80500e-06 2.37328e+12
2.81500e-06 2.34109e+12
2.82500e-06 2.30902e+12
2.83500e-06 2.27551e+12
2.84500e-06 2.23668e+12
2.85500e-06 2.19530e+12
2.86500e-06 2.10317e+12
2.87500e-06 1.96952e+12
2.88500e-06 2.08574e+12
2.89500e-06 2.08808e+12
2.90500e-06 2.07038e+12
2.91500e-06 2.04414e+12
2.92500e-06 2.02147e+12
2.93500e-06 1.99569e+12
2.94500e-06 1.96983e+12
2.95500e-06 1.94465e+12
2.96500e-06 1.91964e+12
2.97500e-06 1.89484e+12
2.98500e-06 1.87084e+12
2.99500e-06 1.84597e+12
3.00500e-06 1.81836e+12
3.01500e-06 1.78936e+12
3.02500e-06 1.74774e+12
3.03500e-06 1.61641e+12
3.04500e-06 1.63141e+12
3.05500e-06 1.68848e+12
3.06500e-06 1.68221e+12
3.07500e-06 1.66675e+12
3.08500e-06 1.64567e+12
3.09500e-06 1.62726e+12
3.10500e-06 1.60691e+12
3.11500e-06 1.58524e+12
3.12500e-06 1.56697e+12
3.13500e-06 1.54882e+12
3.14500e-06 1.52912e+12
3.15500e-06 1.51195e+12
3.16500e-06 1.49448e+12
3.17500e-06 1.47514e+12
3.18500e-06 1.45876e+12
3.19500e-06 1.44108e+12
3.21000e-06 1.41521e+12
3.23000e-06 1.38221e+12
3.25000e-06 1.34928e+12
3.27000e-06 1.31024e+12
3.29000e-06 1.20254e+12
3.31000e-06 1.22986e+12
3.33000e-06 1.23236e+12
3.35000e-06 1.20785e+12
3.37000e-06 1.17731e+12
3.39000e-06 1.15034e+12
3.41000e-06 1.12412e+12
3.43000e-06 1.09901e+12
3.45000e-06 1.07466e+12
3.47000e-06 1.05001e+12
3.49000e-06 1.02626e+12
3.51000e-06 1.00356e+12
3.53000e-06 9.80728e+11
3.55000e-06 9.59396e+11
3.57000e-06 9.37651e+11
3.59000e-06 9.17616e+11
3.61000e-06 8.97677e+11
3.63000e-06 8.78863e+11
3.65000e-06 8.59135e+11
3.67000e-06 8.42888e+11
3.69000e-06 8.20191e+11
3.71000e-06 8.05405e+11
3.73000e-06 7.63431e+11
3.75000e-06 7.37762e+11
3.77000e-06 7.57707e+11
3.79000e-06 7.45771e+11
3.81000e-06 7.24025e+11
3.83000e-06 7.11116e+11
3.85000e-06 7.03671e+11
3.87000e-06 6.89348e+11
3.89000e-06 6.71548e+11
3.91000e-06 6.49836e+11
3.93000e-06 6.48483e+11
3.95000e-06 6.38987e+11
3.97000e-06 6.27689e+11
3.99000e-06 6.14526e+11
4.01000e-06 5.90746e+11
4.03000e-06 5.76245e+11
4.05000e-06 5.45234e+11
4.07000e-06 5.63518e+11
4.09000e-06 5.57232e+11
4.11000e-06 5.48589e+11
4.13000e-06 5.37038e+11
4.15000e-06 5.23212e+11
4.17000e-06 4.98728e+11
4.19000e-06 5.03485e+11
4.21000e-06 4.98202e+11
4.23000e-06 4.90807e+11
4.25000e-06 4.81840e+11
4.27000e-06 4.73225e+11
4.29000e-06 4.64708e+11
4.31000e-06 4.56329e+11
4.33000e-06 4.47662e+11
4.35000e-06 4.37344e+11
4.37000e-06 4.14727e+11
4.39000e-06 4.16000e+11
4.41000e-06 4.15684e+11
4.43000e-06 4.09962e+11
4.45000e-06 4.02898e+11
4.47000e-06 3.97453e+11
4.49000e-06 3.90538e+11
4.51000e-06 3.83952e+11
4.53000e-06 3.77338e+11
4.55000e-06 3.70971e+11
4.57000e-06 3.64538e+11
4.59000e-06 3.58239e+11
4.61000e-06 3.51308e+11
4.63000e-06 3.42779e+11
4.65000e-06 3.17901e+11
4.67000e-06 3.14960e+11
4.69000e-06 3.23720e+11
4.71000e-06 3.22760e+11
4.73000e-06 3.18639e+11
4.75000e-06 3.13523e+11
4.77000e-06 3.08532e+11
4.79000e-06 3.03596e+11
4.81000e-06 2.98700e+11
4.83000e-06 2.93889e+11
4.85000e-06 2.89196e+11
4.87000e-06 2.84602e+11
4.89000e-06 2.80089e+11
4.91000e-06 2.75608e+11
4.93000e-06 2.71300e+11
4.95000e-06 2.67052e+11
4.97000e-06 2.62878e+11
4.99000e-06 2.58763e+11
5.01000e-06 2.54765e+11
5.03000e-06 2.50807e+11
5.05000e-06 2.46978e+11
5.07000e-06 2.43201e+11
5.09000e-06 2.38662e+11
5.11000e-06 2.32152e+11
5.13000e-06 2.18320e+11
5.15000e-06 2.26045e+11
5.17000e-06 2.24751e+11
5.19000e-06 2.21959e+11
5.21000e-06 2.18634e+11
5.23000e-06 2.15395e+11
5.25000e-06 2.12213e+11
5.27000e-06 2.09086e+11
5.29000e-06 2.06014e+11
5.31000e-06 2.02995e+11
5.33000e-06 2.00029e+11
5.35000e-06 1.97115e+11
5.37000e-06 1.94225e+11
5.39000e-06 1.91451e+11
5.41000e-06 1.88712e+11
5.43000e-06 1.85983e+11
5.45000e-06 1.83327e+11
5.47000e-06 1.80679e+11
5.49000e-06 1.78165e+11
5.51000e-06 1.75658e+11
5.53000e-06 1.73170e+11
5.55000e-06 1.70738e+11
5.57000e-06 1.68312e+11
5.59000e-06 1.65916e+11
5.61000e-06 1.63682e+11
5.63000e-06 1.61428e+11
5.65000e-06 1.59213e+11
5.67000e-06 1.57025e+11
5.69000e-06 1.54876e+11
5.71000e-06 1.52765e+11
5.73000e-06 1.50679e+11
5.75000e-06 1.48641e+11
5.77000e-06 1.46628e+11
5.79000e-06 1.44639e+11
5.81000e-06 1.42708e+11
5.83000e-06 1.40810e+11
5.85000e-06 1.39112e+11
5.87000e-06 1.36777e+11
5.89000e-06 1.33124e+11
5.91000e-06 1.25343e+11
5.93000e-06 1.30305e+11
5.95000e-06 1.29739e+11
5.97000e-06 1.28523e+11
5.99000e-06 1.26847e+11
6.01000e-06 1.25191e+11
6.03000e-06 1.23595e+11
6.05000e-06 1.21997e+11
6.07000e-06 1.20417e+11
6.09000e-06 1.18866e+11
6.11000e-06 1.17312e+11
6.13000e-06 1.15866e+11
6.15000e-06 1.14386e+11
6.17000e-06 1.12943e+11
6.19000e-06 1.11516e+11
6.21000e-06 1.10116e+11
6.23000e-06 1.08701e+11
6.25000e-06 1.07360e+11
6.27000e-06 1.06015e+11
6.29000e-06 1.04714e+11
6.31000e-06 1.03398e+11
6.33000e-06 1.02125e+11
6.35000e-06 1.00866e+11
6.37000e-06 9.96397e+10
6.39000e-06 9.84173e+10
6.42000e-06 9.66313e+10
6.46000e-06 9.42918e+10
6.50000e-06 9.20292e+10
6.54000e-06 8.98500e+10
6.58000e-06 8.77168e+10
6.62000e-06 8.56447e+10
6.66000e-06 8.36414e+10
6.70000e-06 8.16982e+10
6.74000e-06 7.98059e+10
6.78000e-06 7.79721e+10
6.82000e-06 7.61878e+10
6.86000e-06 7.44493e+10
6.90000e-06 7.27530e+10
6.94000e-06 7.11174e+10
6.98000e-06 6.95283e+10
7.02000e-06 6.79852e+10
7.06000e-06 6.64801e+10
7.10000e-06 6.50329e+10
7.14000e-06 6.35991e+10
7.18000e-06 6.22179e+10
7.22000e-06 6.08431e+10
7.26000e-06 5.95534e+10
7.30000e-06 5.82896e+10
7.34000e-06 5.70442e+10
7.38000e-06 5.58354e+10
7.42000e-06 5.43852e+10
7.46000e-06 5.13584e+10
7.50000e-06 5.01899e+10
7.54000e-06 5.10093e+10
7.58000e-06 5.02494e+10
7.62000e-06 4.92301e+10
7.66000e-06 4.82255e+10
7.70000e-06 4.72473e+10
7.74000e-06 4.62949e+10
7.78000e-06 4.53651e+10
7.82000e-06 4.44580e+10
7.86000e-06 4.35731e+10
7.90000e-06 4.27104e+10
7.94000e-06 4.18682e+10
7.98000e-06 4.10467e+10
8.02000e-06 4.02447e+10
8.06000e-06 3.94640e+10
8.10000e-06 3.87020e+10
8.14000e-06 3.79547e+10
8.18000e-06 3.72286e+10
8.22000e-06 3.65215e+10
8.26000e-06 3.58285e+10
8.30000e-06 3.51520e+10
8.34000e-06 3.44836e+10
8.38000e-06 3.38339e+10
8.42000e-06 3.32098e+10
8.46000e-06 3.26001e+10
8.50000e-06 3.20004e+10
8.54000e-06 3.14111e+10
8.58000e-06 3.08374e+10
8.62000e-06 3.02756e+10
8.66000e-06 2.97293e+10
8.70000e-06 2.91938e+10
8.74000e-06 2.86692e+10
8.78000e-06 2.81574e+10
8.82000e-06 2.76541e+10
8.86000e-06 2.71646e+10
8.90000e-06 2.66855e+10
8.94000e-06 2.62186e+10
8.98000e-06 2.57585e+10
9.02000e-06 2.53116e+10
9.06000e-06 2.48733e+10
9.10000e-06 2.44427e+10
9.14000e-06 2.40236e+10
9.18000e-06 2.36130e+10
9.22000e-06 2.32109e+10
9.26000e-06 2.28171e+10
9.30000e-06 2.24318e+10
9.34000e-06 2.20544e+10
9.38000e-06 2.16851e+10
9.42000e-06 2.13234e+10
9.46000e-06 2.09688e+10
9.50000e-06 2.06219e+10
9.54000e-06 2.02800e+10
9.58000e-06 1.99497e+10
9.62000e-06 1.96229e+10
9.66000e-06 1.93041e+10
9.70000e-06 1.89911e+10
9.74000e-06 1.86833e+10
9.78000e-06 1.83835e+10
9.82000e-06 1.80883e+10
9.86000e-06 1.78004e+10
9.90000e-06 1.75177e+10
9.94000e-06 1.72401e+10
9.98000e-06 1.69676e+10
1.00200e-05 1.67010e+10
2.00000e-05 1.06860e+09
4.00000e-05 6.64623e+07
6.00000e-05 1.30160e+07
8.00000e-05 4.08623e+06
1.00000e-04 1.66225e+06
1.20000e-04 7.96837e+05
1.40000e-04 4.27858e+05
1.60000e-04 2.49643e+05
