9.09000e-09 0.00000e+00
9.35000e-09 0.00000e+00
9.61000e-09 0.00000e+00
9.77000e-09 0.00000e+00
9.96000e-09 0.00000e+00
1.02000e-08 0.00000e+00
1.03800e-08 0.00000e+00
1.05600e-08 0.00000e+00
1.07700e-08 0.00000e+00
1.10400e-08 0.00000e+00
1.14000e-08 0.00000e+00
1.17800e-08 0.00000e+00
1.21300e-08 0.00000e+00
1.24800e-08 0.00000e+00
1.27100e-08 0.00000e+00
1.28400e-08 0.00000e+00
1.30500e-08 0.00000e+00
1.32400e-08 0.00000e+00
1.33900e-08 0.00000e+00
1.36600e-08 0.00000e+00
1.39800e-08 0.00000e+00
1.43300e-08 0.00000e+00
1.47200e-08 0.00000e+00
1.51000e-08 0.00000e+00
1.55200e-08 0.00000e+00
1.58800e-08 0.00000e+00
1.62000e-08 0.00000e+00
1.66000e-08 0.00000e+00
1.70300e-08 0.00000e+00
1.73400e-08 0.00000e+00
1.76800e-08 0.00000e+00
1.80200e-08 0.00000e+00
1.81700e-08 0.00000e+00
1.86100e-08 0.00000e+00
1.91000e-08 0.00000e+00
1.93900e-08 0.00000e+00
1.98400e-08 0.00000e+00
2.01800e-08 0.00000e+00
2.05000e-08 0.00000e+00
2.10500e-08 0.00000e+00
2.16200e-08 0.00000e+00
2.19800e-08 0.00000e+00
2.23000e-08 0.00000e+00
2.26800e-08 0.00000e+00
2.30000e-08 0.00000e+00
2.34000e-08 0.00000e+00
2.40000e-08 0.00000e+00
2.46500e-08 0.00000e+00
2.52400e-08 0.00000e+00
2.56800e-08 0.00000e+00
2.60000e-08 0.00000e+00
2.64000e-08 0.00000e+00
2.68500e-08 0.00000e+00
2.73500e-08 0.00000e+00
2.78500e-08 0.00000e+00
2.84000e-08 0.00000e+00
2.90000e-08 0.00000e+00
2.96000e-08 0.00000e+00
3.01000e-08 0.00000e+00
3.08000e-08 0.00000e+00
3.18000e-08 0.00000e+00
3.28000e-08 0.00000e+00
3.38000e-08 0.00000e+00
3.48000e-08 0.00000e+00
3.57000e-08 0.00000e+00
3.66000e-08 0.00000e+00
3.75000e-08 0.00000e+00
3.85000e-08 0.00000e+00
3.95000e-08 0.00000e+00
4.05000e-08 0.00000e+00
4.14000e-08 0.00000e+00
4.22000e-08 0.00000e+00
4.30000e-08 0.00000e+00
4.41000e-08 0.00000e+00
4.51000e-08 0.00000e+00
4.60000e-08 0.00000e+00
4.70000e-08 0.00000e+00
4.80000e-08 0.00000e+00
4.90000e-08 0.00000e+00
5.00000e-08 0.00000e+00
5.06000e-08 0.00000e+00
5.12000e-08 0.00000e+00
5.20000e-08 0.00000e+00
5.30000e-08 0.00000e+00
5.40000e-08 0.00000e+00
5.50000e-08 0.00000e+00
5.60000e-08 0.00000e+00
5.70000e-08 0.00000e+00
5.80000e-08 0.00000e+00
5.90000e-08 0.00000e+00
6.00000e-08 0.00000e+00
6.10000e-08 0.00000e+00
6.20000e-08 0.00000e+00
6.30000e-08 0.00000e+00
6.40000e-08 0.00000e+00
6.50000e-08 0.00000e+00
6.58000e-08 0.00000e+00
6.65000e-08 0.00000e+00
6.75000e-08 0.00000e+00
6.85000e-08 0.00000e+00
6.95000e-08 0.00000e+00
7.05000e-08 0.00000e+00
7.16000e-08 0.00000e+00
7.26000e-08 0.00000e+00
7.35000e-08 0.00000e+00
7.45000e-08 0.00000e+00
7.55000e-08 0.00000e+00
7.65000e-08 0.00000e+00
7.75000e-08 0.00000e+00
7.85000e-08 0.00000e+00
7.95000e-08 0.00000e+00
8.05000e-08 0.00000e+00
8.15000e-08 0.00000e+00
8.25000e-08 0.00000e+00
8.35000e-08 0.00000e+00
8.45000e-08 0.00000e+00
8.55000e-08 0.00000e+00
8.65000e-08 0.00000e+00
8.75000e-08 0.00000e+00
8.85000e-08 0.00000e+00
8.95000e-08 0.00000e+00
9.05000e-08 0.00000e+00
9.15000e-08 0.00000e+00
9.25000e-08 2.43762e+02
9.35000e-08 3.49644e+02
9.45000e-08 5.14415e+02
9.55000e-08 7.46749e+02
9.65000e-08 1.06252e+03
9.75000e-08 1.47233e+03
9.85000e-08 2.05403e+03
9.95000e-08 2.82430e+03
1.00500e-07 4.00966e+03
1.01500e-07 5.45921e+03
1.02500e-07 7.04103e+03
1.03500e-07 1.00293e+04
1.04500e-07 1.34809e+04
1.05500e-07 1.78731e+04
1.06500e-07 2.36121e+04
1.07500e-07 3.12654e+04
1.08500e-07 4.10900e+04
1.09500e-07 5.31339e+04
1.10500e-07 2.46187e+05
1.11500e-07 4.45631e+05
1.12500e-07 6.60962e+05
1.13500e-07 9.58857e+05
1.14500e-07 1.27063e+06
1.15500e-07 1.47148e+06
1.16500e-07 1.99212e+06
1.17500e-07 2.53509e+06
1.18500e-07 2.76788e+06
1.19500e-07 2.21658e+06
1.20500e-07 2.44686e+06
1.21500e-07 8.51138e+05
1.22500e-07 3.29703e+06
1.23500e-07 6.61021e+06
1.24500e-07 9.68230e+06
1.25500e-07 1.19463e+07
1.26500e-07 1.25617e+07
1.27500e-07 1.58120e+07
1.28500e-07 1.84625e+07
1.29500e-07 2.23429e+07
1.30500e-07 2.32539e+07
1.31500e-07 2.91585e+07
1.32500e-07 3.09818e+07
1.33500e-07 3.47956e+07
1.34500e-07 4.04902e+07
1.35500e-07 4.64997e+07
1.36500e-07 5.02206e+07
1.37500e-07 5.45979e+07
1.38500e-07 6.03209e+07
1.39500e-07 6.79984e+07
1.40500e-07 8.09559e+07
1.41500e-07 9.12857e+07
1.42500e-07 1.04367e+08
1.43500e-07 1.21587e+08
1.44200e-07 1.52813e+08
1.44700e-07 1.41118e+08
1.45500e-07 1.64601e+08
1.46500e-07 2.03196e+08
1.47500e-07 2.29731e+08
1.48500e-07 2.49830e+08
1.49500e-07 3.17832e+08
1.50500e-07 3.79371e+08
1.51200e-07 3.07627e+08
1.51700e-07 3.78435e+08
1.52500e-07 7.54992e+08
1.53500e-07 1.14727e+09
1.54500e-07 9.91199e+08
1.55500e-07 1.51967e+09
1.56500e-07 1.43910e+09
1.57500e-07 2.44479e+09
1.58500e-07 2.93500e+09
1.59500e-07 3.40002e+09
1.60500e-07 3.65188e+09
1.61500e-07 4.02163e+09
1.62500e-07 4.44422e+09
1.63500e-07 5.17175e+09
1.64500e-07 7.04310e+09
1.65500e-07 4.62773e+09
1.66500e-07 8.01044e+09
1.67200e-07 5.84760e+09
1.67700e-07 1.88008e+10
1.68500e-07 2.11305e+10
1.69500e-07 2.53520e+10
1.70500e-07 2.79221e+10
1.71500e-07 2.88194e+10
1.72500e-07 3.52761e+10
1.73500e-07 4.32056e+10
1.74500e-07 5.74197e+10
1.75500e-07 8.08300e+10
1.76500e-07 6.86265e+10
1.77500e-07 8.13600e+10
1.78500e-07 1.06077e+11
1.79500e-07 1.44073e+11
1.80500e-07 1.36017e+11
1.81500e-07 1.19930e+11
1.82500e-07 1.50483e+11
1.83500e-07 1.55426e+11
1.84500e-07 1.11502e+11
1.85500e-07 1.79649e+11
1.86500e-07 2.22991e+11
1.87500e-07 2.34089e+11
1.88500e-07 2.50123e+11
1.89500e-07 3.29676e+11
1.90500e-07 3.14026e+11
1.91500e-07 3.49895e+11
1.92500e-07 3.16227e+11
1.93500e-07 2.08588e+11
1.94500e-07 4.39357e+11
1.95500e-07 4.56529e+11
1.96700e-07 6.06367e+11
1.97600e-07 5.28744e+11
1.98400e-07 6.90140e+11
1.99500e-07 7.51629e+11
2.00500e-07 7.05934e+11
2.01500e-07 7.72811e+11
2.02500e-07 5.86847e+11
2.03500e-07 8.78814e+11
2.04500e-07 1.03352e+12
2.05500e-07 1.01305e+12
2.06500e-07 9.94784e+11
2.07400e-07 1.09714e+12
2.07800e-07 3.58594e+12
2.08500e-07 5.01389e+12
2.09500e-07 4.51945e+12
2.10500e-07 4.31984e+12
2.11500e-07 5.16844e+12
2.12500e-07 4.37898e+12
2.13500e-07 4.19995e+12
2.14500e-07 5.84334e+12
2.15500e-07 5.63860e+12
2.16500e-07 4.58862e+12
2.17500e-07 4.63254e+12
2.18500e-07 6.74966e+12
2.19500e-07 6.31485e+12
2.20500e-07 6.18921e+12
2.21500e-07 4.33428e+12
2.22500e-07 5.66189e+12
2.23500e-07 8.09161e+12
2.24500e-07 7.64370e+12
2.25500e-07 5.28724e+12
2.26500e-07 4.61464e+12
2.27500e-07 5.04248e+12
2.28500e-07 8.03720e+12
2.29500e-07 6.08846e+12
2.30500e-07 8.22095e+12
2.31500e-07 6.46453e+12
2.32500e-07 5.18678e+12
2.33500e-07 4.18788e+12
2.34500e-07 2.43206e+12
2.35500e-07 5.96469e+12
2.36500e-07 2.91020e+12
2.37500e-07 4.12875e+12
2.38500e-07 2.10770e+12
2.39500e-07 2.83722e+12
2.40500e-07 2.86214e+12
2.41500e-07 3.61730e+12
2.42500e-07 7.40312e+12
2.43500e-07 7.43648e+12
2.44500e-07 9.31928e+12
2.45500e-07 1.02242e+13
2.46500e-07 8.25044e+12
2.47500e-07 7.02892e+12
2.48500e-07 3.20658e+12
2.49500e-07 4.70248e+12
2.50500e-07 8.38410e+12
2.51300e-07 2.71513e+12
2.51800e-07 1.92325e+12
2.52500e-07 2.28604e+12
2.53500e-07 4.89304e+12
2.54500e-07 5.24291e+12
2.55500e-07 1.14156e+13
2.56500e-07 7.89051e+12
2.57500e-07 1.07582e+13
2.58500e-07 9.21780e+12
2.59500e-07 7.97262e+12
2.60500e-07 6.56694e+12
2.61500e-07 5.76151e+12
2.62500e-07 8.52186e+12
2.63500e-07 1.66759e+13
2.64500e-07 2.32020e+13
2.65500e-07 3.24835e+13
2.66500e-07 1.97005e+13
2.67500e-07 2.31962e+13
2.68500e-07 2.71160e+13
2.69500e-07 1.91990e+13
2.70500e-07 2.37154e+13
2.71500e-07 1.66562e+13
2.72500e-07 1.27448e+13
2.73500e-07 1.70465e+13
2.74500e-07 8.38004e+12
2.75500e-07 1.23080e+13
2.76500e-07 1.68186e+13
2.77500e-07 1.75826e+13
2.78500e-07 9.39224e+12
2.79500e-07 3.82236e+12
2.80500e-07 4.77993e+12
2.81500e-07 1.52409e+13
2.82500e-07 2.44643e+13
2.83500e-07 2.35139e+13
2.84500e-07 1.53391e+13
2.85500e-07 7.54706e+12
2.86500e-07 2.37318e+13
2.87500e-07 3.35144e+13
2.88500e-07 2.80841e+13
2.89500e-07 3.47165e+13
2.91000e-07 4.55426e+13
2.93000e-07 3.94999e+13
2.95000e-07 3.74605e+13
2.97000e-07 3.96996e+13
2.99000e-07 4.03198e+13
3.01000e-07 4.17892e+13
3.03000e-07 4.33772e+13
3.05000e-07 4.54709e+13
3.07000e-07 4.70748e+13
3.09000e-07 4.55047e+13
3.11000e-07 4.98991e+13
3.13000e-07 4.80137e+13
3.15000e-07 4.53102e+13
3.17000e-07 4.87329e+13
3.19000e-07 4.33480e+13
3.21000e-07 4.89079e+13
3.23000e-07 4.07066e+13
3.25000e-07 5.44026e+13
3.27000e-07 6.27091e+13
3.29000e-07 5.99512e+13
3.31000e-07 5.86581e+13
3.33000e-07 5.95660e+13
3.35000e-07 5.85615e+13
3.37000e-07 4.62384e+13
3.39000e-07 5.27195e+13
3.41000e-07 5.30684e+13
3.43000e-07 5.43278e+13
3.45000e-07 5.76087e+13
3.47000e-07 5.95621e+13
3.49000e-07 6.41797e+13
3.51000e-07 6.65694e+13
3.53000e-07 6.18870e+13
3.55000e-07 7.08950e+13
3.57000e-07 5.47911e+13
3.59000e-07 5.27500e+13
3.61000e-07 6.10072e+13
3.63000e-07 6.11602e+13
3.64000e-07 6.24339e+13
3.65000e-07 7.05276e+13
3.67000e-07 7.15595e+13
3.69000e-07 6.67518e+13
3.71000e-07 7.12153e+13
3.73000e-07 5.65736e+13
3.75000e-07 6.28916e+13
3.77000e-07 7.35548e+13
3.79000e-07 7.66989e+13
3.81000e-07 7.73906e+13
3.83000e-07 4.77125e+13
3.85000e-07 6.85396e+13
3.87000e-07 6.67338e+13
3.89000e-07 7.10908e+13
3.91000e-07 8.13213e+13
3.93000e-07 4.30493e+13
3.95000e-07 7.04494e+13
3.97000e-07 4.96271e+13
3.99000e-07 9.39951e+13
4.01000e-07 9.94323e+13
4.03000e-07 1.00983e+14
4.05000e-07 9.75514e+13
4.07000e-07 9.47893e+13
4.09000e-07 1.04686e+14
4.11000e-07 1.00097e+14
4.13000e-07 1.04216e+14
4.15000e-07 1.05686e+14
4.17000e-07 1.06098e+14
4.19000e-07 1.01703e+14
4.21000e-07 1.02040e+14
4.23000e-07 9.74898e+13
4.25000e-07 9.87894e+13
4.27000e-07 9.34259e+13
4.29000e-07 8.68006e+13
4.31000e-07 7.30114e+13
4.33000e-07 1.00072e+14
4.35000e-07 9.52074e+13
4.37000e-07 1.06591e+14
4.39000e-07 9.81934e+13
4.41000e-07 1.04127e+14
4.43000e-07 1.08883e+14
4.45000e-07 1.07463e+14
4.47000e-07 1.12209e+14
4.49000e-07 1.12366e+14
4.51000e-07 1.22079e+14
4.53000e-07 1.11639e+14
4.55000e-07 1.14663e+14
4.57000e-07 1.21000e+14
4.59000e-07 1.14324e+14
4.61000e-07 1.16630e+14
4.63000e-07 1.14709e+14
4.65000e-07 1.15848e+14
4.67000e-07 1.18542e+14
4.69000e-07 1.16143e+14
4.71000e-07 1.12372e+14
4.73000e-07 1.17162e+14
4.75000e-07 1.18445e+14
4.77000e-07 1.18470e+14
4.79000e-07 1.17733e+14
4.81000e-07 1.16353e+14
4.83000e-07 1.17871e+14
4.85000e-07 1.09785e+14
4.87000e-07 9.70287e+13
4.89000e-07 1.11476e+14
4.91000e-07 1.11492e+14
4.93000e-07 1.09580e+14
4.95000e-07 1.13412e+14
4.97000e-07 1.14415e+14
4.99000e-07 1.07086e+14
5.01000e-07 1.03365e+14
5.03000e-07 1.08500e+14
5.05000e-07 1.08696e+14
5.07000e-07 1.12573e+14
5.09000e-07 1.08703e+14
5.11000e-07 1.10171e+14
5.13000e-07 1.07684e+14
5.15000e-07 1.04229e+14
5.17000e-07 9.66840e+13
5.19000e-07 9.72438e+13
5.21000e-07 1.04203e+14
5.23000e-07 1.05254e+14
5.25000e-07 1.07909e+14
5.27000e-07 9.72167e+13
5.29000e-07 1.06757e+14
5.31000e-07 1.09451e+14
5.33000e-07 1.00595e+14
5.35000e-07 1.06594e+14
5.37000e-07 1.05824e+14
5.39000e-07 1.04809e+14
5.41000e-07 1.01589e+14
5.43000e-07 1.04193e+14
5.45000e-07 1.05904e+14
5.47000e-07 1.04129e+14
5.49000e-07 1.04600e+14
5.51000e-07 1.03831e+14
5.53000e-07 1.03928e+14
5.55000e-07 1.04600e+14
5.57000e-07 1.01960e+14
5.59000e-07 1.00491e+14
5.61000e-07 1.02589e+14
5.63000e-07 1.02752e+14
5.65000e-07 1.02649e+14
5.67000e-07 1.00344e+14
5.69000e-07 1.01499e+14
5.71000e-07 9.97702e+13
5.73000e-07 1.04467e+14
5.75000e-07 1.01434e+14
5.77000e-07 1.01972e+14
5.79000e-07 9.99798e+13
5.81000e-07 1.01175e+14
5.83000e-07 1.02064e+14
5.85000e-07 9.99782e+13
5.87000e-07 9.99716e+13
5.89000e-07 9.49327e+13
5.91000e-07 9.87620e+13
5.93000e-07 9.84194e+13
5.95000e-07 9.83942e+13
5.97000e-07 9.82772e+13
5.99000e-07 9.72945e+13
6.01000e-07 9.58209e+13
6.03000e-07 9.59126e+13
6.05000e-07 9.72598e+13
6.07000e-07 9.64379e+13
6.09000e-07 9.45348e+13
6.11000e-07 9.36758e+13
6.13000e-07 9.05421e+13
6.15000e-07 9.14651e+13
6.17000e-07 8.92344e+13
6.19000e-07 9.26476e+13
6.21000e-07 9.25558e+13
6.23000e-07 9.04435e+13
6.25000e-07 8.79010e+13
6.27000e-07 9.10986e+13
6.29000e-07 9.10058e+13
6.31000e-07 8.86378e+13
6.33000e-07 8.89670e+13
6.35000e-07 8.89475e+13
6.37000e-07 8.84186e+13
6.39000e-07 8.86521e+13
6.41000e-07 8.64301e+13
6.43000e-07 8.71043e+13
6.45000e-07 8.62751e+13
6.47000e-07 8.56904e+13
6.49000e-07 8.45566e+13
6.51000e-07 8.57029e+13
6.53000e-07 8.51151e+13
6.55000e-07 8.04900e+13
6.56125e-07 6.93006e+13
6.59000e-07 8.24844e+13
6.61000e-07 8.42692e+13
6.63000e-07 8.37084e+13
6.65000e-07 8.34366e+13
6.67000e-07 8.24492e+13
6.69000e-07 8.32928e+13
6.71000e-07 8.17151e+13
6.73000e-07 8.22432e+13
6.75000e-07 8.13878e+13
6.77000e-07 8.12784e+13
6.79000e-07 8.06965e+13
6.81000e-07 8.01582e+13
6.83000e-07 8.02176e+13
6.85000e-07 7.86339e+13
6.87000e-07 7.91753e+13
6.89000e-07 7.90940e+13
6.91000e-07 7.83765e+13
6.93000e-07 7.81169e+13
6.95000e-07 7.77070e+13
6.97000e-07 7.74152e+13
6.99000e-07 7.71116e+13
7.01000e-07 7.50853e+13
7.03000e-07 7.58372e+13
7.05000e-07 7.58653e+13
7.07000e-07 7.51706e+13
7.09000e-07 7.46782e+13
7.11000e-07 7.45381e+13
7.13000e-07 7.36129e+13
7.15000e-07 7.31243e+13
7.17000e-07 7.28371e+13
7.19000e-07 7.11980e+13
7.21000e-07 7.20623e+13
7.23000e-07 7.18919e+13
7.25000e-07 7.19954e+13
7.27000e-07 7.16497e+13
7.29000e-07 6.98556e+13
7.31000e-07 7.05575e+13
7.33000e-07 7.02992e+13
7.35000e-07 7.02798e+13
7.37000e-07 7.01139e+13
7.39000e-07 6.84635e+13
7.41000e-07 6.69102e+13
7.43000e-07 6.80818e+13
7.45000e-07 6.80392e+13
7.47000e-07 6.82627e+13
7.49000e-07 6.75629e+13
7.51000e-07 6.73371e+13
7.53000e-07 6.72589e+13
7.55000e-07 6.72335e+13
7.57000e-07 6.65566e+13
7.59000e-07 6.62063e+13
7.61000e-07 6.57742e+13
7.63000e-07 6.57469e+13
7.65000e-07 6.54551e+13
7.67000e-07 6.38104e+13
7.69000e-07 6.47632e+13
7.71000e-07 6.38762e+13
7.73000e-07 6.39307e+13
7.75000e-07 6.30555e+13
7.77000e-07 6.33428e+13
7.79000e-07 6.34464e+13
7.81000e-07 6.29798e+13
7.83000e-07 6.22590e+13
7.85000e-07 6.18933e+13
7.87000e-07 6.22908e+13
7.89000e-07 6.19572e+13
7.91000e-07 6.11746e+13
7.93000e-07 6.01176e+13
7.95000e-07 6.00480e+13
7.97000e-07 6.06603e+13
7.99000e-07 6.05341e+13
8.01000e-07 5.96156e+13
8.03000e-07 5.94417e+13
8.05000e-07 5.89374e+13
8.07000e-07 5.91779e+13
8.09000e-07 5.81719e+13
8.11000e-07 5.85440e+13
8.13000e-07 5.84957e+13
8.15000e-07 5.80615e+13
8.17000e-07 5.77832e+13
8.19000e-07 5.61455e+13
8.21000e-07 5.62434e+13
8.23000e-07 5.59370e+13
8.25000e-07 5.61200e+13
8.27000e-07 5.64714e+13
8.29000e-07 5.61060e+13
8.31000e-07 5.51380e+13
8.33000e-07 5.45532e+13
8.35000e-07 5.48271e+13
8.37000e-07 5.48397e+13
8.39000e-07 5.38988e+13
8.41000e-07 5.43512e+13
8.43000e-07 5.33832e+13
8.45000e-07 5.33841e+13
8.47000e-07 5.29117e+13
8.49000e-07 5.29345e+13
8.51000e-07 5.07722e+13
8.53000e-07 5.27033e+13
8.55000e-07 4.95670e+13
8.57000e-07 5.26587e+13
8.59000e-07 5.13263e+13
8.61000e-07 5.10678e+13
8.63000e-07 5.16862e+13
8.65000e-07 5.14123e+13
8.67000e-07 4.75057e+13
8.69000e-07 4.98445e+13
8.71000e-07 5.03488e+13
8.73000e-07 5.01036e+13
8.75000e-07 4.85576e+13
8.77000e-07 4.98337e+13
8.79000e-07 4.95048e+13
8.81000e-07 4.84920e+13
8.83000e-07 4.88978e+13
8.85000e-07 4.85232e+13
8.87000e-07 4.68054e+13
8.89000e-07 4.85594e+13
8.91000e-07 4.85505e+13
8.93000e-07 4.76482e+13
8.95000e-07 4.76754e+13
8.97000e-07 4.76175e+13
8.99000e-07 4.74991e+13
9.01000e-07 4.47881e+13
9.03000e-07 4.64139e+13
9.05000e-07 4.71888e+13
9.07000e-07 4.61657e+13
9.09000e-07 4.49789e+13
9.11000e-07 4.55342e+13
9.13000e-07 4.60897e+13
9.15000e-07 4.58750e+13
9.17000e-07 4.56437e+13
9.19000e-07 4.57084e+13
9.21000e-07 4.45020e+13
9.23000e-07 4.25909e+13
9.25000e-07 4.38374e+13
9.27000e-07 4.42522e+13
9.29000e-07 4.44198e+13
9.31000e-07 4.43726e+13
9.33000e-07 4.39921e+13
9.35000e-07 4.37912e+13
9.37000e-07 4.35487e+13
9.39000e-07 4.34659e+13
9.41000e-07 4.17403e+13
9.43000e-07 4.28861e+13
9.45000e-07 4.23124e+13
9.47000e-07 4.27094e+13
9.49000e-07 4.26760e+13
9.51000e-07 4.22384e+13
9.53000e-07 4.18041e+13
9.55000e-07 3.94813e+13
9.57000e-07 4.12909e+13
9.59000e-07 4.16145e+13
9.61000e-07 4.11069e+13
9.63000e-07 4.06276e+13
9.65000e-07 4.05484e+13
9.67000e-07 4.02962e+13
9.69000e-07 4.05273e+13
9.71000e-07 4.03445e+13
9.73000e-07 4.02186e+13
9.75000e-07 3.96971e+13
9.77000e-07 3.96611e+13
9.79000e-07 3.94599e+13
9.81000e-07 3.94518e+13
9.83000e-07 3.92642e+13
9.85000e-07 3.91243e+13
9.87000e-07 3.87416e+13
9.89000e-07 3.85234e+13
9.91000e-07 3.83988e+13
9.93000e-07 3.84888e+13
9.95000e-07 3.83380e+13
9.97000e-07 3.81768e+13
9.99000e-07 3.79523e+13
1.00250e-06 3.73204e+13
1.00750e-06 3.63801e+13
1.01250e-06 3.67280e+13
1.01750e-06 3.61380e+13
1.02250e-06 3.59234e+13
1.02750e-06 3.56977e+13
1.03250e-06 3.50313e+13
1.03750e-06 3.46703e+13
1.04250e-06 3.44630e+13
1.04750e-06 3.38233e+13
1.05250e-06 3.36734e+13
1.05750e-06 3.32257e+13
1.06250e-06 3.27736e+13
1.06750e-06 3.19172e+13
1.07250e-06 3.19478e+13
1.07750e-06 3.15242e+13
1.08250e-06 3.09607e+13
1.08750e-06 3.07190e+13
1.09250e-06 2.97674e+13
1.09750e-06 2.99400e+13
1.10250e-06 3.01370e+13
1.10750e-06 2.99583e+13
1.11250e-06 2.95313e+13
1.11750e-06 2.91578e+13
1.12250e-06 2.90066e+13
1.12750e-06 2.83276e+13
1.13250e-06 2.81515e+13
1.13750e-06 2.79360e+13
1.14250e-06 2.74475e+13
1.14750e-06 2.75942e+13
1.15250e-06 2.73017e+13
1.15750e-06 2.68898e+13
1.16250e-06 2.63755e+13
1.16750e-06 2.61650e+13
1.17250e-06 2.62492e+13
1.17750e-06 2.55559e+13
1.18250e-06 2.53537e+13
1.18750e-06 2.50159e+13
1.19250e-06 2.52598e+13
1.19750e-06 2.43678e+13
1.20250e-06 2.45059e+13
1.20750e-06 2.41615e+13
1.21250e-06 2.40805e+13
1.21750e-06 2.40422e+13
1.22250e-06 2.37908e+13
1.22750e-06 2.34486e+13
1.23250e-06 2.32914e+13
1.23750e-06 2.30628e+13
1.24250e-06 2.28185e+13
1.24750e-06 2.26696e+13
1.25250e-06 2.23905e+13
1.25750e-06 2.21535e+13
1.26250e-06 2.19559e+13
1.26750e-06 2.16939e+13
1.27250e-06 2.16031e+13
1.27750e-06 2.13429e+13
1.28250e-06 1.98669e+13
1.28750e-06 2.08752e+13
1.29250e-06 2.07194e+13
1.29750e-06 2.06383e+13
1.30250e-06 2.03294e+13
1.30750e-06 2.02588e+13
1.31250e-06 1.98939e+13
1.31750e-06 1.96866e+13
1.32250e-06 1.96940e+13
1.32750e-06 1.93607e+13
1.33250e-06 1.92764e+13
1.33750e-06 1.90675e+13
1.34250e-06 1.90076e+13
1.34750e-06 1.88137e+13
1.35250e-06 1.86372e+13
1.35750e-06 1.83139e+13
1.36250e-06 1.82435e+13
1.36750e-06 1.80696e+13
1.37250e-06 1.78728e+13
1.37750e-06 1.77510e+13
1.38250e-06 1.76331e+13
1.38750e-06 1.75182e+13
1.39250e-06 1.73466e+13
1.39750e-06 1.72020e+13
1.40250e-06 1.69498e+13
1.40750e-06 1.69085e+13
1.41250e-06 1.66330e+13
1.41750e-06 1.66484e+13
1.42250e-06 1.62845e+13
1.42750e-06 1.60577e+13
1.43250e-06 1.61498e+13
1.43750e-06 1.61020e+13
1.44250e-06 1.54869e+13
1.44750e-06 1.57758e+13
1.45250e-06 1.53808e+13
1.45700e-06 1.54352e+13
1.46200e-06 1.53114e+13
1.46750e-06 1.52014e+13
1.47250e-06 1.49206e+13
1.47750e-06 1.48038e+13
1.48250e-06 1.47399e+13
1.48750e-06 1.43965e+13
1.49250e-06 1.46230e+13
1.49750e-06 1.43646e+13
1.50250e-06 1.39598e+13
1.50750e-06 1.38945e+13
1.51250e-06 1.40442e+13
1.51750e-06 1.39624e+13
1.52250e-06 1.37128e+13
1.52750e-06 1.37006e+13
1.53250e-06 1.35349e+13
1.53750e-06 1.34382e+13
1.54250e-06 1.33305e+13
1.54750e-06 1.32188e+13
1.55250e-06 1.30149e+13
1.55750e-06 1.28585e+13
1.56250e-06 1.29314e+13
1.56750e-06 1.25907e+13
1.57250e-06 1.25778e+13
1.57750e-06 1.22069e+13
1.58250e-06 1.23021e+13
1.58750e-06 1.18371e+13
1.59250e-06 1.20501e+13
1.59750e-06 1.20921e+13
1.60500e-06 1.18660e+13
1.61500e-06 1.15556e+13
1.62500e-06 1.15522e+13
1.63500e-06 1.12105e+13
1.64500e-06 1.08802e+13
1.65500e-06 1.09236e+13
1.66500e-06 1.07238e+13
1.67500e-06 1.03394e+13
1.68500e-06 9.96950e+12
1.69500e-06 1.01267e+13
1.70500e-06 9.82109e+12
1.71500e-06 9.66500e+12
1.72500e-06 9.38754e+12
1.73500e-06 8.87203e+12
1.74500e-06 8.99036e+12
1.75500e-06 8.89921e+12
1.76500e-06 8.72331e+12
1.77500e-06 8.55331e+12
1.78500e-06 8.41092e+12
1.79500e-06 8.25433e+12
1.80500e-06 8.05501e+12
1.81500e-06 7.61678e+12
1.82500e-06 7.66565e+12
1.83500e-06 7.60224e+12
1.84500e-06 7.41038e+12
1.85500e-06 7.31428e+12
1.86500e-06 7.10727e+12
1.87500e-06 6.61470e+12
1.88500e-06 6.86830e+12
1.89500e-06 6.64923e+12
1.90500e-06 6.67158e+12
1.91500e-06 6.53151e+12
1.92500e-06 6.41584e+12
1.93500e-06 6.24204e+12
1.94500e-06 5.86632e+12
1.95500e-06 6.04726e+12
1.96500e-06 5.94616e+12
1.97500e-06 5.82573e+12
1.98500e-06 5.74577e+12
1.99500e-06 5.64789e+12
2.00500e-06 5.57033e+12
2.01500e-06 5.49198e+12
2.02500e-06 5.35344e+12
2.03500e-06 5.23209e+12
2.04500e-06 5.20357e+12
2.05500e-06 5.10479e+12
2.06500e-06 4.98647e+12
2.07500e-06 4.91682e+12
2.08500e-06 4.83649e+12
2.09500e-06 4.72777e+12
2.10500e-06 4.67760e+12
2.11500e-06 4.59094e+12
2.12500e-06 4.51130e+12
2.13500e-06 4.44508e+12
2.14500e-06 4.37581e+12
2.15500e-06 4.29352e+12
2.16500e-06 4.01926e+12
2.17500e-06 4.12111e+12
2.18500e-06 4.06927e+12
2.19500e-06 4.02766e+12
2.20500e-06 3.93000e+12
2.21500e-06 3.88884e+12
2.22500e-06 3.82421e+12
2.23500e-06 3.76276e+12
2.24500e-06 3.70166e+12
2.25500e-06 3.63556e+12
2.26500e-06 3.57702e+12
2.27500e-06 3.52876e+12
2.28500e-06 3.45912e+12
2.29500e-06 3.40651e+12
2.30500e-06 3.36751e+12
2.31500e-06 3.30580e+12
2.32500e-06 3.24264e+12
2.33500e-06 3.19296e+12
2.34500e-06 3.15996e+12
2.35500e-06 3.08305e+12
2.36500e-06 3.05542e+12
2.37500e-06 3.00149e+12
2.38500e-06 2.93180e+12
2.39500e-06 2.90914e+12
2.40500e-06 2.86220e+12
2.41500e-06 2.80560e+12
2.42500e-06 2.77040e+12
2.43500e-06 2.72444e+12
2.44500e-06 2.68474e+12
2.45500e-06 2.62904e+12
2.46500e-06 2.61321e+12
2.47500e-06 2.56366e+12
2.48500e-06 2.50842e+12
2.49500e-06 2.48853e+12
2.50500e-06 2.46612e+12
2.51500e-06 2.41861e+12
2.52500e-06 2.38809e+12
2.53500e-06 2.35228e+12
2.54500e-06 2.31627e+12
2.55500e-06 2.27757e+12
2.56500e-06 2.23786e+12
2.57500e-06 2.22540e+12
2.58500e-06 2.17010e+12
2.59500e-06 2.15749e+12
2.60500e-06 2.12680e+12
2.61500e-06 2.08446e+12
2.62500e-06 1.97462e+12
2.63500e-06 2.02911e+12
2.64500e-06 2.00055e+12
2.65500e-06 1.97733e+12
2.66500e-06 1.93589e+12
2.67500e-06 1.91644e+12
2.68500e-06 1.90444e+12
2.69500e-06 1.87981e+12
2.70500e-06 1.85450e+12
2.71500e-06 1.82768e+12
2.72500e-06 1.80272e+12
2.73500e-06 1.78020e+12
2.74500e-06 1.75720e+12
2.75500e-06 1.71394e+12
2.76500e-06 1.69704e+12
2.77500e-06 1.68311e+12
2.78500e-06 1.66221e+12
2.79500e-06 1.64305e+12
2.80500e-06 1.62025e+12
2.81500e-06 1.59982e+12
2.82500e-06 1.57756e+12
2.83500e-06 1.55877e+12
2.84500e-06 1.53345e+12
2.85500e-06 1.51584e+12
2.86500e-06 1.49017e+12
2.87500e-06 1.45389e+12
2.88500e-06 1.45506e+12
2.89500e-06 1.43909e+12
2.90500e-06 1.42062e+12
2.91500e-06 1.40158e+12
2.92500e-06 1.38105e+12
2.93500e-06 1.36658e+12
2.94500e-06 1.34629e+12
2.95500e-06 1.33162e+12
2.96500e-06 1.31559e+12
2.97500e-06 1.29850e+12
2.98500e-06 1.28229e+12
2.99500e-06 1.26412e+12
3.00500e-06 1.24855e+12
3.01500e-06 1.23431e+12
3.02500e-06 1.21731e+12
3.03500e-06 1.18239e+12
3.04500e-06 1.17915e+12
3.05500e-06 1.17277e+12
3.06500e-06 1.15731e+12
3.07500e-06 1.14605e+12
3.08500e-06 1.12925e+12
3.09500e-06 1.11611e+12
3.10500e-06 1.10448e+12
3.11500e-06 1.08350e+12
3.12500e-06 1.07654e+12
3.13500e-06 1.06477e+12
3.14500e-06 1.05180e+12
3.15500e-06 1.03591e+12
3.16500e-06 1.02599e+12
3.17500e-06 1.01360e+12
3.18500e-06 1.00226e+12
3.19500e-06 9.91535e+11
3.21000e-06 9.72236e+11
3.23000e-06 9.50808e+11
3.25000e-06 9.28050e+11
3.27000e-06 9.06163e+11
3.29000e-06 8.72556e+11
3.31000e-06 8.63006e+11
3.33000e-06 8.43940e+11
3.35000e-06 8.26910e+11
3.37000e-06 8.07140e+11
3.39000e-06 7.88072e+11
3.41000e-06 7.69718e+11
3.43000e-06 7.55453e+11
3.45000e-06 7.39882e+11
3.47000e-06 7.23118e+11
3.49000e-06 7.07554e+11
3.51000e-06 6.92542e+11
3.53000e-06 6.76705e+11
3.55000e-06 6.63004e+11
3.57000e-06 6.47940e+11
3.59000e-06 6.34281e+11
3.61000e-06 6.22156e+11
3.63000e-06 6.09143e+11
3.65000e-06 5.94738e+11
3.67000e-06 5.82120e+11
3.69000e-06 5.67471e+11
3.71000e-06 5.55813e+11
3.73000e-06 5.43695e+11
3.75000e-06 5.27088e+11
3.77000e-06 5.24505e+11
3.79000e-06 5.13686e+11
3.81000e-06 5.04077e+11
3.83000e-06 4.94974e+11
3.85000e-06 4.85677e+11
3.87000e-06 4.75060e+11
3.89000e-06 4.65806e+11
3.91000e-06 4.57086e+11
3.93000e-06 4.48713e+11
3.95000e-06 4.38796e+11
3.97000e-06 4.31064e+11
3.99000e-06 4.20790e+11
4.01000e-06 4.13417e+11
4.03000e-06 4.06656e+11
4.05000e-06 3.93187e+11
4.07000e-06 3.91379e+11
4.09000e-06 3.84250e+11
4.11000e-06 3.77553e+11
4.13000e-06 3.70880e+11
4.15000e-06 3.63310e+11
4.17000e-06 3.56108e+11
4.19000e-06 3.49969e+11
4.21000e-06 3.42486e+11
4.23000e-06 3.38329e+11
4.25000e-06 3.31418e+11
4.27000e-06 3.26048e+11
4.29000e-06 3.17161e+11
4.31000e-06 3.09256e+11
4.33000e-06 3.04717e+11
4.35000e-06 2.95591e+11
4.37000e-06 2.88966e+11
4.39000e-06 2.85557e+11
4.41000e-06 2.76890e+11
4.43000e-06 2.73666e+11
4.45000e-06 2.69423e+11
4.47000e-06 2.61757e+11
4.49000e-06 2.59487e+11
4.51000e-06 2.54801e+11
4.53000e-06 2.48315e+11
4.55000e-06 2.45682e+11
4.57000e-06 2.42346e+11
4.59000e-06 2.36180e+11
4.61000e-06 2.33780e+11
4.63000e-06 2.29779e+11
4.65000e-06 2.24340e+11
4.67000e-06 2.22042e+11
4.69000e-06 2.19638e+11
4.71000e-06 2.16351e+11
4.73000e-06 2.13734e+11
4.75000e-06 2.09900e+11
4.77000e-06 2.06472e+11
4.79000e-06 2.03651e+11
4.81000e-06 1.99763e+11
4.83000e-06 1.97660e+11
4.85000e-06 1.94223e+11
4.87000e-06 1.91154e+11
4.89000e-06 1.88270e+11
4.91000e-06 1.85427e+11
4.93000e-06 1.82499e+11
4.95000e-06 1.79628e+11
4.97000e-06 1.76859e+11
4.99000e-06 1.74354e+11
5.01000e-06 1.71960e+11
5.03000e-06 1.69418e+11
5.05000e-06 1.66203e+11
5.07000e-06 1.64015e+11
5.09000e-06 1.61914e+11
5.11000e-06 1.58961e+11
5.13000e-06 1.56021e+11
5.15000e-06 1.54414e+11
5.17000e-06 1.52770e+11
5.19000e-06 1.50029e+11
5.21000e-06 1.47769e+11
5.23000e-06 1.45539e+11
5.25000e-06 1.43762e+11
5.27000e-06 1.41927e+11
5.29000e-06 1.39321e+11
5.31000e-06 1.37659e+11
5.33000e-06 1.35567e+11
5.35000e-06 1.33818e+11
5.37000e-06 1.31870e+11
5.39000e-06 1.30089e+11
5.41000e-06 1.28310e+11
5.43000e-06 1.26058e+11
5.45000e-06 1.24737e+11
5.47000e-06 1.22850e+11
5.49000e-06 1.21148e+11
5.51000e-06 1.19695e+11
5.53000e-06 1.18240e+11
5.55000e-06 1.16238e+11
5.57000e-06 1.15064e+11
5.59000e-06 1.13077e+11
5.61000e-06 1.11722e+11
5.63000e-06 1.10136e+11
5.65000e-06 1.08951e+11
5.67000e-06 1.07505e+11
5.69000e-06 1.05820e+11
5.71000e-06 1.04642e+11
5.73000e-06 1.03231e+11
5.75000e-06 1.01843e+11
5.77000e-06 1.00486e+11
5.79000e-06 9.91920e+10
5.81000e-06 9.78541e+10
5.83000e-06 9.66208e+10
5.85000e-06 9.54274e+10
5.87000e-06 9.40238e+10
5.89000e-06 9.26555e+10
5.91000e-06 9.11429e+10
5.93000e-06 9.05334e+10
5.95000e-06 8.91937e+10
5.97000e-06 8.82546e+10
5.99000e-06 8.71234e+10
6.01000e-06 8.59771e+10
6.03000e-06 8.49322e+10
6.05000e-06 8.38405e+10
6.07000e-06 8.27296e+10
6.09000e-06 8.16670e+10
6.11000e-06 8.05197e+10
6.13000e-06 7.96733e+10
6.15000e-06 7.87127e+10
6.17000e-06 7.77263e+10
6.19000e-06 7.67843e+10
6.21000e-06 7.58343e+10
6.23000e-06 7.47183e+10
6.25000e-06 7.38792e+10
6.27000e-06 7.29774e+10
6.29000e-06 7.21389e+10
6.31000e-06 7.11524e+10
6.33000e-06 7.04224e+10
6.35000e-06 6.95264e+10
6.37000e-06 6.86885e+10
6.39000e-06 6.78394e+10
6.42000e-06 6.66401e+10
6.46000e-06 6.50022e+10
6.50000e-06 6.34405e+10
6.54000e-06 6.19930e+10
6.58000e-06 6.05534e+10
6.62000e-06 5.91155e+10
6.66000e-06 5.77629e+10
6.70000e-06 5.64097e+10
6.74000e-06 5.50936e+10
6.78000e-06 5.38570e+10
6.82000e-06 5.26286e+10
6.86000e-06 5.14418e+10
6.90000e-06 5.02830e+10
6.94000e-06 4.91442e+10
6.98000e-06 4.80760e+10
7.02000e-06 4.69694e+10
7.06000e-06 4.59693e+10
7.10000e-06 4.49685e+10
7.14000e-06 4.39887e+10
7.18000e-06 4.30337e+10
7.22000e-06 4.21015e+10
7.26000e-06 4.11935e+10
7.30000e-06 4.03333e+10
7.34000e-06 3.94578e+10
7.38000e-06 3.86432e+10
7.42000e-06 3.78096e+10
7.46000e-06 3.68481e+10
7.50000e-06 3.61440e+10
7.54000e-06 3.54978e+10
7.58000e-06 3.47937e+10
7.62000e-06 3.40770e+10
7.66000e-06 3.33889e+10
7.70000e-06 3.26998e+10
7.74000e-06 3.20539e+10
7.78000e-06 3.14127e+10
7.82000e-06 3.07859e+10
7.86000e-06 3.01758e+10
7.90000e-06 2.95795e+10
7.94000e-06 2.89966e+10
7.98000e-06 2.84327e+10
8.02000e-06 2.78692e+10
8.06000e-06 2.73265e+10
8.10000e-06 2.68115e+10
8.14000e-06 2.62815e+10
8.18000e-06 2.57875e+10
8.22000e-06 2.53052e+10
8.26000e-06 2.48227e+10
8.30000e-06 2.43587e+10
8.34000e-06 2.38894e+10
8.38000e-06 2.34500e+10
8.42000e-06 2.30216e+10
8.46000e-06 2.25959e+10
8.50000e-06 2.21815e+10
8.54000e-06 2.17738e+10
8.58000e-06 2.13788e+10
8.62000e-06 2.09882e+10
8.66000e-06 2.06124e+10
8.70000e-06 2.02431e+10
8.74000e-06 1.98797e+10
8.78000e-06 1.95255e+10
8.82000e-06 1.91715e+10
8.86000e-06 1.88352e+10
8.90000e-06 1.85007e+10
8.94000e-06 1.81828e+10
8.98000e-06 1.78572e+10
9.02000e-06 1.75543e+10
9.06000e-06 1.72569e+10
9.10000e-06 1.69490e+10
9.14000e-06 1.66621e+10
9.18000e-06 1.63831e+10
9.22000e-06 1.61070e+10
9.26000e-06 1.58337e+10
9.30000e-06 1.55684e+10
9.34000e-06 1.53053e+10
9.38000e-06 1.50509e+10
9.42000e-06 1.48002e+10
9.46000e-06 1.45545e+10
9.50000e-06 1.43145e+10
9.54000e-06 1.40772e+10
9.58000e-06 1.38502e+10
9.62000e-06 1.36213e+10
9.66000e-06 1.34034e+10
9.70000e-06 1.31870e+10
9.74000e-06 1.29653e+10
9.78000e-06 1.27626e+10
9.82000e-06 1.25608e+10
9.86000e-06 1.23626e+10
9.90000e-06 1.21675e+10
9.94000e-06 1.19726e+10
9.98000e-06 1.17853e+10
1.00200e-05 1.16009e+10
2.00000e-05 7.49081e+08
4.00000e-05 4.69453e+07
6.00000e-05 9.22257e+06
8.00000e-05 2.90018e+06
1.00000e-04 1.18109e+06
1.20000e-04 5.66613e+05
1.40000e-04 3.04402e+05
1.60000e-04 1.77681e+05
