9.09000e-09 0.00000e+00
9.35000e-09 0.00000e+00
9.61000e-09 0.00000e+00
9.77000e-09 0.00000e+00
9.96000e-09 0.00000e+00
1.02000e-08 0.00000e+00
1.03800e-08 0.00000e+00
1.05600e-08 0.00000e+00
1.07700e-08 0.00000e+00
1.10400e-08 0.00000e+00
1.14000e-08 0.00000e+00
1.17800e-08 0.00000e+00
1.21300e-08 0.00000e+00
1.24800e-08 0.00000e+00
1.27100e-08 0.00000e+00
1.28400e-08 0.00000e+00
1.30500e-08 0.00000e+00
1.32400e-08 0.00000e+00
1.33900e-08 0.00000e+00
1.36600e-08 0.00000e+00
1.39800e-08 0.00000e+00
1.43300e-08 0.00000e+00
1.47200e-08 0.00000e+00
1.51000e-08 0.00000e+00
1.55200e-08 0.00000e+00
1.58800e-08 0.00000e+00
1.62000e-08 0.00000e+00
1.66000e-08 0.00000e+00
1.70300e-08 0.00000e+00
1.73400e-08 0.00000e+00
1.76800e-08 0.00000e+00
1.80200e-08 0.00000e+00
1.81700e-08 0.00000e+00
1.86100e-08 0.00000e+00
1.91000e-08 0.00000e+00
1.93900e-08 0.00000e+00
1.98400e-08 0.00000e+00
2.01800e-08 0.00000e+00
2.05000e-08 0.00000e+00
2.10500e-08 0.00000e+00
2.16200e-08 0.00000e+00
2.19800e-08 0.00000e+00
2.23000e-08 0.00000e+00
2.26800e-08 0.00000e+00
2.30000e-08 0.00000e+00
2.34000e-08 0.00000e+00
2.40000e-08 0.00000e+00
2.46500e-08 0.00000e+00
2.52400e-08 0.00000e+00
2.56800e-08 0.00000e+00
2.60000e-08 0.00000e+00
2.64000e-08 0.00000e+00
2.68500e-08 0.00000e+00
2.73500e-08 0.00000e+00
2.78500e-08 0.00000e+00
2.84000e-08 0.00000e+00
2.90000e-08 0.00000e+00
2.96000e-08 0.00000e+00
3.01000e-08 0.00000e+00
3.08000e-08 0.00000e+00
3.18000e-08 0.00000e+00
3.28000e-08 0.00000e+00
3.38000e-08 0.00000e+00
3.48000e-08 0.00000e+00
3.57000e-08 0.00000e+00
3.66000e-08 0.00000e+00
3.75000e-08 0.00000e+00
3.85000e-08 0.00000e+00
3.95000e-08 0.00000e+00
4.05000e-08 0.00000e+00
4.14000e-08 0.00000e+00
4.22000e-08 0.00000e+00
4.30000e-08 0.00000e+00
4.41000e-08 0.00000e+00
4.51000e-08 0.00000e+00
4.60000e-08 0.00000e+00
4.70000e-08 0.00000e+00
4.80000e-08 0.00000e+00
4.90000e-08 0.00000e+00
5.00000e-08 0.00000e+00
5.06000e-08 3.53900e+01
5.12000e-08 6.02553e+01
5.20000e-08 1.05420e+02
5.30000e-08 2.08254e+02
5.40000e-08 3.96161e+02
5.50000e-08 7.44643e+02
5.60000e-08 1.36180e+03
5.70000e-08 2.43767e+03
5.80000e-08 4.25356e+03
5.90000e-08 7.36340e+03
6.00000e-08 1.24520e+04
6.10000e-08 2.07197e+04
6.20000e-08 3.39018e+04
6.30000e-08 5.46292e+04
6.40000e-08 8.66977e+04
6.50000e-08 1.35864e+05
6.58000e-08 1.92644e+05
6.65000e-08 2.59548e+05
6.75000e-08 3.93428e+05
6.85000e-08 5.89449e+05
6.95000e-08 8.72753e+05
7.05000e-08 1.27597e+06
7.16000e-08 1.91909e+06
7.26000e-08 2.74845e+06
7.35000e-08 3.76546e+06
7.45000e-08 5.29327e+06
7.55000e-08 7.37500e+06
7.65000e-08 1.01852e+07
7.75000e-08 1.39452e+07
7.85000e-08 1.89409e+07
7.95000e-08 2.54617e+07
8.05000e-08 3.40829e+07
8.15000e-08 4.52655e+07
8.25000e-08 5.96459e+07
8.35000e-08 7.79964e+07
8.45000e-08 1.01460e+08
8.55000e-08 1.31032e+08
8.65000e-08 1.68169e+08
8.75000e-08 2.14423e+08
8.85000e-08 2.72068e+08
8.95000e-08 3.43096e+08
9.05000e-08 4.29883e+08
9.15000e-08 8.69397e+09
9.25000e-08 5.44693e+10
9.35000e-08 9.26329e+10
9.45000e-08 1.60062e+11
9.55000e-08 2.42423e+11
9.65000e-08 3.20002e+11
9.75000e-08 2.60811e+11
9.85000e-08 4.59738e+11
9.95000e-08 5.02142e+11
1.00500e-07 6.27371e+11
1.01500e-07 6.98628e+11
1.02500e-07 4.39401e+11
1.03500e-07 8.44177e+11
1.04500e-07 1.04737e+12
1.05500e-07 1.20054e+12
1.06500e-07 1.28176e+12
1.07500e-07 1.49098e+12
1.08500e-07 1.64786e+12
1.09500e-07 1.73314e+12
1.10500e-07 6.88961e+13
1.11500e-07 1.77443e+14
1.12500e-07 2.25141e+14
1.13500e-07 2.31330e+14
1.14500e-07 1.90319e+14
1.15500e-07 2.02637e+14
1.16500e-07 1.97080e+14
1.17500e-07 1.23211e+14
1.18500e-07 5.24387e+13
1.19500e-07 6.02099e+12
1.20500e-07 5.29074e+12
1.21500e-07 1.55714e+12
1.22500e-07 5.55647e+12
1.23500e-07 1.52421e+13
1.24500e-07 1.25751e+14
1.25500e-07 3.28288e+14
1.26500e-07 2.42463e+14
1.27500e-07 9.23365e+14
1.28500e-07 1.40149e+15
1.29500e-07 1.44099e+15
1.30500e-07 9.79971e+14
1.31500e-07 1.63470e+15
1.32500e-07 1.80210e+15
1.33500e-07 1.63933e+15
1.34500e-07 2.08355e+15
1.35500e-07 1.93897e+15
1.36500e-07 1.73483e+15
1.37500e-07 2.03467e+15
1.38500e-07 2.00991e+15
1.39500e-07 2.16511e+15
1.40500e-07 2.13535e+15
1.41500e-07 1.92785e+15
1.42500e-07 2.11535e+15
1.43500e-07 1.88875e+15
1.44200e-07 2.13842e+15
1.44700e-07 2.34875e+15
1.45500e-07 2.28011e+15
1.46500e-07 2.02248e+15
1.47500e-07 1.93939e+15
1.48500e-07 2.07872e+15
1.49500e-07 2.24316e+15
1.50500e-07 2.26036e+15
1.51200e-07 2.00581e+15
1.51700e-07 2.21819e+15
1.52500e-07 1.79243e+15
1.53500e-07 1.55217e+15
1.54500e-07 2.11437e+15
1.55500e-07 1.87132e+15
1.56500e-07 1.71028e+15
1.57500e-07 1.88333e+15
1.58500e-07 2.04019e+15
1.59500e-07 2.16322e+15
1.60500e-07 2.02169e+15
1.61500e-07 2.00207e+15
1.62500e-07 1.78705e+15
1.63500e-07 1.90971e+15
1.64500e-07 1.99515e+15
1.65500e-07 1.62382e+15
1.66500e-07 1.94112e+15
1.67200e-07 1.43936e+15
1.67700e-07 1.83561e+15
1.68500e-07 2.04697e+15
1.69500e-07 1.85793e+15
1.70500e-07 1.76946e+15
1.71500e-07 1.73454e+15
1.72500e-07 1.70259e+15
1.73500e-07 1.80930e+15
1.74500e-07 1.77575e+15
1.75500e-07 1.95128e+15
1.76500e-07 1.65495e+15
1.77500e-07 1.85757e+15
1.78500e-07 1.83847e+15
1.79500e-07 2.00816e+15
1.80500e-07 1.91208e+15
1.81500e-07 1.86111e+15
1.82500e-07 1.80887e+15
1.83500e-07 1.73663e+15
1.84500e-07 1.59113e+15
1.85500e-07 1.68920e+15
1.86500e-07 1.69529e+15
1.87500e-07 1.77637e+15
1.88500e-07 1.73891e+15
1.89500e-07 1.72953e+15
1.90500e-07 1.65598e+15
1.91500e-07 1.71342e+15
1.92500e-07 1.71965e+15
1.93500e-07 1.67526e+15
1.94500e-07 1.75249e+15
1.95500e-07 1.71657e+15
1.96700e-07 1.78273e+15
1.97600e-07 1.76267e+15
1.98400e-07 1.70465e+15
1.99500e-07 1.64199e+15
2.00500e-07 1.62808e+15
2.01500e-07 1.55963e+15
2.02500e-07 1.57045e+15
2.03500e-07 1.58990e+15
2.04500e-07 1.64456e+15
2.05500e-07 1.57239e+15
2.06500e-07 1.54518e+15
2.07400e-07 1.60616e+15
2.07800e-07 1.63715e+15
2.08500e-07 1.62106e+15
2.09500e-07 1.55644e+15
2.10500e-07 1.51099e+15
2.11500e-07 1.50988e+15
2.12500e-07 1.52991e+15
2.13500e-07 1.33345e+15
2.14500e-07 1.46532e+15
2.15500e-07 1.47860e+15
2.16500e-07 1.39931e+15
2.17500e-07 1.37588e+15
2.18500e-07 1.37263e+15
2.19500e-07 1.45226e+15
2.20500e-07 1.38410e+15
2.21500e-07 1.28149e+15
2.22500e-07 1.24983e+15
2.23500e-07 1.37721e+15
2.24500e-07 1.24141e+15
2.25500e-07 1.21790e+15
2.26500e-07 1.22392e+15
2.27500e-07 1.28721e+15
2.28500e-07 1.32337e+15
2.29500e-07 1.24792e+15
2.30500e-07 1.21960e+15
2.31500e-07 1.16817e+15
2.32500e-07 9.61266e+14
2.33500e-07 1.10672e+15
2.34500e-07 1.02968e+15
2.35500e-07 1.15179e+15
2.36500e-07 1.02642e+15
2.37500e-07 1.07710e+15
2.38500e-07 9.61062e+14
2.39500e-07 1.05466e+15
2.40500e-07 9.99074e+14
2.41500e-07 1.02299e+15
2.42500e-07 1.08151e+15
2.43500e-07 1.02487e+15
2.44500e-07 1.10025e+15
2.45500e-07 1.05249e+15
2.46500e-07 1.05339e+15
2.47500e-07 1.00566e+15
2.48500e-07 1.06140e+15
2.49500e-07 1.02156e+15
2.50500e-07 1.12244e+15
2.51300e-07 1.01127e+15
2.51800e-07 1.02122e+15
2.52500e-07 9.57245e+14
2.53500e-07 9.47128e+14
2.54500e-07 9.45167e+14
2.55500e-07 1.01419e+15
2.56500e-07 1.00464e+15
2.57500e-07 1.06821e+15
2.58500e-07 1.06374e+15
2.59500e-07 1.04291e+15
2.60500e-07 9.99892e+14
2.61500e-07 9.92920e+14
2.62500e-07 1.04387e+15
2.63500e-07 1.04047e+15
2.64500e-07 1.13466e+15
2.65500e-07 1.11608e+15
2.66500e-07 1.03818e+15
2.67500e-07 1.07513e+15
2.68500e-07 1.06813e+15
2.69500e-07 1.02489e+15
2.70500e-07 1.04606e+15
2.71500e-07 9.97173e+14
2.72500e-07 1.00286e+15
2.73500e-07 1.06685e+15
2.74500e-07 9.26349e+14
2.75500e-07 9.29811e+14
2.76500e-07 9.61681e+14
2.77500e-07 1.00466e+15
2.78500e-07 9.61033e+14
2.79500e-07 6.35309e+14
2.80500e-07 7.25831e+14
2.81500e-07 1.00408e+15
2.82500e-07 1.02663e+15
2.83500e-07 9.90946e+14
2.84500e-07 9.56810e+14
2.85500e-07 9.41245e+14
2.86500e-07 9.88661e+14
2.87500e-07 9.60328e+14
2.88500e-07 9.77038e+14
2.89500e-07 9.50971e+14
2.91000e-07 1.02305e+15
2.93000e-07 9.82275e+14
2.95000e-07 9.77443e+14
2.97000e-07 9.77734e+14
2.99000e-07 9.78561e+14
3.01000e-07 9.89967e+14
3.03000e-07 9.74438e+14
3.05000e-07 9.64090e+14
3.07000e-07 9.49930e+14
3.09000e-07 9.55034e+14
3.11000e-07 9.32507e+14
3.13000e-07 9.27242e+14
3.15000e-07 9.26971e+14
3.17000e-07 9.16211e+14
3.19000e-07 8.84175e+14
3.21000e-07 8.97980e+14
3.23000e-07 8.81080e+14
3.25000e-07 8.81326e+14
3.27000e-07 8.81536e+14
3.29000e-07 8.79273e+14
3.31000e-07 8.77482e+14
3.33000e-07 8.60926e+14
3.35000e-07 8.47656e+14
3.37000e-07 8.44558e+14
3.39000e-07 8.32229e+14
3.41000e-07 8.38176e+14
3.43000e-07 8.30511e+14
3.45000e-07 8.24138e+14
3.47000e-07 8.12507e+14
3.49000e-07 8.06407e+14
3.51000e-07 8.07212e+14
3.53000e-07 8.03805e+14
3.55000e-07 7.98660e+14
3.57000e-07 7.86485e+14
3.59000e-07 7.80143e+14
3.61000e-07 7.73720e+14
3.63000e-07 7.68305e+14
3.64000e-07 7.65028e+14
3.65000e-07 7.77836e+14
3.67000e-07 7.63004e+14
3.69000e-07 6.96847e+14
3.71000e-07 7.08130e+14
3.73000e-07 7.16478e+14
3.75000e-07 8.74229e+14
3.77000e-07 9.10675e+14
3.79000e-07 1.12423e+15
3.81000e-07 1.32833e+15
3.83000e-07 1.04665e+15
3.85000e-07 1.47256e+15
3.87000e-07 1.68950e+15
3.89000e-07 8.97231e+14
3.91000e-07 1.67931e+15
3.93000e-07 1.68136e+15
3.95000e-07 1.66220e+15
3.97000e-07 8.52471e+14
3.99000e-07 1.58008e+15
4.01000e-07 1.79026e+15
4.03000e-07 1.78823e+15
4.05000e-07 1.76623e+15
4.07000e-07 1.66722e+15
4.09000e-07 1.24114e+15
4.11000e-07 9.37806e+14
4.13000e-07 1.55031e+15
4.15000e-07 1.64361e+15
4.17000e-07 1.63469e+15
4.19000e-07 1.61648e+15
4.21000e-07 1.59625e+15
4.23000e-07 1.56647e+15
4.25000e-07 1.54376e+15
4.27000e-07 1.50765e+15
4.29000e-07 1.48855e+15
4.31000e-07 1.39006e+15
4.33000e-07 9.98525e+14
4.35000e-07 8.47153e+14
4.37000e-07 1.33222e+15
4.39000e-07 1.37299e+15
4.41000e-07 1.37626e+15
4.43000e-07 1.36088e+15
4.45000e-07 1.35834e+15
4.47000e-07 1.33748e+15
4.49000e-07 1.30356e+15
4.51000e-07 1.30173e+15
4.53000e-07 1.28275e+15
4.55000e-07 1.25338e+15
4.57000e-07 1.25488e+15
4.59000e-07 1.23079e+15
4.61000e-07 1.22898e+15
4.63000e-07 1.19953e+15
4.65000e-07 1.19587e+15
4.67000e-07 1.17843e+15
4.69000e-07 1.15413e+15
4.71000e-07 1.11947e+15
4.73000e-07 1.13138e+15
4.75000e-07 1.11594e+15
4.77000e-07 1.10061e+15
4.79000e-07 1.08211e+15
4.81000e-07 1.05372e+15
4.83000e-07 9.94580e+14
4.85000e-07 7.45965e+14
4.87000e-07 6.04372e+14
4.89000e-07 9.30668e+14
4.91000e-07 9.85092e+14
4.93000e-07 9.80759e+14
4.95000e-07 9.79307e+14
4.97000e-07 9.72387e+14
4.99000e-07 9.58646e+14
5.01000e-07 9.37515e+14
5.03000e-07 9.33633e+14
5.05000e-07 9.15144e+14
5.07000e-07 9.14035e+14
5.09000e-07 9.03245e+14
5.11000e-07 8.91327e+14
5.13000e-07 8.81699e+14
5.15000e-07 8.67890e+14
5.17000e-07 8.50603e+14
5.19000e-07 8.42158e+14
5.21000e-07 8.38119e+14
5.23000e-07 8.23293e+14
5.25000e-07 8.20203e+14
5.27000e-07 8.02324e+14
5.29000e-07 8.01842e+14
5.31000e-07 7.87409e+14
5.33000e-07 7.79296e+14
5.35000e-07 7.74836e+14
5.37000e-07 7.64320e+14
5.39000e-07 7.55844e+14
5.41000e-07 7.44886e+14
5.43000e-07 7.38054e+14
5.45000e-07 7.31366e+14
5.47000e-07 7.22679e+14
5.49000e-07 7.14760e+14
5.51000e-07 7.06938e+14
5.53000e-07 6.98434e+14
5.55000e-07 6.91416e+14
5.57000e-07 6.83363e+14
5.59000e-07 6.76299e+14
5.61000e-07 6.69487e+14
5.63000e-07 6.62065e+14
5.65000e-07 6.53999e+14
5.67000e-07 6.46780e+14
5.69000e-07 6.40205e+14
5.71000e-07 6.33348e+14
5.73000e-07 6.26697e+14
5.75000e-07 6.19405e+14
5.77000e-07 6.12878e+14
5.79000e-07 6.05830e+14
5.81000e-07 5.99613e+14
5.83000e-07 5.93234e+14
5.85000e-07 5.86939e+14
5.87000e-07 5.79305e+14
5.89000e-07 5.71219e+14
5.91000e-07 5.68136e+14
5.93000e-07 5.62349e+14
5.95000e-07 5.55244e+14
5.97000e-07 5.50093e+14
5.99000e-07 5.43318e+14
6.01000e-07 5.38404e+14
6.03000e-07 5.33284e+14
6.05000e-07 5.27469e+14
6.07000e-07 5.22199e+14
6.09000e-07 5.16794e+14
6.11000e-07 5.11398e+14
6.13000e-07 5.05901e+14
6.15000e-07 4.96142e+14
6.17000e-07 4.95444e+14
6.19000e-07 4.90861e+14
6.21000e-07 4.85829e+14
6.23000e-07 4.80599e+14
6.25000e-07 4.73468e+14
6.27000e-07 4.71180e+14
6.29000e-07 4.66513e+14
6.31000e-07 4.61223e+14
6.33000e-07 4.56978e+14
6.35000e-07 4.47704e+14
6.37000e-07 4.44767e+14
6.39000e-07 4.43150e+14
6.41000e-07 4.38179e+14
6.43000e-07 4.33754e+14
6.45000e-07 4.27038e+14
6.47000e-07 4.24177e+14
6.49000e-07 4.17739e+14
6.51000e-07 4.10322e+14
6.53000e-07 3.94092e+14
6.55000e-07 3.34709e+14
6.56125e-07 2.71685e+14
6.59000e-07 3.68558e+14
6.61000e-07 3.88042e+14
6.63000e-07 3.89844e+14
6.65000e-07 3.88099e+14
6.67000e-07 3.85123e+14
6.69000e-07 3.82016e+14
6.71000e-07 3.79081e+14
6.73000e-07 3.75076e+14
6.75000e-07 3.71931e+14
6.77000e-07 3.68610e+14
6.79000e-07 3.65086e+14
6.81000e-07 3.61677e+14
6.83000e-07 3.58124e+14
6.85000e-07 3.54808e+14
6.87000e-07 3.51628e+14
6.89000e-07 3.48359e+14
6.91000e-07 3.45099e+14
6.93000e-07 3.41784e+14
6.95000e-07 3.38697e+14
6.97000e-07 3.35562e+14
6.99000e-07 3.32611e+14
7.01000e-07 3.28860e+14
7.03000e-07 3.26367e+14
7.05000e-07 3.23267e+14
7.07000e-07 3.20491e+14
7.09000e-07 3.17689e+14
7.11000e-07 3.13266e+14
7.13000e-07 3.11614e+14
7.15000e-07 3.08717e+14
7.17000e-07 3.06213e+14
7.19000e-07 3.03484e+14
7.21000e-07 3.00817e+14
7.23000e-07 2.97980e+14
7.25000e-07 2.95120e+14
7.27000e-07 2.92857e+14
7.29000e-07 2.90111e+14
7.31000e-07 2.87525e+14
7.33000e-07 2.85130e+14
7.35000e-07 2.82674e+14
7.37000e-07 2.80199e+14
7.39000e-07 2.77643e+14
7.41000e-07 2.74513e+14
7.43000e-07 2.71945e+14
7.45000e-07 2.69992e+14
7.47000e-07 2.67069e+14
7.49000e-07 2.65309e+14
7.51000e-07 2.63196e+14
7.53000e-07 2.61176e+14
7.55000e-07 2.59007e+14
7.57000e-07 2.56766e+14
7.59000e-07 2.54558e+14
7.61000e-07 2.52441e+14
7.63000e-07 2.50227e+14
7.65000e-07 2.48025e+14
7.67000e-07 2.45843e+14
7.69000e-07 2.43840e+14
7.71000e-07 2.41613e+14
7.73000e-07 2.39810e+14
7.75000e-07 2.37777e+14
7.77000e-07 2.31300e+14
7.79000e-07 2.33827e+14
7.81000e-07 2.31902e+14
7.83000e-07 2.29852e+14
7.85000e-07 2.27698e+14
7.87000e-07 2.25101e+14
7.89000e-07 2.22956e+14
7.91000e-07 2.22071e+14
7.93000e-07 2.20485e+14
7.95000e-07 2.17643e+14
7.97000e-07 2.16979e+14
7.99000e-07 2.12943e+14
8.01000e-07 2.13396e+14
8.03000e-07 2.11598e+14
8.05000e-07 2.09938e+14
8.07000e-07 2.08170e+14
8.09000e-07 2.06520e+14
8.11000e-07 2.04838e+14
8.13000e-07 2.03262e+14
8.15000e-07 2.01624e+14
8.17000e-07 2.00018e+14
8.19000e-07 1.97593e+14
8.21000e-07 1.97039e+14
8.23000e-07 1.95248e+14
8.25000e-07 1.94491e+14
8.27000e-07 1.93937e+14
8.29000e-07 1.92246e+14
8.31000e-07 1.90896e+14
8.33000e-07 1.88509e+14
8.35000e-07 1.87089e+14
8.37000e-07 1.85265e+14
8.39000e-07 1.82505e+14
8.41000e-07 1.79283e+14
8.43000e-07 1.75688e+14
8.45000e-07 1.72483e+14
8.47000e-07 1.70288e+14
8.49000e-07 1.70684e+14
8.51000e-07 1.64462e+14
8.53000e-07 1.70562e+14
8.55000e-07 1.55392e+14
8.57000e-07 1.73467e+14
8.59000e-07 1.59039e+14
8.61000e-07 1.56268e+14
8.63000e-07 1.75727e+14
8.65000e-07 1.64151e+14
8.67000e-07 1.39864e+14
8.69000e-07 1.68390e+14
8.71000e-07 1.77500e+14
8.73000e-07 1.65842e+14
8.75000e-07 1.33209e+14
8.77000e-07 1.56491e+14
8.79000e-07 1.74361e+14
8.81000e-07 1.76527e+14
8.83000e-07 1.69553e+14
8.85000e-07 1.47128e+14
8.87000e-07 1.26685e+14
8.89000e-07 1.58863e+14
8.91000e-07 1.69435e+14
8.93000e-07 1.71455e+14
8.95000e-07 1.71306e+14
8.97000e-07 1.66914e+14
8.99000e-07 1.54920e+14
9.01000e-07 1.22486e+14
9.03000e-07 1.32653e+14
9.05000e-07 1.55724e+14
9.07000e-07 1.60387e+14
9.09000e-07 1.60667e+14
9.11000e-07 1.62323e+14
9.13000e-07 1.61734e+14
9.15000e-07 1.60407e+14
9.17000e-07 1.57383e+14
9.19000e-07 1.51243e+14
9.21000e-07 1.36459e+14
9.23000e-07 1.07116e+14
9.25000e-07 1.30571e+14
9.27000e-07 1.43120e+14
9.29000e-07 1.50301e+14
9.31000e-07 1.51181e+14
9.33000e-07 1.50668e+14
9.35000e-07 1.50007e+14
9.37000e-07 1.49067e+14
9.39000e-07 1.47155e+14
9.41000e-07 1.44884e+14
9.43000e-07 1.45376e+14
9.45000e-07 1.44061e+14
9.47000e-07 1.42176e+14
9.49000e-07 1.39335e+14
9.51000e-07 1.33559e+14
9.53000e-07 1.18477e+14
9.55000e-07 9.63321e+13
9.57000e-07 1.19874e+14
9.59000e-07 1.30943e+14
9.61000e-07 1.33523e+14
9.63000e-07 1.32766e+14
9.65000e-07 1.34004e+14
9.67000e-07 1.32605e+14
9.69000e-07 1.32435e+14
9.71000e-07 1.31810e+14
9.73000e-07 1.30962e+14
9.75000e-07 1.30053e+14
9.77000e-07 1.29233e+14
9.79000e-07 1.28265e+14
9.81000e-07 1.27289e+14
9.83000e-07 1.26120e+14
9.85000e-07 1.25216e+14
9.87000e-07 1.24164e+14
9.89000e-07 1.22680e+14
9.91000e-07 1.22324e+14
9.93000e-07 1.21171e+14
9.95000e-07 1.20144e+14
9.97000e-07 1.18790e+14
9.99000e-07 1.16632e+14
1.00250e-06 1.03066e+14
1.00750e-06 9.77849e+13
1.01250e-06 1.11253e+14
1.01750e-06 1.11315e+14
1.02250e-06 1.09891e+14
1.02750e-06 1.08100e+14
1.03250e-06 1.06214e+14
1.03750e-06 1.04426e+14
1.04250e-06 1.02685e+14
1.04750e-06 1.00718e+14
1.05250e-06 9.90053e+13
1.05750e-06 9.74750e+13
1.06250e-06 9.59324e+13
1.06750e-06 9.34523e+13
1.07250e-06 9.23603e+13
1.07750e-06 9.08853e+13
1.08250e-06 8.90285e+13
1.08750e-06 8.58450e+13
1.09250e-06 7.09804e+13
1.09750e-06 7.75476e+13
1.10250e-06 8.28896e+13
1.10750e-06 8.24346e+13
1.11250e-06 8.13605e+13
1.11750e-06 8.01785e+13
1.12250e-06 7.89336e+13
1.12750e-06 7.68867e+13
1.13250e-06 7.57746e+13
1.13750e-06 7.52060e+13
1.14250e-06 7.39921e+13
1.14750e-06 7.29453e+13
1.15250e-06 7.18401e+13
1.15750e-06 7.07203e+13
1.16250e-06 6.93940e+13
1.16750e-06 6.81597e+13
1.17250e-06 6.75330e+13
1.17750e-06 6.59173e+13
1.18250e-06 6.53045e+13
1.18750e-06 6.42080e+13
1.19250e-06 6.35674e+13
1.19750e-06 6.24414e+13
1.20250e-06 6.16522e+13
1.20750e-06 6.06647e+13
1.21250e-06 5.97913e+13
1.21750e-06 5.89632e+13
1.22250e-06 5.80810e+13
1.22750e-06 5.71813e+13
1.23250e-06 5.63760e+13
1.23750e-06 5.55770e+13
1.24250e-06 5.48256e+13
1.24750e-06 5.38737e+13
1.25250e-06 5.32356e+13
1.25750e-06 5.23032e+13
1.26250e-06 5.15588e+13
1.26750e-06 5.07730e+13
1.27250e-06 4.96722e+13
1.27750e-06 4.69065e+13
1.28250e-06 4.01259e+13
1.28750e-06 4.61965e+13
1.29250e-06 4.70621e+13
1.29750e-06 4.67001e+13
1.30250e-06 4.61868e+13
1.30750e-06 4.55984e+13
1.31250e-06 4.49696e+13
1.31750e-06 4.42491e+13
1.32250e-06 4.37557e+13
1.32750e-06 4.31616e+13
1.33250e-06 4.25795e+13
1.33750e-06 4.20027e+13
1.34250e-06 4.14312e+13
1.34750e-06 4.08587e+13
1.35250e-06 4.02792e+13
1.35750e-06 3.97643e+13
1.36250e-06 3.92477e+13
1.36750e-06 3.87034e+13
1.37250e-06 3.81499e+13
1.37750e-06 3.77285e+13
1.38250e-06 3.72373e+13
1.38750e-06 3.67639e+13
1.39250e-06 3.62576e+13
1.39750e-06 3.58076e+13
1.40250e-06 3.53497e+13
1.40750e-06 3.48974e+13
1.41250e-06 3.44412e+13
1.41750e-06 3.40056e+13
1.42250e-06 3.35714e+13
1.42750e-06 3.31444e+13
1.43250e-06 3.27225e+13
1.43750e-06 3.23130e+13
1.44250e-06 3.17182e+13
1.44750e-06 3.15012e+13
1.45250e-06 3.10098e+13
1.45700e-06 3.07564e+13
1.46200e-06 3.04195e+13
1.46750e-06 3.00414e+13
1.47250e-06 2.96727e+13
1.47750e-06 2.92600e+13
1.48250e-06 2.89515e+13
1.48750e-06 2.85529e+13
1.49250e-06 2.82790e+13
1.49750e-06 2.78956e+13
1.50250e-06 2.75317e+13
1.50750e-06 2.71488e+13
1.51250e-06 2.68164e+13
1.51750e-06 2.64192e+13
1.52250e-06 2.60021e+13
1.52750e-06 2.56691e+13
1.53250e-06 2.52468e+13
1.53750e-06 2.50000e+13
1.54250e-06 2.44867e+13
1.54750e-06 2.43901e+13
1.55250e-06 2.40050e+13
1.55750e-06 2.34256e+13
1.56250e-06 2.38685e+13
1.56750e-06 2.29422e+13
1.57250e-06 2.24491e+13
1.57750e-06 2.32214e+13
1.58250e-06 2.27936e+13
1.58750e-06 2.10851e+13
1.59250e-06 2.19036e+13
1.59750e-06 2.25905e+13
1.60500e-06 2.15916e+13
1.61500e-06 2.03486e+13
1.62500e-06 2.13073e+13
1.63500e-06 2.00300e+13
1.64500e-06 1.88892e+13
1.65500e-06 1.99848e+13
1.66500e-06 1.95824e+13
1.67500e-06 1.82576e+13
1.68500e-06 1.71605e+13
1.69500e-06 1.82961e+13
1.70500e-06 1.80005e+13
1.71500e-06 1.76093e+13
1.72500e-06 1.70170e+13
1.73500e-06 1.50018e+13
1.74500e-06 1.60267e+13
1.75500e-06 1.61137e+13
1.76500e-06 1.58348e+13
1.77500e-06 1.55254e+13
1.78500e-06 1.51958e+13
1.79500e-06 1.48551e+13
1.80500e-06 1.43811e+13
1.81500e-06 1.28016e+13
1.82500e-06 1.33890e+13
1.83500e-06 1.36328e+13
1.84500e-06 1.34002e+13
1.85500e-06 1.31028e+13
1.86500e-06 1.26941e+13
1.87500e-06 1.12624e+13
1.88500e-06 1.21356e+13
1.89500e-06 1.20950e+13
1.90500e-06 1.19039e+13
1.91500e-06 1.16680e+13
1.92500e-06 1.14068e+13
1.93500e-06 1.09964e+13
1.94500e-06 9.77630e+12
1.95500e-06 1.05793e+13
1.96500e-06 1.05627e+13
1.97500e-06 1.03951e+13
1.98500e-06 1.02056e+13
1.99500e-06 1.00145e+13
2.00500e-06 9.82773e+12
2.01500e-06 9.64506e+12
2.02500e-06 9.46644e+12
2.03500e-06 9.29084e+12
2.04500e-06 9.12183e+12
2.05500e-06 8.95477e+12
2.06500e-06 8.79050e+12
2.07500e-06 8.63248e+12
2.08500e-06 8.47751e+12
2.09500e-06 8.32553e+12
2.10500e-06 8.17597e+12
2.11500e-06 8.02405e+12
2.12500e-06 7.88221e+12
2.13500e-06 7.73871e+12
2.14500e-06 7.58214e+12
2.15500e-06 7.34645e+12
2.16500e-06 6.58190e+12
2.17500e-06 7.02521e+12
2.18500e-06 7.06388e+12
2.19500e-06 6.97323e+12
2.20500e-06 6.85844e+12
2.21500e-06 6.73922e+12
2.22500e-06 6.62939e+12
2.23500e-06 6.51756e+12
2.24500e-06 6.40827e+12
2.25500e-06 6.29992e+12
2.26500e-06 6.19617e+12
2.27500e-06 6.09334e+12
2.28500e-06 6.01920e+12
2.29500e-06 6.00563e+12
2.30500e-06 5.90705e+12
2.31500e-06 5.79644e+12
2.32500e-06 5.68891e+12
2.33500e-06 5.58273e+12
2.34500e-06 5.47986e+12
2.35500e-06 5.38078e+12
2.36500e-06 5.28472e+12
2.37500e-06 5.19189e+12
2.38500e-06 5.10156e+12
2.39500e-06 5.01110e+12
2.40500e-06 4.92854e+12
2.41500e-06 4.84272e+12
2.42500e-06 4.75892e+12
2.43500e-06 4.68408e+12
2.44500e-06 4.59933e+12
2.45500e-06 4.53894e+12
2.46500e-06 4.45345e+12
2.47500e-06 4.39706e+12
2.48500e-06 4.33886e+12
2.49500e-06 4.23637e+12
2.50500e-06 4.27262e+12
2.51500e-06 4.16610e+12
2.52500e-06 4.02031e+12
2.53500e-06 4.02066e+12
2.54500e-06 3.99442e+12
2.55500e-06 3.89183e+12
2.56500e-06 3.74977e+12
2.57500e-06 3.79354e+12
2.58500e-06 3.77372e+12
2.59500e-06 3.70922e+12
2.60500e-06 3.57815e+12
2.61500e-06 3.42164e+12
2.62500e-06 3.21083e+12
2.63500e-06 3.41982e+12
2.64500e-06 3.45157e+12
2.65500e-06 3.40622e+12
2.66500e-06 3.30814e+12
2.67500e-06 3.12272e+12
2.68500e-06 3.21619e+12
2.69500e-06 3.22531e+12
2.70500e-06 3.19203e+12
2.71500e-06 3.15026e+12
2.72500e-06 3.10471e+12
2.73500e-06 3.05349e+12
2.74500e-06 2.97814e+12
2.75500e-06 2.78397e+12
2.76500e-06 2.82074e+12
2.77500e-06 2.87471e+12
2.78500e-06 2.85381e+12
2.79500e-06 2.82330e+12
2.80500e-06 2.78587e+12
2.81500e-06 2.74786e+12
2.82500e-06 2.71059e+12
2.83500e-06 2.67276e+12
2.84500e-06 2.62901e+12
2.85500e-06 2.57933e+12
2.86500e-06 2.47516e+12
2.87500e-06 2.33168e+12
2.88500e-06 2.45187e+12
2.89500e-06 2.45227e+12
2.90500e-06 2.43086e+12
2.91500e-06 2.40091e+12
2.92500e-06 2.37122e+12
2.93500e-06 2.34036e+12
2.94500e-06 2.30998e+12
2.95500e-06 2.28014e+12
2.96500e-06 2.25064e+12
2.97500e-06 2.22166e+12
2.98500e-06 2.19318e+12
2.99500e-06 2.16496e+12
3.00500e-06 2.13434e+12
3.01500e-06 2.10019e+12
3.02500e-06 2.05224e+12
3.03500e-06 1.91154e+12
3.04500e-06 1.92355e+12
3.05500e-06 1.98206e+12
3.06500e-06 1.97320e+12
3.07500e-06 1.95472e+12
3.08500e-06 1.93044e+12
3.09500e-06 1.90756e+12
3.10500e-06 1.88396e+12
3.11500e-06 1.86051e+12
3.12500e-06 1.83755e+12
3.13500e-06 1.81542e+12
3.14500e-06 1.79288e+12
3.15500e-06 1.77158e+12
3.16500e-06 1.75014e+12
3.17500e-06 1.72874e+12
3.18500e-06 1.70817e+12
3.19500e-06 1.68753e+12
3.21000e-06 1.65732e+12
3.23000e-06 1.61816e+12
3.25000e-06 1.58004e+12
3.27000e-06 1.53512e+12
3.29000e-06 1.41875e+12
3.31000e-06 1.44450e+12
3.33000e-06 1.44476e+12
3.35000e-06 1.41501e+12
3.37000e-06 1.38022e+12
3.39000e-06 1.34811e+12
3.41000e-06 1.31673e+12
3.43000e-06 1.28634e+12
3.45000e-06 1.25694e+12
3.47000e-06 1.22813e+12
3.49000e-06 1.20024e+12
3.51000e-06 1.17330e+12
3.53000e-06 1.14677e+12
3.55000e-06 1.12175e+12
3.57000e-06 1.09647e+12
3.59000e-06 1.07280e+12
3.61000e-06 1.04915e+12
3.63000e-06 1.02713e+12
3.65000e-06 1.00428e+12
3.67000e-06 9.85313e+11
3.69000e-06 9.59831e+11
3.71000e-06 9.42367e+11
3.73000e-06 8.96735e+11
3.75000e-06 8.67317e+11
3.77000e-06 8.86422e+11
3.79000e-06 8.71950e+11
3.81000e-06 8.46262e+11
3.83000e-06 8.30590e+11
3.85000e-06 8.22084e+11
3.87000e-06 8.06114e+11
3.89000e-06 7.84676e+11
3.91000e-06 7.58976e+11
3.93000e-06 7.57222e+11
3.95000e-06 7.46386e+11
3.97000e-06 7.32909e+11
3.99000e-06 7.18481e+11
4.01000e-06 6.90223e+11
4.03000e-06 6.73368e+11
4.05000e-06 6.41010e+11
4.07000e-06 6.58674e+11
4.09000e-06 6.51347e+11
4.11000e-06 6.40384e+11
4.13000e-06 6.26909e+11
4.15000e-06 6.10753e+11
4.17000e-06 5.82637e+11
4.19000e-06 5.87753e+11
4.21000e-06 5.81990e+11
4.23000e-06 5.72542e+11
4.25000e-06 5.62118e+11
4.27000e-06 5.51927e+11
4.29000e-06 5.41962e+11
4.31000e-06 5.32218e+11
4.33000e-06 5.22229e+11
4.35000e-06 5.10112e+11
4.37000e-06 4.84641e+11
4.39000e-06 4.85396e+11
4.41000e-06 4.84935e+11
4.43000e-06 4.78148e+11
4.45000e-06 4.69845e+11
4.47000e-06 4.63501e+11
4.49000e-06 4.55475e+11
4.51000e-06 4.47666e+11
4.53000e-06 4.39940e+11
4.55000e-06 4.32478e+11
4.57000e-06 4.25093e+11
4.59000e-06 4.17874e+11
4.61000e-06 4.09594e+11
4.63000e-06 3.99754e+11
4.65000e-06 3.73046e+11
4.67000e-06 3.68734e+11
4.69000e-06 3.77465e+11
4.71000e-06 3.76236e+11
4.73000e-06 3.71411e+11
4.75000e-06 3.65485e+11
4.77000e-06 3.59562e+11
4.79000e-06 3.53758e+11
4.81000e-06 3.48038e+11
4.83000e-06 3.42432e+11
4.85000e-06 3.36955e+11
4.87000e-06 3.31572e+11
4.89000e-06 3.26298e+11
4.91000e-06 3.21113e+11
4.93000e-06 3.16049e+11
4.95000e-06 3.11086e+11
4.97000e-06 3.06208e+11
4.99000e-06 3.01428e+11
5.01000e-06 2.96745e+11
5.03000e-06 2.92142e+11
5.05000e-06 2.87646e+11
5.07000e-06 2.83227e+11
5.09000e-06 2.77952e+11
5.11000e-06 2.70457e+11
5.13000e-06 2.55368e+11
5.15000e-06 2.63246e+11
5.17000e-06 2.61749e+11
5.19000e-06 2.58435e+11
5.21000e-06 2.54567e+11
5.23000e-06 2.50778e+11
5.25000e-06 2.47053e+11
5.27000e-06 2.43405e+11
5.29000e-06 2.39818e+11
5.31000e-06 2.36304e+11
5.33000e-06 2.32837e+11
5.35000e-06 2.29441e+11
5.37000e-06 2.26115e+11
5.39000e-06 2.22845e+11
5.41000e-06 2.19630e+11
5.43000e-06 2.16469e+11
5.45000e-06 2.13374e+11
5.47000e-06 2.10331e+11
5.49000e-06 2.07338e+11
5.51000e-06 2.04409e+11
5.53000e-06 2.01516e+11
5.55000e-06 1.98685e+11
5.57000e-06 1.95888e+11
5.59000e-06 1.93151e+11
5.61000e-06 1.90471e+11
5.63000e-06 1.87837e+11
5.65000e-06 1.85235e+11
5.67000e-06 1.82677e+11
5.69000e-06 1.80173e+11
5.71000e-06 1.77711e+11
5.73000e-06 1.75280e+11
5.75000e-06 1.72900e+11
5.77000e-06 1.70561e+11
5.79000e-06 1.68261e+11
5.81000e-06 1.65999e+11
5.83000e-06 1.63765e+11
5.85000e-06 1.61822e+11
5.87000e-06 1.59092e+11
5.89000e-06 1.54929e+11
5.91000e-06 1.46451e+11
5.93000e-06 1.51571e+11
5.95000e-06 1.50990e+11
5.97000e-06 1.49494e+11
5.99000e-06 1.47542e+11
6.01000e-06 1.45623e+11
6.03000e-06 1.43726e+11
6.05000e-06 1.41872e+11
6.07000e-06 1.40038e+11
6.09000e-06 1.38236e+11
6.11000e-06 1.36465e+11
6.13000e-06 1.34724e+11
6.15000e-06 1.33012e+11
6.17000e-06 1.31320e+11
6.19000e-06 1.29667e+11
6.21000e-06 1.28032e+11
6.23000e-06 1.26415e+11
6.25000e-06 1.24836e+11
6.27000e-06 1.23274e+11
6.29000e-06 1.21739e+11
6.31000e-06 1.20231e+11
6.33000e-06 1.18739e+11
6.35000e-06 1.17272e+11
6.37000e-06 1.15832e+11
6.39000e-06 1.14406e+11
6.42000e-06 1.12316e+11
6.46000e-06 1.09602e+11
6.50000e-06 1.06974e+11
6.54000e-06 1.04418e+11
6.58000e-06 1.01943e+11
6.62000e-06 9.95287e+10
6.66000e-06 9.71986e+10
6.70000e-06 9.49337e+10
6.74000e-06 9.27322e+10
6.78000e-06 9.06004e+10
6.82000e-06 8.85202e+10
6.86000e-06 8.64982e+10
6.90000e-06 8.45408e+10
6.94000e-06 8.26383e+10
6.98000e-06 8.07892e+10
7.02000e-06 7.89843e+10
7.06000e-06 7.72378e+10
7.10000e-06 7.55329e+10
7.14000e-06 7.38754e+10
7.18000e-06 7.22675e+10
7.22000e-06 7.06986e+10
7.26000e-06 6.91740e+10
7.30000e-06 6.76955e+10
7.34000e-06 6.62507e+10
7.38000e-06 6.48400e+10
7.42000e-06 6.31574e+10
7.46000e-06 5.97397e+10
7.50000e-06 5.83962e+10
7.54000e-06 5.92235e+10
7.58000e-06 5.83464e+10
7.62000e-06 5.71586e+10
7.66000e-06 5.59905e+10
7.70000e-06 5.48524e+10
7.74000e-06 5.37424e+10
7.78000e-06 5.26615e+10
7.82000e-06 5.16067e+10
7.86000e-06 5.05778e+10
7.90000e-06 4.95750e+10
7.94000e-06 4.85963e+10
7.98000e-06 4.76418e+10
8.02000e-06 4.67109e+10
8.06000e-06 4.58025e+10
8.10000e-06 4.49160e+10
8.14000e-06 4.40503e+10
8.18000e-06 4.32062e+10
8.22000e-06 4.23819e+10
8.26000e-06 4.15771e+10
8.30000e-06 4.07912e+10
8.34000e-06 4.00228e+10
8.38000e-06 3.92720e+10
8.42000e-06 3.85416e+10
8.46000e-06 3.78270e+10
8.50000e-06 3.71287e+10
8.54000e-06 3.64459e+10
8.58000e-06 3.57794e+10
8.62000e-06 3.51272e+10
8.66000e-06 3.44904e+10
8.70000e-06 3.38679e+10
8.74000e-06 3.32588e+10
8.78000e-06 3.26642e+10
8.82000e-06 3.20819e+10
8.86000e-06 3.15131e+10
8.90000e-06 3.09565e+10
8.94000e-06 3.04124e+10
8.98000e-06 2.98799e+10
9.02000e-06 2.93590e+10
9.06000e-06 2.88497e+10
9.10000e-06 2.83510e+10
9.14000e-06 2.78635e+10
9.18000e-06 2.73860e+10
9.22000e-06 2.69189e+10
9.26000e-06 2.64615e+10
9.30000e-06 2.60140e+10
9.34000e-06 2.55757e+10
9.38000e-06 2.51469e+10
9.42000e-06 2.47266e+10
9.46000e-06 2.43155e+10
9.50000e-06 2.39125e+10
9.54000e-06 2.35178e+10
9.58000e-06 2.31318e+10
9.62000e-06 2.27530e+10
9.66000e-06 2.23820e+10
9.70000e-06 2.20189e+10
9.74000e-06 2.16628e+10
9.78000e-06 2.13139e+10
9.82000e-06 2.09718e+10
9.86000e-06 2.06370e+10
9.90000e-06 2.03087e+10
9.94000e-06 1.99870e+10
9.98000e-06 1.96712e+10
1.00200e-05 1.93618e+10
2.00000e-05 1.23502e+09
4.00000e-05 7.66411e+07
6.00000e-05 1.49960e+07
8.00000e-05 4.70489e+06
1.00000e-04 1.91308e+06
1.20000e-04 9.16737e+05
1.40000e-04 4.92075e+05
1.60000e-04 2.86992e+05
