9.09000e-09 0.00000e+00
9.35000e-09 0.00000e+00
9.61000e-09 0.00000e+00
9.77000e-09 0.00000e+00
9.96000e-09 0.00000e+00
1.02000e-08 0.00000e+00
1.03800e-08 0.00000e+00
1.05600e-08 0.00000e+00
1.07700e-08 0.00000e+00
1.10400e-08 0.00000e+00
1.14000e-08 0.00000e+00
1.17800e-08 0.00000e+00
1.21300e-08 0.00000e+00
1.24800e-08 0.00000e+00
1.27100e-08 0.00000e+00
1.28400e-08 0.00000e+00
1.30500e-08 0.00000e+00
1.32400e-08 0.00000e+00
1.33900e-08 0.00000e+00
1.36600e-08 0.00000e+00
1.39800e-08 0.00000e+00
1.43300e-08 0.00000e+00
1.47200e-08 0.00000e+00
1.51000e-08 0.00000e+00
1.55200e-08 0.00000e+00
1.58800e-08 0.00000e+00
1.62000e-08 0.00000e+00
1.66000e-08 0.00000e+00
1.70300e-08 0.00000e+00
1.73400e-08 0.00000e+00
1.76800e-08 0.00000e+00
1.80200e-08 0.00000e+00
1.81700e-08 0.00000e+00
1.86100e-08 0.00000e+00
1.91000e-08 0.00000e+00
1.93900e-08 0.00000e+00
1.98400e-08 0.00000e+00
2.01800e-08 0.00000e+00
2.05000e-08 0.00000e+00
2.10500e-08 0.00000e+00
2.16200e-08 0.00000e+00
2.19800e-08 0.00000e+00
2.23000e-08 0.00000e+00
2.26800e-08 0.00000e+00
2.30000e-08 0.00000e+00
2.34000e-08 0.00000e+00
2.40000e-08 0.00000e+00
2.46500e-08 0.00000e+00
2.52400e-08 0.00000e+00
2.56800e-08 0.00000e+00
2.60000e-08 0.00000e+00
2.64000e-08 0.00000e+00
2.68500e-08 0.00000e+00
2.73500e-08 0.00000e+00
2.78500e-08 0.00000e+00
2.84000e-08 0.00000e+00
2.90000e-08 0.00000e+00
2.96000e-08 0.00000e+00
3.01000e-08 0.00000e+00
3.08000e-08 0.00000e+00
3.18000e-08 0.00000e+00
3.28000e-08 0.00000e+00
3.38000e-08 0.00000e+00
3.48000e-08 0.00000e+00
3.57000e-08 0.00000e+00
3.66000e-08 0.00000e+00
3.75000e-08 0.00000e+00
3.85000e-08 0.00000e+00
3.95000e-08 0.00000e+00
4.05000e-08 0.00000e+00
4.14000e-08 0.00000e+00
4.22000e-08 0.00000e+00
4.30000e-08 0.00000e+00
4.41000e-08 0.00000e+00
4.51000e-08 0.00000e+00
4.60000e-08 0.00000e+00
4.70000e-08 0.00000e+00
4.80000e-08 0.00000e+00
4.90000e-08 0.00000e+00
5.00000e-08 0.00000e+00
5.06000e-08 2.82449e+02
5.12000e-08 4.82697e+02
5.20000e-08 8.18023e+02
5.30000e-08 1.55641e+03
5.40000e-08 2.85171e+03
5.50000e-08 5.19452e+03
5.60000e-08 9.19145e+03
5.70000e-08 1.59342e+04
5.80000e-08 2.68874e+04
5.90000e-08 4.52390e+04
6.00000e-08 7.42473e+04
6.10000e-08 1.20066e+05
6.20000e-08 1.90933e+05
6.30000e-08 2.99287e+05
6.40000e-08 4.62001e+05
6.50000e-08 7.05560e+05
6.58000e-08 9.79841e+05
6.65000e-08 1.29659e+06
6.75000e-08 1.91654e+06
6.85000e-08 2.80285e+06
6.95000e-08 4.05249e+06
7.05000e-08 5.78711e+06
7.16000e-08 8.49057e+06
7.26000e-08 1.18935e+07
7.35000e-08 1.59793e+07
7.45000e-08 2.19919e+07
7.55000e-08 3.00129e+07
7.65000e-08 4.06242e+07
7.75000e-08 5.45415e+07
7.85000e-08 7.26836e+07
7.95000e-08 9.58300e+07
8.05000e-08 1.26008e+08
8.15000e-08 1.64446e+08
8.25000e-08 2.12967e+08
8.35000e-08 2.73541e+08
8.45000e-08 3.50389e+08
8.55000e-08 4.45289e+08
8.65000e-08 5.62660e+08
8.75000e-08 7.06346e+08
8.85000e-08 8.83162e+08
8.95000e-08 1.09766e+09
9.05000e-08 1.35499e+09
9.15000e-08 2.48688e+10
9.25000e-08 1.47760e+11
9.35000e-08 2.48914e+11
9.45000e-08 4.43120e+11
9.55000e-08 7.19610e+11
9.65000e-08 9.61624e+11
9.75000e-08 7.19637e+11
9.85000e-08 1.59479e+12
9.95000e-08 2.13631e+12
1.00500e-07 2.66838e+12
1.01500e-07 2.19381e+12
1.02500e-07 1.12454e+12
1.03500e-07 2.46149e+12
1.04500e-07 4.24536e+12
1.05500e-07 7.06430e+12
1.06500e-07 7.92272e+12
1.07500e-07 1.00459e+13
1.08500e-07 1.04783e+13
1.09500e-07 1.11914e+13
1.10500e-07 3.17731e+14
1.11500e-07 5.76539e+14
1.12500e-07 7.05939e+14
1.13500e-07 7.35783e+14
1.14500e-07 6.23734e+14
1.15500e-07 6.92476e+14
1.16500e-07 7.17279e+14
1.17500e-07 5.27348e+14
1.18500e-07 2.86580e+14
1.19500e-07 1.98305e+13
1.20500e-07 1.30556e+13
1.21500e-07 3.74504e+12
1.22500e-07 1.29032e+13
1.23500e-07 7.62069e+13
1.24500e-07 4.94578e+14
1.25500e-07 8.77493e+14
1.26500e-07 5.33564e+14
1.27500e-07 1.80105e+15
1.28500e-07 2.45994e+15
1.29500e-07 2.34931e+15
1.30500e-07 1.67690e+15
1.31500e-07 2.58187e+15
1.32500e-07 2.77930e+15
1.33500e-07 2.49832e+15
1.34500e-07 3.11564e+15
1.35500e-07 2.89972e+15
1.36500e-07 2.56967e+15
1.37500e-07 3.00567e+15
1.38500e-07 3.01644e+15
1.39500e-07 3.18997e+15
1.40500e-07 3.12736e+15
1.41500e-07 2.82986e+15
1.42500e-07 3.05336e+15
1.43500e-07 2.74604e+15
1.44200e-07 3.07854e+15
1.44700e-07 3.33583e+15
1.45500e-07 3.22789e+15
1.46500e-07 2.90294e+15
1.47500e-07 2.76120e+15
1.48500e-07 2.93188e+15
1.49500e-07 3.14158e+15
1.50500e-07 3.13473e+15
1.51200e-07 2.81146e+15
1.51700e-07 3.09843e+15
1.52500e-07 2.52900e+15
1.53500e-07 2.20245e+15
1.54500e-07 2.93932e+15
1.55500e-07 2.60982e+15
1.56500e-07 2.39399e+15
1.57500e-07 2.56598e+15
1.58500e-07 2.78639e+15
1.59500e-07 2.91919e+15
1.60500e-07 2.73112e+15
1.61500e-07 2.72962e+15
1.62500e-07 2.46729e+15
1.63500e-07 2.59278e+15
1.64500e-07 2.68289e+15
1.65500e-07 2.26435e+15
1.66500e-07 2.60809e+15
1.67200e-07 2.02449e+15
1.67700e-07 2.46668e+15
1.68500e-07 2.74027e+15
1.69500e-07 2.52471e+15
1.70500e-07 2.38464e+15
1.71500e-07 2.30427e+15
1.72500e-07 2.26472e+15
1.73500e-07 2.39475e+15
1.74500e-07 2.35588e+15
1.75500e-07 2.57642e+15
1.76500e-07 2.21233e+15
1.77500e-07 2.45532e+15
1.78500e-07 2.43864e+15
1.79500e-07 2.63522e+15
1.80500e-07 2.52088e+15
1.81500e-07 2.45487e+15
1.82500e-07 2.38743e+15
1.83500e-07 2.29827e+15
1.84500e-07 2.12158e+15
1.85500e-07 2.22774e+15
1.86500e-07 2.22991e+15
1.87500e-07 2.35128e+15
1.88500e-07 2.28993e+15
1.89500e-07 2.26016e+15
1.90500e-07 2.19102e+15
1.91500e-07 2.23929e+15
1.92500e-07 2.24363e+15
1.93500e-07 2.21577e+15
1.94500e-07 2.28646e+15
1.95500e-07 2.23208e+15
1.96700e-07 2.32187e+15
1.97600e-07 2.30877e+15
1.98400e-07 2.23018e+15
1.99500e-07 2.14527e+15
2.00500e-07 2.14698e+15
2.01500e-07 2.04036e+15
2.02500e-07 2.08346e+15
2.03500e-07 2.07805e+15
2.04500e-07 2.13813e+15
2.05500e-07 2.04493e+15
2.06500e-07 2.01607e+15
2.07400e-07 2.08138e+15
2.07800e-07 2.11508e+15
2.08500e-07 2.10575e+15
2.09500e-07 2.01857e+15
2.10500e-07 1.97512e+15
2.11500e-07 1.97056e+15
2.12500e-07 1.98718e+15
2.13500e-07 1.75496e+15
2.14500e-07 1.91066e+15
2.15500e-07 1.92972e+15
2.16500e-07 1.82979e+15
2.17500e-07 1.79756e+15
2.18500e-07 1.78477e+15
2.19500e-07 1.88435e+15
2.20500e-07 1.79585e+15
2.21500e-07 1.67064e+15
2.22500e-07 1.62301e+15
2.23500e-07 1.77640e+15
2.24500e-07 1.60797e+15
2.25500e-07 1.58159e+15
2.26500e-07 1.59387e+15
2.27500e-07 1.66906e+15
2.28500e-07 1.70961e+15
2.29500e-07 1.61978e+15
2.30500e-07 1.57293e+15
2.31500e-07 1.50601e+15
2.32500e-07 1.25697e+15
2.33500e-07 1.43016e+15
2.34500e-07 1.34051e+15
2.35500e-07 1.47723e+15
2.36500e-07 1.32931e+15
2.37500e-07 1.38573e+15
2.38500e-07 1.24949e+15
2.39500e-07 1.36682e+15
2.40500e-07 1.29334e+15
2.41500e-07 1.32374e+15
2.42500e-07 1.38799e+15
2.43500e-07 1.31473e+15
2.44500e-07 1.41113e+15
2.45500e-07 1.34977e+15
2.46500e-07 1.35168e+15
2.47500e-07 1.29152e+15
2.48500e-07 1.36783e+15
2.49500e-07 1.31755e+15
2.50500e-07 1.43367e+15
2.51300e-07 1.30364e+15
2.51800e-07 1.32182e+15
2.52500e-07 1.24058e+15
2.53500e-07 1.23216e+15
2.54500e-07 1.22604e+15
2.55500e-07 1.30360e+15
2.56500e-07 1.28917e+15
2.57500e-07 1.36690e+15
2.58500e-07 1.35809e+15
2.59500e-07 1.33601e+15
2.60500e-07 1.28069e+15
2.61500e-07 1.27576e+15
2.62500e-07 1.32642e+15
2.63500e-07 1.32359e+15
2.64500e-07 1.42954e+15
2.65500e-07 1.40521e+15
2.66500e-07 1.31289e+15
2.67500e-07 1.35832e+15
2.68500e-07 1.34608e+15
2.69500e-07 1.29736e+15
2.70500e-07 1.32177e+15
2.71500e-07 1.26273e+15
2.72500e-07 1.26961e+15
2.73500e-07 1.34435e+15
2.74500e-07 1.18058e+15
2.75500e-07 1.17938e+15
2.76500e-07 1.21693e+15
2.77500e-07 1.26757e+15
2.78500e-07 1.22711e+15
2.79500e-07 8.49136e+14
2.80500e-07 9.60640e+14
2.81500e-07 1.26665e+15
2.82500e-07 1.28513e+15
2.83500e-07 1.23900e+15
2.84500e-07 1.19698e+15
2.85500e-07 1.18265e+15
2.86500e-07 1.23370e+15
2.87500e-07 1.19879e+15
2.88500e-07 1.21897e+15
2.89500e-07 1.19002e+15
2.91000e-07 1.26974e+15
2.93000e-07 1.22012e+15
2.95000e-07 1.21411e+15
2.97000e-07 1.21195e+15
2.99000e-07 1.20982e+15
3.01000e-07 1.22307e+15
3.03000e-07 1.20394e+15
3.05000e-07 1.18808e+15
3.07000e-07 1.16994e+15
3.09000e-07 1.17386e+15
3.11000e-07 1.14650e+15
3.13000e-07 1.13797e+15
3.15000e-07 1.13568e+15
3.17000e-07 1.12117e+15
3.19000e-07 1.08361e+15
3.21000e-07 1.09775e+15
3.23000e-07 1.07831e+15
3.25000e-07 1.07471e+15
3.27000e-07 1.07355e+15
3.29000e-07 1.06812e+15
3.31000e-07 1.06437e+15
3.33000e-07 1.04445e+15
3.35000e-07 1.02775e+15
3.37000e-07 1.02269e+15
3.39000e-07 1.00732e+15
3.41000e-07 1.01203e+15
3.43000e-07 1.00176e+15
3.45000e-07 9.94264e+14
3.47000e-07 9.79457e+14
3.49000e-07 9.71047e+14
3.51000e-07 9.69706e+14
3.53000e-07 9.64584e+14
3.55000e-07 9.56795e+14
3.57000e-07 9.43326e+14
3.59000e-07 9.34920e+14
3.61000e-07 9.26440e+14
3.63000e-07 9.18289e+14
3.64000e-07 9.14615e+14
3.65000e-07 9.31780e+14
3.67000e-07 9.13765e+14
3.69000e-07 8.34910e+14
3.71000e-07 8.47008e+14
3.73000e-07 8.57418e+14
3.75000e-07 1.04724e+15
3.77000e-07 1.08848e+15
3.79000e-07 1.33261e+15
3.81000e-07 1.55845e+15
3.83000e-07 1.23598e+15
3.85000e-07 1.70989e+15
3.87000e-07 1.94011e+15
3.89000e-07 1.06321e+15
3.91000e-07 1.92206e+15
3.93000e-07 1.95247e+15
3.95000e-07 1.89876e+15
3.97000e-07 1.00956e+15
3.99000e-07 1.80321e+15
4.01000e-07 2.00256e+15
4.03000e-07 1.99176e+15
4.05000e-07 1.97083e+15
4.07000e-07 1.87448e+15
4.09000e-07 1.43167e+15
4.11000e-07 1.09218e+15
4.13000e-07 1.74268e+15
4.15000e-07 1.83138e+15
4.17000e-07 1.81847e+15
4.19000e-07 1.79845e+15
4.21000e-07 1.77498e+15
4.23000e-07 1.74559e+15
4.25000e-07 1.71718e+15
4.27000e-07 1.68012e+15
4.29000e-07 1.65708e+15
4.31000e-07 1.56262e+15
4.33000e-07 1.15067e+15
4.35000e-07 9.79648e+14
4.37000e-07 1.49442e+15
4.39000e-07 1.52693e+15
4.41000e-07 1.53072e+15
4.43000e-07 1.51062e+15
4.45000e-07 1.50437e+15
4.47000e-07 1.47889e+15
4.49000e-07 1.44302e+15
4.51000e-07 1.43957e+15
4.53000e-07 1.41938e+15
4.55000e-07 1.38717e+15
4.57000e-07 1.38753e+15
4.59000e-07 1.36082e+15
4.61000e-07 1.35677e+15
4.63000e-07 1.32492e+15
4.65000e-07 1.32013e+15
4.67000e-07 1.30012e+15
4.69000e-07 1.27695e+15
4.71000e-07 1.24159e+15
4.73000e-07 1.24913e+15
4.75000e-07 1.23070e+15
4.77000e-07 1.21489e+15
4.79000e-07 1.19499e+15
4.81000e-07 1.16619e+15
4.83000e-07 1.10875e+15
4.85000e-07 8.50324e+14
4.87000e-07 6.92293e+14
4.89000e-07 1.04182e+15
4.91000e-07 1.09015e+15
4.93000e-07 1.08292e+15
4.95000e-07 1.07975e+15
4.97000e-07 1.07058e+15
4.99000e-07 1.05616e+15
5.01000e-07 1.03285e+15
5.03000e-07 1.02723e+15
5.05000e-07 1.00590e+15
5.07000e-07 1.00477e+15
5.09000e-07 9.92716e+14
5.11000e-07 9.79074e+14
5.13000e-07 9.69150e+14
5.15000e-07 9.53598e+14
5.17000e-07 9.36283e+14
5.19000e-07 9.26690e+14
5.21000e-07 9.20116e+14
5.23000e-07 9.04828e+14
5.25000e-07 9.00107e+14
5.27000e-07 8.81880e+14
5.29000e-07 8.80138e+14
5.31000e-07 8.64569e+14
5.33000e-07 8.56475e+14
5.35000e-07 8.50097e+14
5.37000e-07 8.38982e+14
5.39000e-07 8.29110e+14
5.41000e-07 8.17405e+14
5.43000e-07 8.09504e+14
5.45000e-07 8.01798e+14
5.47000e-07 7.92017e+14
5.49000e-07 7.83044e+14
5.51000e-07 7.74317e+14
5.53000e-07 7.65512e+14
5.55000e-07 7.57326e+14
5.57000e-07 7.48545e+14
5.59000e-07 7.40462e+14
5.61000e-07 7.32941e+14
5.63000e-07 7.24629e+14
5.65000e-07 7.15496e+14
5.67000e-07 7.07680e+14
5.69000e-07 7.00445e+14
5.71000e-07 6.92762e+14
5.73000e-07 6.85284e+14
5.75000e-07 6.77414e+14
5.77000e-07 6.70067e+14
5.79000e-07 6.62153e+14
5.81000e-07 6.55314e+14
5.83000e-07 6.48266e+14
5.85000e-07 6.41331e+14
5.87000e-07 6.32266e+14
5.89000e-07 6.24798e+14
5.91000e-07 6.20544e+14
5.93000e-07 6.14169e+14
5.95000e-07 6.06089e+14
5.97000e-07 6.00481e+14
5.99000e-07 5.92960e+14
6.01000e-07 5.87821e+14
6.03000e-07 5.82001e+14
6.05000e-07 5.75545e+14
6.07000e-07 5.69632e+14
6.09000e-07 5.63692e+14
6.11000e-07 5.57778e+14
6.13000e-07 5.51818e+14
6.15000e-07 5.41412e+14
6.17000e-07 5.40243e+14
6.19000e-07 5.35057e+14
6.21000e-07 5.29496e+14
6.23000e-07 5.23743e+14
6.25000e-07 5.16144e+14
6.27000e-07 5.13335e+14
6.29000e-07 5.08114e+14
6.31000e-07 5.02372e+14
6.33000e-07 4.97642e+14
6.35000e-07 4.87355e+14
6.37000e-07 4.84142e+14
6.39000e-07 4.82491e+14
6.41000e-07 4.77174e+14
6.43000e-07 4.72561e+14
6.45000e-07 4.65225e+14
6.47000e-07 4.61930e+14
6.49000e-07 4.55260e+14
6.51000e-07 4.47755e+14
6.53000e-07 4.32074e+14
6.55000e-07 3.71168e+14
6.56125e-07 3.02371e+14
6.59000e-07 4.05929e+14
6.61000e-07 4.23756e+14
6.63000e-07 4.24546e+14
6.65000e-07 4.22252e+14
6.67000e-07 4.18673e+14
6.69000e-07 4.15399e+14
6.71000e-07 4.11897e+14
6.73000e-07 4.07540e+14
6.75000e-07 4.04037e+14
6.77000e-07 4.00322e+14
6.79000e-07 3.96373e+14
6.81000e-07 3.92635e+14
6.83000e-07 3.88748e+14
6.85000e-07 3.85124e+14
6.87000e-07 3.81568e+14
6.89000e-07 3.77968e+14
6.91000e-07 3.74386e+14
6.93000e-07 3.70730e+14
6.95000e-07 3.67352e+14
6.97000e-07 3.63944e+14
6.99000e-07 3.60707e+14
7.01000e-07 3.56667e+14
7.03000e-07 3.53901e+14
7.05000e-07 3.50380e+14
7.07000e-07 3.47292e+14
7.09000e-07 3.44301e+14
7.11000e-07 3.40005e+14
7.13000e-07 3.37722e+14
7.15000e-07 3.34524e+14
7.17000e-07 3.31751e+14
7.19000e-07 3.28764e+14
7.21000e-07 3.25827e+14
7.23000e-07 3.22715e+14
7.25000e-07 3.19632e+14
7.27000e-07 3.17092e+14
7.29000e-07 3.14142e+14
7.31000e-07 3.11276e+14
7.33000e-07 3.08620e+14
7.35000e-07 3.05938e+14
7.37000e-07 3.03226e+14
7.39000e-07 3.00462e+14
7.41000e-07 2.97251e+14
7.43000e-07 2.94295e+14
7.45000e-07 2.92126e+14
7.47000e-07 2.89058e+14
7.49000e-07 2.87047e+14
7.51000e-07 2.84645e+14
7.53000e-07 2.82424e+14
7.55000e-07 2.80004e+14
7.57000e-07 2.77567e+14
7.59000e-07 2.75138e+14
7.61000e-07 2.72829e+14
7.63000e-07 2.70410e+14
7.65000e-07 2.68007e+14
7.67000e-07 2.65676e+14
7.69000e-07 2.63442e+14
7.71000e-07 2.61031e+14
7.73000e-07 2.59008e+14
7.75000e-07 2.56794e+14
7.77000e-07 2.50008e+14
7.79000e-07 2.52463e+14
7.81000e-07 2.50381e+14
7.83000e-07 2.48182e+14
7.85000e-07 2.45819e+14
7.87000e-07 2.42971e+14
7.89000e-07 2.40627e+14
7.91000e-07 2.39743e+14
7.93000e-07 2.37960e+14
7.95000e-07 2.34905e+14
7.97000e-07 2.34077e+14
7.99000e-07 2.29821e+14
8.01000e-07 2.30177e+14
8.03000e-07 2.28261e+14
8.05000e-07 2.26396e+14
8.07000e-07 2.24506e+14
8.09000e-07 2.22677e+14
8.11000e-07 2.20824e+14
8.13000e-07 2.19095e+14
8.15000e-07 2.17318e+14
8.17000e-07 2.15561e+14
8.19000e-07 2.13150e+14
8.21000e-07 2.12571e+14
8.23000e-07 2.10566e+14
8.25000e-07 2.09895e+14
8.27000e-07 2.09030e+14
8.29000e-07 2.07151e+14
8.31000e-07 2.05724e+14
8.33000e-07 2.03326e+14
8.35000e-07 2.01748e+14
8.37000e-07 1.99349e+14
8.39000e-07 1.96468e+14
8.41000e-07 1.93446e+14
8.43000e-07 1.89317e+14
8.45000e-07 1.85953e+14
8.47000e-07 1.83400e+14
8.49000e-07 1.84178e+14
8.51000e-07 1.77519e+14
8.53000e-07 1.84231e+14
8.55000e-07 1.68116e+14
8.57000e-07 1.87393e+14
8.59000e-07 1.71746e+14
8.61000e-07 1.68663e+14
8.63000e-07 1.89789e+14
8.65000e-07 1.77373e+14
8.67000e-07 1.51491e+14
8.69000e-07 1.81915e+14
8.71000e-07 1.91389e+14
8.73000e-07 1.79129e+14
8.75000e-07 1.44187e+14
8.77000e-07 1.69064e+14
8.79000e-07 1.87648e+14
8.81000e-07 1.89763e+14
8.83000e-07 1.82763e+14
8.85000e-07 1.59153e+14
8.87000e-07 1.37181e+14
8.89000e-07 1.71395e+14
8.91000e-07 1.82049e+14
8.93000e-07 1.83719e+14
8.95000e-07 1.83360e+14
8.97000e-07 1.79088e+14
8.99000e-07 1.67039e+14
9.01000e-07 1.32598e+14
9.03000e-07 1.43386e+14
9.05000e-07 1.67601e+14
9.07000e-07 1.72156e+14
9.09000e-07 1.72225e+14
9.11000e-07 1.73426e+14
9.13000e-07 1.72631e+14
9.15000e-07 1.71261e+14
9.17000e-07 1.68279e+14
9.19000e-07 1.62301e+14
9.21000e-07 1.47265e+14
9.23000e-07 1.15898e+14
9.25000e-07 1.40944e+14
9.27000e-07 1.53734e+14
9.29000e-07 1.60629e+14
9.31000e-07 1.61278e+14
9.33000e-07 1.60596e+14
9.35000e-07 1.59819e+14
9.37000e-07 1.58782e+14
9.39000e-07 1.56841e+14
9.41000e-07 1.54550e+14
9.43000e-07 1.54912e+14
9.45000e-07 1.53552e+14
9.47000e-07 1.51648e+14
9.49000e-07 1.48877e+14
9.51000e-07 1.43282e+14
9.53000e-07 1.27735e+14
9.55000e-07 1.04073e+14
9.57000e-07 1.29154e+14
9.59000e-07 1.40307e+14
9.61000e-07 1.42665e+14
9.63000e-07 1.41638e+14
9.65000e-07 1.42722e+14
9.67000e-07 1.41283e+14
9.69000e-07 1.40993e+14
9.71000e-07 1.40333e+14
9.73000e-07 1.39370e+14
9.75000e-07 1.38344e+14
9.77000e-07 1.37434e+14
9.79000e-07 1.36394e+14
9.81000e-07 1.35337e+14
9.83000e-07 1.34128e+14
9.85000e-07 1.33254e+14
9.87000e-07 1.32235e+14
9.89000e-07 1.30595e+14
9.91000e-07 1.30138e+14
9.93000e-07 1.28968e+14
9.95000e-07 1.27876e+14
9.97000e-07 1.26492e+14
9.99000e-07 1.24389e+14
1.00250e-06 1.10623e+14
1.00750e-06 1.05018e+14
1.01250e-06 1.18555e+14
1.01750e-06 1.18328e+14
1.02250e-06 1.16762e+14
1.02750e-06 1.14801e+14
1.03250e-06 1.12769e+14
1.03750e-06 1.10863e+14
1.04250e-06 1.09011e+14
1.04750e-06 1.06977e+14
1.05250e-06 1.05120e+14
1.05750e-06 1.03455e+14
1.06250e-06 1.01809e+14
1.06750e-06 9.92741e+13
1.07250e-06 9.80951e+13
1.07750e-06 9.64827e+13
1.08250e-06 9.45390e+13
1.08750e-06 9.14100e+13
1.09250e-06 7.61032e+13
1.09750e-06 8.29178e+13
1.10250e-06 8.80624e+13
1.10750e-06 8.74257e+13
1.11250e-06 8.62855e+13
1.11750e-06 8.49660e+13
1.12250e-06 8.36218e+13
1.12750e-06 8.15512e+13
1.13250e-06 8.03598e+13
1.13750e-06 7.96752e+13
1.14250e-06 7.83964e+13
1.14750e-06 7.72426e+13
1.15250e-06 7.60576e+13
1.15750e-06 7.48705e+13
1.16250e-06 7.35142e+13
1.16750e-06 7.22557e+13
1.17250e-06 7.14682e+13
1.17750e-06 6.98816e+13
1.18250e-06 6.91680e+13
1.18750e-06 6.80310e+13
1.19250e-06 6.72419e+13
1.19750e-06 6.61036e+13
1.20250e-06 6.52163e+13
1.20750e-06 6.41916e+13
1.21250e-06 6.32558e+13
1.21750e-06 6.23510e+13
1.22250e-06 6.14210e+13
1.22750e-06 6.04791e+13
1.23250e-06 5.96149e+13
1.23750e-06 5.87553e+13
1.24250e-06 5.79418e+13
1.24750e-06 5.69433e+13
1.25250e-06 5.62686e+13
1.25750e-06 5.53193e+13
1.26250e-06 5.45488e+13
1.26750e-06 5.36831e+13
1.27250e-06 5.25757e+13
1.27750e-06 4.98473e+13
1.28250e-06 4.28126e+13
1.28750e-06 4.90442e+13
1.29250e-06 4.97795e+13
1.29750e-06 4.93451e+13
1.30250e-06 4.88005e+13
1.30750e-06 4.81415e+13
1.31250e-06 4.74758e+13
1.31750e-06 4.67211e+13
1.32250e-06 4.61832e+13
1.32750e-06 4.55517e+13
1.33250e-06 4.49346e+13
1.33750e-06 4.43234e+13
1.34250e-06 4.37159e+13
1.34750e-06 4.31120e+13
1.35250e-06 4.25055e+13
1.35750e-06 4.19578e+13
1.36250e-06 4.14049e+13
1.36750e-06 4.08327e+13
1.37250e-06 4.02718e+13
1.37750e-06 3.97953e+13
1.38250e-06 3.92734e+13
1.38750e-06 3.87639e+13
1.39250e-06 3.82393e+13
1.39750e-06 3.77559e+13
1.40250e-06 3.72669e+13
1.40750e-06 3.67877e+13
1.41250e-06 3.63087e+13
1.41750e-06 3.58430e+13
1.42250e-06 3.53848e+13
1.42750e-06 3.49322e+13
1.43250e-06 3.44849e+13
1.43750e-06 3.40504e+13
1.44250e-06 3.34780e+13
1.44750e-06 3.31932e+13
1.45250e-06 3.26990e+13
1.45700e-06 3.24050e+13
1.46200e-06 3.20692e+13
1.46750e-06 3.16578e+13
1.47250e-06 3.12694e+13
1.47750e-06 3.08442e+13
1.48250e-06 3.05096e+13
1.48750e-06 3.01006e+13
1.49250e-06 2.97859e+13
1.49750e-06 2.93857e+13
1.50250e-06 2.90169e+13
1.50750e-06 2.86092e+13
1.51250e-06 2.82162e+13
1.51750e-06 2.78130e+13
1.52250e-06 2.74031e+13
1.52750e-06 2.70383e+13
1.53250e-06 2.65895e+13
1.53750e-06 2.63339e+13
1.54250e-06 2.57946e+13
1.54750e-06 2.56974e+13
1.55250e-06 2.53023e+13
1.55750e-06 2.46758e+13
1.56250e-06 2.51616e+13
1.56750e-06 2.41826e+13
1.57250e-06 2.36573e+13
1.57750e-06 2.44764e+13
1.58250e-06 2.40272e+13
1.58750e-06 2.22362e+13
1.59250e-06 2.30817e+13
1.59750e-06 2.37641e+13
1.60500e-06 2.27484e+13
1.61500e-06 2.14565e+13
1.62500e-06 2.24030e+13
1.63500e-06 2.11081e+13
1.64500e-06 1.99236e+13
1.65500e-06 2.09958e+13
1.66500e-06 2.05663e+13
1.67500e-06 1.92365e+13
1.68500e-06 1.81066e+13
1.69500e-06 1.92127e+13
1.70500e-06 1.88882e+13
1.71500e-06 1.84752e+13
1.72500e-06 1.78868e+13
1.73500e-06 1.58403e+13
1.74500e-06 1.68680e+13
1.75500e-06 1.69136e+13
1.76500e-06 1.66112e+13
1.77500e-06 1.62739e+13
1.78500e-06 1.59336e+13
1.79500e-06 1.55824e+13
1.80500e-06 1.51003e+13
1.81500e-06 1.35026e+13
1.82500e-06 1.40891e+13
1.83500e-06 1.42985e+13
1.84500e-06 1.40476e+13
1.85500e-06 1.37389e+13
1.86500e-06 1.33309e+13
1.87500e-06 1.18882e+13
1.88500e-06 1.27537e+13
1.89500e-06 1.26824e+13
1.90500e-06 1.24770e+13
1.91500e-06 1.22299e+13
1.92500e-06 1.19547e+13
1.93500e-06 1.15467e+13
1.94500e-06 1.03070e+13
1.95500e-06 1.11067e+13
1.96500e-06 1.10661e+13
1.97500e-06 1.08877e+13
1.98500e-06 1.06855e+13
1.99500e-06 1.04840e+13
2.00500e-06 1.02888e+13
2.01500e-06 1.00969e+13
2.02500e-06 9.90926e+12
2.03500e-06 9.72569e+12
2.04500e-06 9.54792e+12
2.05500e-06 9.37316e+12
2.06500e-06 9.20131e+12
2.07500e-06 9.03497e+12
2.08500e-06 8.87225e+12
2.09500e-06 8.71308e+12
2.10500e-06 8.55652e+12
2.11500e-06 8.39908e+12
2.12500e-06 8.25071e+12
2.13500e-06 8.10269e+12
2.14500e-06 7.93848e+12
2.15500e-06 7.70338e+12
2.16500e-06 6.92750e+12
2.17500e-06 7.37092e+12
2.18500e-06 7.39561e+12
2.19500e-06 7.29780e+12
2.20500e-06 7.17504e+12
2.21500e-06 7.05082e+12
2.22500e-06 6.93393e+12
2.23500e-06 6.81674e+12
2.24500e-06 6.70218e+12
2.25500e-06 6.58930e+12
2.26500e-06 6.47999e+12
2.27500e-06 6.37227e+12
2.28500e-06 6.29425e+12
2.29500e-06 6.27442e+12
2.30500e-06 6.17096e+12
2.31500e-06 6.05703e+12
2.32500e-06 5.94392e+12
2.33500e-06 5.83335e+12
2.34500e-06 5.72643e+12
2.35500e-06 5.62328e+12
2.36500e-06 5.52417e+12
2.37500e-06 5.42592e+12
2.38500e-06 5.33528e+12
2.39500e-06 5.23939e+12
2.40500e-06 5.14739e+12
2.41500e-06 5.06202e+12
2.42500e-06 4.97712e+12
2.43500e-06 4.89972e+12
2.44500e-06 4.80931e+12
2.45500e-06 4.74565e+12
2.46500e-06 4.65694e+12
2.47500e-06 4.59681e+12
2.48500e-06 4.53787e+12
2.49500e-06 4.42894e+12
2.50500e-06 4.46449e+12
2.51500e-06 4.35556e+12
2.52500e-06 4.20384e+12
2.53500e-06 4.20416e+12
2.54500e-06 4.17630e+12
2.55500e-06 4.07044e+12
2.56500e-06 3.92229e+12
2.57500e-06 3.96677e+12
2.58500e-06 3.94471e+12
2.59500e-06 3.87772e+12
2.60500e-06 3.74392e+12
2.61500e-06 3.58345e+12
2.62500e-06 3.37102e+12
2.63500e-06 3.58118e+12
2.64500e-06 3.60790e+12
2.65500e-06 3.55993e+12
2.66500e-06 3.46006e+12
2.67500e-06 3.26903e+12
2.68500e-06 3.36330e+12
2.69500e-06 3.36914e+12
2.70500e-06 3.33290e+12
2.71500e-06 3.29311e+12
2.72500e-06 3.24123e+12
2.73500e-06 3.18872e+12
2.74500e-06 3.11298e+12
2.75500e-06 2.91511e+12
2.76500e-06 2.95152e+12
2.77500e-06 3.00318e+12
2.78500e-06 2.97908e+12
2.79500e-06 2.94685e+12
2.80500e-06 2.90668e+12
2.81500e-06 2.86695e+12
2.82500e-06 2.82804e+12
2.83500e-06 2.78985e+12
2.84500e-06 2.74434e+12
2.85500e-06 2.69400e+12
2.86500e-06 2.58912e+12
2.87500e-06 2.44225e+12
2.88500e-06 2.56277e+12
2.89500e-06 2.56015e+12
2.90500e-06 2.53720e+12
2.91500e-06 2.50528e+12
2.92500e-06 2.47347e+12
2.93500e-06 2.44120e+12
2.94500e-06 2.40954e+12
2.95500e-06 2.37833e+12
2.96500e-06 2.34749e+12
2.97500e-06 2.31726e+12
2.98500e-06 2.28747e+12
2.99500e-06 2.25815e+12
3.00500e-06 2.22733e+12
3.01500e-06 2.19186e+12
3.02500e-06 2.14384e+12
3.03500e-06 2.00115e+12
3.04500e-06 2.01269e+12
3.05500e-06 2.06977e+12
3.06500e-06 2.05885e+12
3.07500e-06 2.03939e+12
3.08500e-06 2.01328e+12
3.09500e-06 1.98928e+12
3.10500e-06 1.96465e+12
3.11500e-06 1.94033e+12
3.12500e-06 1.91632e+12
3.13500e-06 1.89308e+12
3.14500e-06 1.86971e+12
3.15500e-06 1.84728e+12
3.16500e-06 1.82483e+12
3.17500e-06 1.80255e+12
3.18500e-06 1.78100e+12
3.19500e-06 1.75946e+12
3.21000e-06 1.72792e+12
3.23000e-06 1.68702e+12
3.25000e-06 1.64720e+12
3.27000e-06 1.60164e+12
3.29000e-06 1.48397e+12
3.31000e-06 1.50856e+12
3.33000e-06 1.50643e+12
3.35000e-06 1.47506e+12
3.37000e-06 1.43880e+12
3.39000e-06 1.40502e+12
3.41000e-06 1.37229e+12
3.43000e-06 1.34052e+12
3.45000e-06 1.30989e+12
3.47000e-06 1.27985e+12
3.49000e-06 1.25087e+12
3.51000e-06 1.22305e+12
3.53000e-06 1.19517e+12
3.55000e-06 1.16856e+12
3.57000e-06 1.14264e+12
3.59000e-06 1.11823e+12
3.61000e-06 1.09353e+12
3.63000e-06 1.07059e+12
3.65000e-06 1.04667e+12
3.67000e-06 1.02696e+12
3.69000e-06 1.00053e+12
3.71000e-06 9.82437e+11
3.73000e-06 9.36458e+11
3.75000e-06 9.05921e+11
3.77000e-06 9.24034e+11
3.79000e-06 9.08642e+11
3.81000e-06 8.82051e+11
3.83000e-06 8.65595e+11
3.85000e-06 8.56472e+11
3.87000e-06 8.39870e+11
3.89000e-06 8.17738e+11
3.91000e-06 7.91183e+11
3.93000e-06 7.88883e+11
3.95000e-06 7.77365e+11
3.97000e-06 7.63075e+11
3.99000e-06 7.48156e+11
4.01000e-06 7.19532e+11
4.03000e-06 7.02132e+11
4.05000e-06 6.69536e+11
4.07000e-06 6.86488e+11
4.09000e-06 6.78642e+11
4.11000e-06 6.66679e+11
4.13000e-06 6.53037e+11
4.15000e-06 6.36324e+11
4.17000e-06 6.07638e+11
4.19000e-06 6.12366e+11
4.21000e-06 6.06115e+11
4.23000e-06 5.95955e+11
4.25000e-06 5.85103e+11
4.27000e-06 5.74490e+11
4.29000e-06 5.64110e+11
4.31000e-06 5.53959e+11
4.33000e-06 5.43709e+11
4.35000e-06 5.31275e+11
4.37000e-06 5.05414e+11
4.39000e-06 5.05882e+11
4.41000e-06 5.05004e+11
4.43000e-06 4.97652e+11
4.45000e-06 4.88984e+11
4.47000e-06 4.82280e+11
4.49000e-06 4.73919e+11
4.51000e-06 4.65780e+11
4.53000e-06 4.57729e+11
4.55000e-06 4.49966e+11
4.57000e-06 4.42284e+11
4.59000e-06 4.34772e+11
4.61000e-06 4.26381e+11
4.63000e-06 4.16326e+11
4.65000e-06 3.89319e+11
4.67000e-06 3.84730e+11
4.69000e-06 3.93239e+11
4.71000e-06 3.91605e+11
4.73000e-06 3.86532e+11
4.75000e-06 3.80228e+11
4.77000e-06 3.74050e+11
4.79000e-06 3.67994e+11
4.81000e-06 3.62041e+11
4.83000e-06 3.56207e+11
4.85000e-06 3.50505e+11
4.87000e-06 3.44900e+11
4.89000e-06 3.39406e+11
4.91000e-06 3.34021e+11
4.93000e-06 3.28743e+11
4.95000e-06 3.23571e+11
4.97000e-06 3.18501e+11
4.99000e-06 3.13532e+11
5.01000e-06 3.08648e+11
5.03000e-06 3.03860e+11
5.05000e-06 2.99183e+11
5.07000e-06 2.94585e+11
5.09000e-06 2.89250e+11
5.11000e-06 2.81623e+11
5.13000e-06 2.66362e+11
5.15000e-06 2.74070e+11
5.17000e-06 2.72334e+11
5.19000e-06 2.68770e+11
5.21000e-06 2.64754e+11
5.23000e-06 2.60805e+11
5.25000e-06 2.56935e+11
5.27000e-06 2.53130e+11
5.29000e-06 2.49389e+11
5.31000e-06 2.45724e+11
5.33000e-06 2.42133e+11
5.35000e-06 2.38601e+11
5.37000e-06 2.35129e+11
5.39000e-06 2.31728e+11
5.41000e-06 2.28383e+11
5.43000e-06 2.25094e+11
5.45000e-06 2.21872e+11
5.47000e-06 2.18704e+11
5.49000e-06 2.15588e+11
5.51000e-06 2.12537e+11
5.53000e-06 2.09536e+11
5.55000e-06 2.06586e+11
5.57000e-06 2.03684e+11
5.59000e-06 2.00831e+11
5.61000e-06 1.98037e+11
5.63000e-06 1.95289e+11
5.65000e-06 1.92587e+11
5.67000e-06 1.89930e+11
5.69000e-06 1.87329e+11
5.71000e-06 1.84760e+11
5.73000e-06 1.82233e+11
5.75000e-06 1.79760e+11
5.77000e-06 1.77327e+11
5.79000e-06 1.74924e+11
5.81000e-06 1.72573e+11
5.83000e-06 1.70260e+11
5.85000e-06 1.68283e+11
5.87000e-06 1.65455e+11
5.89000e-06 1.61260e+11
5.91000e-06 1.52653e+11
5.93000e-06 1.57731e+11
5.95000e-06 1.57034e+11
5.97000e-06 1.55392e+11
5.99000e-06 1.53359e+11
6.01000e-06 1.51359e+11
6.03000e-06 1.49393e+11
6.05000e-06 1.47460e+11
6.07000e-06 1.45560e+11
6.09000e-06 1.43691e+11
6.11000e-06 1.41844e+11
6.13000e-06 1.40037e+11
6.15000e-06 1.38252e+11
6.17000e-06 1.36496e+11
6.19000e-06 1.34770e+11
6.21000e-06 1.33063e+11
6.23000e-06 1.31385e+11
6.25000e-06 1.29745e+11
6.27000e-06 1.28123e+11
6.29000e-06 1.26519e+11
6.31000e-06 1.24952e+11
6.33000e-06 1.23402e+11
6.35000e-06 1.21879e+11
6.37000e-06 1.20381e+11
6.39000e-06 1.18900e+11
6.42000e-06 1.16731e+11
6.46000e-06 1.13908e+11
6.50000e-06 1.11173e+11
6.54000e-06 1.08514e+11
6.58000e-06 1.05937e+11
6.62000e-06 1.03431e+11
6.66000e-06 1.01012e+11
6.70000e-06 9.86515e+10
6.74000e-06 9.63645e+10
6.78000e-06 9.41408e+10
6.82000e-06 9.19868e+10
6.86000e-06 8.98845e+10
6.90000e-06 8.78484e+10
6.94000e-06 8.58687e+10
6.98000e-06 8.39440e+10
7.02000e-06 8.20728e+10
7.06000e-06 8.02535e+10
7.10000e-06 7.84849e+10
7.14000e-06 7.67581e+10
7.18000e-06 7.50868e+10
7.22000e-06 7.34549e+10
7.26000e-06 7.18687e+10
7.30000e-06 7.03331e+10
7.34000e-06 6.88316e+10
7.38000e-06 6.73688e+10
7.42000e-06 6.56509e+10
7.46000e-06 6.22268e+10
7.50000e-06 6.07912e+10
7.54000e-06 6.15627e+10
7.58000e-06 6.06210e+10
7.62000e-06 5.93802e+10
7.66000e-06 5.81658e+10
7.70000e-06 5.69829e+10
7.74000e-06 5.58289e+10
7.78000e-06 5.47048e+10
7.82000e-06 5.36088e+10
7.86000e-06 5.25396e+10
7.90000e-06 5.14970e+10
7.94000e-06 5.04804e+10
7.98000e-06 4.94881e+10
8.02000e-06 4.85207e+10
8.06000e-06 4.75764e+10
8.10000e-06 4.66552e+10
8.14000e-06 4.57560e+10
8.18000e-06 4.48784e+10
8.22000e-06 4.40217e+10
8.26000e-06 4.31850e+10
8.30000e-06 4.23684e+10
8.34000e-06 4.15702e+10
8.38000e-06 4.07908e+10
8.42000e-06 4.00306e+10
8.46000e-06 3.92882e+10
8.50000e-06 3.85621e+10
8.54000e-06 3.78530e+10
8.58000e-06 3.71601e+10
8.62000e-06 3.64824e+10
8.66000e-06 3.58206e+10
8.70000e-06 3.51734e+10
8.74000e-06 3.45410e+10
8.78000e-06 3.39226e+10
8.82000e-06 3.33182e+10
8.86000e-06 3.27268e+10
8.90000e-06 3.21488e+10
8.94000e-06 3.15832e+10
8.98000e-06 3.10301e+10
9.02000e-06 3.04893e+10
9.06000e-06 2.99600e+10
9.10000e-06 2.94419e+10
9.14000e-06 2.89354e+10
9.18000e-06 2.84393e+10
9.22000e-06 2.79537e+10
9.26000e-06 2.74790e+10
9.30000e-06 2.70140e+10
9.34000e-06 2.65586e+10
9.38000e-06 2.61129e+10
9.42000e-06 2.56764e+10
9.46000e-06 2.52492e+10
9.50000e-06 2.48304e+10
9.54000e-06 2.44206e+10
9.58000e-06 2.40192e+10
9.62000e-06 2.36258e+10
9.66000e-06 2.32407e+10
9.70000e-06 2.28633e+10
9.74000e-06 2.24932e+10
9.78000e-06 2.21308e+10
9.82000e-06 2.17758e+10
9.86000e-06 2.14278e+10
9.90000e-06 2.10867e+10
9.94000e-06 2.07522e+10
9.98000e-06 2.04243e+10
1.00200e-05 2.01028e+10
2.00000e-05 1.28088e+09
4.00000e-05 7.94195e+07
6.00000e-05 1.55338e+07
8.00000e-05 4.87236e+06
1.00000e-04 1.98074e+06
1.20000e-04 9.48968e+05
1.40000e-04 5.09259e+05
1.60000e-04 2.96984e+05
