9.09000e-09 3.03607e-09
9.35000e-09 1.70898e-08
9.61000e-09 8.83573e-08
9.77000e-09 2.33822e-07
9.96000e-09 7.13384e-07
1.02000e-08 2.76168e-06
1.03800e-08 7.33954e-06
1.05600e-08 1.88991e-05
1.07700e-08 5.48306e-05
1.10400e-08 2.03134e-04
1.14000e-08 1.06477e-03
1.17800e-08 5.48827e-03
1.21300e-08 2.26890e-02
1.24800e-08 8.65450e-02
1.27100e-08 2.00240e-01
1.28400e-08 3.17351e-01
1.30500e-08 6.54369e-01
1.32400e-08 1.23435e+00
1.33900e-08 2.01044e+00
1.36600e-08 4.70783e+00
1.39800e-08 1.23530e+01
1.43300e-08 3.36848e+01
1.47200e-08 9.70834e+01
1.51000e-08 2.57917e+02
1.55200e-08 7.15579e+02
1.58800e-08 1.64063e+03
1.62000e-08 3.32202e+03
1.66000e-08 7.71152e+03
1.70300e-08 1.81740e+04
1.73400e-08 3.28598e+04
1.76800e-08 6.14433e+04
1.80200e-08 1.11802e+05
1.81700e-08 1.45021e+05
1.86100e-08 3.00769e+05
1.91000e-08 6.50937e+05
1.93900e-08 1.00823e+06
1.98400e-08 1.94153e+06
2.01800e-08 3.11712e+06
2.05000e-08 4.79750e+06
2.10500e-08 9.77572e+06
2.16200e-08 1.96109e+07
2.19800e-08 3.00342e+07
2.23000e-08 4.32700e+07
2.26800e-08 6.65951e+07
2.30000e-08 2.31230e+10
2.34000e-08 5.10309e+10
2.40000e-08 8.02384e+10
2.46500e-08 1.34002e+11
2.52400e-08 2.16024e+11
2.56800e-08 2.89856e+11
2.60000e-08 4.80688e+11
2.64000e-08 7.98855e+11
2.68500e-08 1.17703e+12
2.73500e-08 1.59924e+12
2.78500e-08 2.00070e+12
2.84000e-08 3.93690e+12
2.90000e-08 5.61243e+12
2.96000e-08 7.34232e+12
3.01000e-08 1.11866e+13
3.08000e-08 2.14369e+13
3.18000e-08 4.55918e+13
3.28000e-08 6.50552e+13
3.38000e-08 1.12214e+14
3.48000e-08 1.70973e+14
3.57000e-08 3.20837e+14
3.66000e-08 5.79343e+14
3.75000e-08 6.88496e+14
3.85000e-08 9.47843e+14
3.95000e-08 1.49560e+15
4.05000e-08 1.83134e+15
4.14000e-08 2.31209e+15
4.22000e-08 2.57748e+15
4.30000e-08 2.96311e+15
4.41000e-08 3.67430e+15
4.51000e-08 4.16383e+15
4.60000e-08 4.47999e+15
4.70000e-08 5.28497e+15
4.80000e-08 6.18384e+15
4.90000e-08 6.81190e+15
5.00000e-08 8.04063e+15
5.06000e-08 1.94357e+16
5.12000e-08 9.84077e+16
5.20000e-08 9.36838e+16
5.30000e-08 8.48964e+16
5.40000e-08 7.42596e+16
5.50000e-08 9.11052e+16
5.60000e-08 1.12128e+17
5.70000e-08 1.17425e+17
5.80000e-08 1.07538e+17
5.90000e-08 1.14285e+17
6.00000e-08 9.56341e+16
6.10000e-08 1.13586e+17
6.20000e-08 1.32052e+17
6.30000e-08 1.28965e+17
6.40000e-08 1.28462e+17
6.50000e-08 1.28855e+17
6.58000e-08 1.19815e+17
6.65000e-08 1.30562e+17
6.75000e-08 1.36264e+17
6.85000e-08 1.13069e+17
6.95000e-08 1.40452e+17
7.05000e-08 1.10368e+17
7.16000e-08 1.48067e+17
7.26000e-08 1.44995e+17
7.35000e-08 1.44346e+17
7.45000e-08 1.44006e+17
7.55000e-08 1.43164e+17
7.65000e-08 1.39652e+17
7.75000e-08 1.45699e+17
7.85000e-08 1.49922e+17
7.95000e-08 1.48928e+17
8.05000e-08 1.44815e+17
8.15000e-08 1.44079e+17
8.25000e-08 1.49391e+17
8.35000e-08 1.14739e+17
8.45000e-08 1.42989e+17
8.55000e-08 1.42034e+17
8.65000e-08 1.45959e+17
8.75000e-08 1.46406e+17
8.85000e-08 1.48797e+17
8.95000e-08 1.49690e+17
9.05000e-08 1.45380e+17
9.15000e-08 1.44194e+17
9.25000e-08 4.41619e+17
9.35000e-08 7.16121e+17
9.45000e-08 9.75084e+17
9.55000e-08 1.04705e+18
9.65000e-08 1.16714e+18
9.75000e-08 4.55227e+17
9.85000e-08 9.14544e+17
9.95000e-08 8.00703e+17
1.00500e-07 9.03758e+17
1.01500e-07 9.40670e+17
1.02500e-07 7.08908e+17
1.03500e-07 9.03682e+17
1.04500e-07 1.03574e+18
1.05500e-07 9.84520e+17
1.06500e-07 8.50265e+17
1.07500e-07 8.78725e+17
1.08500e-07 8.10952e+17
1.09500e-07 8.63540e+17
1.10500e-07 8.24316e+17
1.11500e-07 8.12475e+17
1.12500e-07 6.96265e+17
1.13500e-07 7.71461e+17
1.14500e-07 7.34337e+17
1.15500e-07 7.09759e+17
1.16500e-07 6.76726e+17
1.17500e-07 4.56592e+17
1.18500e-07 6.14369e+17
1.19500e-07 5.93498e+17
1.20500e-07 5.69341e+17
1.21500e-07 4.40370e+17
1.22500e-07 5.45856e+17
1.23500e-07 5.82500e+17
1.24500e-07 5.75562e+17
1.25500e-07 5.58676e+17
1.26500e-07 5.69960e+17
1.27500e-07 5.81240e+17
1.28500e-07 5.78685e+17
1.29500e-07 5.44196e+17
1.30500e-07 5.39338e+17
1.31500e-07 5.62800e+17
1.32500e-07 5.39488e+17
1.33500e-07 5.24989e+17
1.34500e-07 5.21813e+17
1.35500e-07 5.09010e+17
1.36500e-07 4.89023e+17
1.37500e-07 4.75719e+17
1.38500e-07 4.59840e+17
1.39500e-07 3.35549e+17
1.40500e-07 3.08976e+17
1.41500e-07 4.30162e+17
1.42500e-07 3.90084e+17
1.43500e-07 4.13352e+17
1.44200e-07 4.09022e+17
1.44700e-07 4.05607e+17
1.45500e-07 3.87439e+17
1.46500e-07 3.76445e+17
1.47500e-07 3.76137e+17
1.48500e-07 3.75684e+17
1.49500e-07 3.63140e+17
1.50500e-07 3.49848e+17
1.51200e-07 3.35674e+17
1.51700e-07 3.39981e+17
1.52500e-07 3.29976e+17
1.53500e-07 2.85543e+17
1.54500e-07 2.32838e+17
1.55500e-07 2.37690e+17
1.56500e-07 2.73085e+17
1.57500e-07 2.86987e+17
1.58500e-07 2.88971e+17
1.59500e-07 2.85981e+17
1.60500e-07 2.70655e+17
1.61500e-07 2.58821e+17
1.62500e-07 2.63292e+17
1.63500e-07 2.65493e+17
1.64500e-07 2.62748e+17
1.65500e-07 2.65126e+17
1.66500e-07 2.60089e+17
1.67200e-07 2.41394e+17
1.67700e-07 2.76527e+17
1.68500e-07 2.63452e+17
1.69500e-07 2.54294e+17
1.70500e-07 2.50205e+17
1.71500e-07 2.40456e+17
1.72500e-07 2.30283e+17
1.73500e-07 2.37660e+17
1.74500e-07 2.34771e+17
1.75500e-07 2.31235e+17
1.76500e-07 2.26711e+17
1.77500e-07 2.18616e+17
1.78500e-07 2.20985e+17
1.79500e-07 2.16110e+17
1.80500e-07 2.15514e+17
1.81500e-07 2.08034e+17
1.82500e-07 2.05274e+17
1.83500e-07 2.04016e+17
1.84500e-07 1.92215e+17
1.85500e-07 1.94166e+17
1.86500e-07 1.94386e+17
1.87500e-07 1.90357e+17
1.88500e-07 1.79638e+17
1.89500e-07 1.74484e+17
1.90500e-07 1.79966e+17
1.91500e-07 1.73684e+17
1.92500e-07 1.63598e+17
1.93500e-07 1.72456e+17
1.94500e-07 1.74014e+17
1.95500e-07 1.58675e+17
1.96700e-07 1.65440e+17
1.97600e-07 1.68848e+17
1.98400e-07 1.62043e+17
1.99500e-07 1.57705e+17
2.00500e-07 1.59594e+17
2.01500e-07 1.59007e+17
2.02500e-07 1.58588e+17
2.03500e-07 1.51585e+17
2.04500e-07 1.49745e+17
2.05500e-07 1.23724e+17
2.06500e-07 1.29446e+17
2.07400e-07 1.48836e+17
2.07800e-07 1.44198e+17
2.08500e-07 1.43882e+17
2.09500e-07 1.37756e+17
2.10500e-07 1.39146e+17
2.11500e-07 1.40124e+17
2.12500e-07 1.37590e+17
2.13500e-07 1.35957e+17
2.14500e-07 1.32833e+17
2.15500e-07 1.32723e+17
2.16500e-07 1.28791e+17
2.17500e-07 1.28629e+17
2.18500e-07 1.26128e+17
2.19500e-07 1.26350e+17
2.20500e-07 1.24300e+17
2.21500e-07 1.21176e+17
2.22500e-07 1.20204e+17
2.23500e-07 1.18112e+17
2.24500e-07 1.16472e+17
2.25500e-07 1.13841e+17
2.26500e-07 1.13425e+17
2.27500e-07 1.12059e+17
2.28500e-07 1.09349e+17
2.29500e-07 1.03126e+17
2.30500e-07 1.05354e+17
2.31500e-07 1.04270e+17
2.32500e-07 9.82243e+16
2.33500e-07 1.01655e+17
2.34500e-07 1.00687e+17
2.35500e-07 9.87402e+16
2.36500e-07 9.72872e+16
2.37500e-07 9.52341e+16
2.38500e-07 9.21390e+16
2.39500e-07 9.21002e+16
2.40500e-07 9.16355e+16
2.41500e-07 9.03291e+16
2.42500e-07 8.95472e+16
2.43500e-07 8.79746e+16
2.44500e-07 8.69413e+16
2.45500e-07 8.57782e+16
2.46500e-07 8.47116e+16
2.47500e-07 8.34750e+16
2.48500e-07 8.14013e+16
2.49500e-07 6.52210e+16
2.50500e-07 7.81615e+16
2.51300e-07 7.49146e+16
2.51800e-07 7.66910e+16
2.52500e-07 7.78500e+16
2.53500e-07 7.71725e+16
2.54500e-07 7.54970e+16
2.55500e-07 7.46129e+16
2.56500e-07 7.38547e+16
2.57500e-07 7.28845e+16
2.58500e-07 7.20511e+16
2.59500e-07 7.09038e+16
2.60500e-07 7.02439e+16
2.61500e-07 6.89585e+16
2.62500e-07 6.83521e+16
2.63500e-07 6.75738e+16
2.64500e-07 6.65738e+16
2.65500e-07 6.58274e+16
2.66500e-07 6.44113e+16
2.67500e-07 6.31672e+16
2.68500e-07 6.32620e+16
2.69500e-07 6.16678e+16
2.70500e-07 6.10994e+16
2.71500e-07 6.03128e+16
2.72500e-07 5.97644e+16
2.73500e-07 5.83109e+16
2.74500e-07 5.85118e+16
2.75500e-07 5.78446e+16
2.76500e-07 5.67765e+16
2.77500e-07 5.66811e+16
2.78500e-07 5.57648e+16
2.79500e-07 5.39438e+16
2.80500e-07 5.40435e+16
2.81500e-07 5.39027e+16
2.82500e-07 5.30450e+16
2.83500e-07 5.19121e+16
2.84500e-07 5.19294e+16
2.85500e-07 5.11503e+16
2.86500e-07 5.04313e+16
2.87500e-07 4.99124e+16
2.88500e-07 4.92909e+16
2.89500e-07 4.87217e+16
2.91000e-07 4.76202e+16
2.93000e-07 4.68406e+16
2.95000e-07 4.54457e+16
2.97000e-07 4.45240e+16
2.99000e-07 4.32772e+16
3.01000e-07 4.20262e+16
3.03000e-07 4.10875e+16
3.05000e-07 4.04115e+16
3.07000e-07 3.96952e+16
3.09000e-07 3.84507e+16
3.11000e-07 3.79726e+16
3.13000e-07 3.69170e+16
3.15000e-07 3.62048e+16
3.17000e-07 3.53520e+16
3.19000e-07 3.45411e+16
3.21000e-07 3.36996e+16
3.23000e-07 3.31196e+16
3.25000e-07 3.25199e+16
3.27000e-07 3.16290e+16
3.29000e-07 3.10473e+16
3.31000e-07 3.03850e+16
3.33000e-07 2.96848e+16
3.35000e-07 2.89780e+16
3.37000e-07 2.84360e+16
3.39000e-07 2.79972e+16
3.41000e-07 2.73950e+16
3.43000e-07 2.66772e+16
3.45000e-07 2.60247e+16
3.47000e-07 2.57106e+16
3.49000e-07 2.52061e+16
3.51000e-07 2.47411e+16
3.53000e-07 2.43013e+16
3.55000e-07 2.37927e+16
3.57000e-07 2.33634e+16
3.59000e-07 2.27834e+16
3.61000e-07 2.23374e+16
3.63000e-07 2.19090e+16
3.64000e-07 2.17032e+16
3.65000e-07 2.15796e+16
3.67000e-07 2.12273e+16
3.69000e-07 2.06586e+16
3.71000e-07 1.95809e+16
3.73000e-07 1.89848e+16
3.75000e-07 1.91094e+16
3.77000e-07 1.86795e+16
3.79000e-07 1.91414e+16
3.81000e-07 1.96025e+16
3.83000e-07 1.77999e+16
3.85000e-07 1.94898e+16
3.87000e-07 1.91614e+16
3.89000e-07 1.65801e+16
3.91000e-07 1.89912e+16
3.93000e-07 1.85030e+16
3.95000e-07 1.80565e+16
3.97000e-07 1.52818e+16
3.99000e-07 1.75401e+16
4.01000e-07 1.73084e+16
4.03000e-07 1.67736e+16
4.05000e-07 1.67741e+16
4.07000e-07 1.61207e+16
4.09000e-07 1.51705e+16
4.11000e-07 1.38813e+16
4.13000e-07 1.53346e+16
4.15000e-07 1.51506e+16
4.17000e-07 1.50561e+16
4.19000e-07 1.48035e+16
4.21000e-07 1.45569e+16
4.23000e-07 1.43370e+16
4.25000e-07 1.39794e+16
4.27000e-07 1.36176e+16
4.29000e-07 1.34338e+16
4.31000e-07 1.30673e+16
4.33000e-07 1.22309e+16
4.35000e-07 1.13807e+16
4.37000e-07 1.24728e+16
4.39000e-07 1.22730e+16
4.41000e-07 1.21371e+16
4.43000e-07 1.20134e+16
4.45000e-07 1.17949e+16
4.47000e-07 1.13444e+16
4.49000e-07 1.14327e+16
4.51000e-07 1.12089e+16
4.53000e-07 1.10795e+16
4.55000e-07 1.08540e+16
4.57000e-07 1.07413e+16
4.59000e-07 1.05270e+16
4.61000e-07 1.03310e+16
4.63000e-07 1.01196e+16
4.65000e-07 9.70378e+15
4.67000e-07 9.82278e+15
4.69000e-07 9.59377e+15
4.71000e-07 9.43758e+15
4.73000e-07 9.46907e+15
4.75000e-07 9.30752e+15
4.77000e-07 9.21059e+15
4.79000e-07 9.06110e+15
4.81000e-07 8.90123e+15
4.83000e-07 8.71769e+15
4.85000e-07 8.24266e+15
4.87000e-07 7.51653e+15
4.89000e-07 8.31743e+15
4.91000e-07 8.22278e+15
4.93000e-07 7.98864e+15
4.95000e-07 7.96173e+15
4.97000e-07 7.89290e+15
4.99000e-07 7.76984e+15
5.01000e-07 7.51522e+15
5.03000e-07 7.51900e+15
5.05000e-07 7.38570e+15
5.07000e-07 7.32183e+15
5.09000e-07 7.20813e+15
5.11000e-07 7.09830e+15
5.13000e-07 6.98265e+15
5.15000e-07 6.88321e+15
5.17000e-07 6.78650e+15
5.19000e-07 6.69542e+15
5.21000e-07 6.60331e+15
5.23000e-07 6.50869e+15
5.25000e-07 6.40397e+15
5.27000e-07 6.30852e+15
5.29000e-07 6.23453e+15
5.31000e-07 6.14490e+15
5.33000e-07 6.06001e+15
5.35000e-07 5.97372e+15
5.37000e-07 5.89129e+15
5.39000e-07 5.80616e+15
5.41000e-07 5.69123e+15
5.43000e-07 5.65015e+15
5.45000e-07 5.57070e+15
5.47000e-07 5.49327e+15
5.49000e-07 5.41770e+15
5.51000e-07 5.34481e+15
5.53000e-07 5.26939e+15
5.55000e-07 5.20249e+15
5.57000e-07 5.13071e+15
5.59000e-07 5.05392e+15
5.61000e-07 4.99533e+15
5.63000e-07 4.92864e+15
5.65000e-07 4.85947e+15
5.67000e-07 4.78446e+15
5.69000e-07 4.68096e+15
5.71000e-07 4.65966e+15
5.73000e-07 4.60734e+15
5.75000e-07 4.53695e+15
5.77000e-07 4.48948e+15
5.79000e-07 4.42885e+15
5.81000e-07 4.36493e+15
5.83000e-07 4.30344e+15
5.85000e-07 4.25789e+15
5.87000e-07 4.10592e+15
5.89000e-07 4.13488e+15
5.91000e-07 4.09173e+15
5.93000e-07 4.03675e+15
5.95000e-07 3.98529e+15
5.97000e-07 3.94363e+15
5.99000e-07 3.88825e+15
6.01000e-07 3.84260e+15
6.03000e-07 3.78990e+15
6.05000e-07 3.74584e+15
6.07000e-07 3.69993e+15
6.09000e-07 3.65647e+15
6.11000e-07 3.60886e+15
6.13000e-07 3.56590e+15
6.15000e-07 3.51605e+15
6.17000e-07 3.47271e+15
6.19000e-07 3.43595e+15
6.21000e-07 3.39559e+15
6.23000e-07 3.35140e+15
6.25000e-07 3.31031e+15
6.27000e-07 3.27226e+15
6.29000e-07 3.23406e+15
6.31000e-07 3.19022e+15
6.33000e-07 3.15693e+15
6.35000e-07 3.11680e+15
6.37000e-07 3.08231e+15
6.39000e-07 3.04515e+15
6.41000e-07 3.00656e+15
6.43000e-07 2.97421e+15
6.45000e-07 2.93769e+15
6.47000e-07 2.89750e+15
6.49000e-07 2.86286e+15
6.51000e-07 2.83232e+15
6.53000e-07 2.79096e+15
6.55000e-07 2.69887e+15
6.56125e-07 2.43721e+15
6.59000e-07 2.68008e+15
6.61000e-07 2.67104e+15
6.63000e-07 2.64484e+15
6.65000e-07 2.61337e+15
6.67000e-07 2.56088e+15
6.69000e-07 2.53162e+15
6.71000e-07 2.52350e+15
6.73000e-07 2.49139e+15
6.75000e-07 2.46730e+15
6.77000e-07 2.44280e+15
6.79000e-07 2.40865e+15
6.81000e-07 2.38754e+15
6.83000e-07 2.36090e+15
6.85000e-07 2.33517e+15
6.87000e-07 2.30858e+15
6.89000e-07 2.27790e+15
6.91000e-07 2.25377e+15
6.93000e-07 2.23427e+15
6.95000e-07 2.20973e+15
6.97000e-07 2.18566e+15
6.99000e-07 2.16153e+15
7.01000e-07 2.13817e+15
7.03000e-07 2.11185e+15
7.05000e-07 2.09048e+15
7.07000e-07 2.04159e+15
7.09000e-07 2.04710e+15
7.11000e-07 2.01921e+15
7.13000e-07 1.99856e+15
7.15000e-07 1.98216e+15
7.17000e-07 1.95822e+15
7.19000e-07 1.94005e+15
7.21000e-07 1.91967e+15
7.23000e-07 1.88578e+15
7.25000e-07 1.87718e+15
7.27000e-07 1.85953e+15
7.29000e-07 1.82715e+15
7.31000e-07 1.82027e+15
7.33000e-07 1.80137e+15
7.35000e-07 1.78287e+15
7.37000e-07 1.76446e+15
7.39000e-07 1.74630e+15
7.41000e-07 1.72818e+15
7.43000e-07 1.71042e+15
7.45000e-07 1.69263e+15
7.47000e-07 1.67285e+15
7.49000e-07 1.65553e+15
7.51000e-07 1.64098e+15
7.53000e-07 1.62403e+15
7.55000e-07 1.60850e+15
7.57000e-07 1.59193e+15
7.59000e-07 1.57269e+15
7.61000e-07 1.55800e+15
7.63000e-07 1.54389e+15
7.65000e-07 1.52855e+15
7.67000e-07 1.51380e+15
7.69000e-07 1.49708e+15
7.71000e-07 1.48274e+15
7.73000e-07 1.46707e+15
7.75000e-07 1.45423e+15
7.77000e-07 1.43989e+15
7.79000e-07 1.42612e+15
7.81000e-07 1.41135e+15
7.83000e-07 1.39825e+15
7.85000e-07 1.38471e+15
7.87000e-07 1.36935e+15
7.89000e-07 1.35491e+15
7.91000e-07 1.34337e+15
7.93000e-07 1.32978e+15
7.95000e-07 1.31815e+15
7.97000e-07 1.30460e+15
7.99000e-07 1.29318e+15
8.01000e-07 1.27939e+15
8.03000e-07 1.26759e+15
8.05000e-07 1.25636e+15
8.07000e-07 1.24505e+15
8.09000e-07 1.23142e+15
8.11000e-07 1.21624e+15
8.13000e-07 1.21032e+15
8.15000e-07 1.19691e+15
8.17000e-07 1.18738e+15
8.19000e-07 1.17294e+15
8.21000e-07 1.15326e+15
8.23000e-07 1.14121e+15
8.25000e-07 1.13519e+15
8.27000e-07 1.11913e+15
8.29000e-07 1.11395e+15
8.31000e-07 1.10456e+15
8.33000e-07 1.09318e+15
8.35000e-07 1.08076e+15
8.37000e-07 1.07259e+15
8.39000e-07 1.06631e+15
8.41000e-07 1.05538e+15
8.43000e-07 1.04673e+15
8.45000e-07 1.03281e+15
8.47000e-07 1.02720e+15
8.49000e-07 1.01468e+15
8.51000e-07 1.00347e+15
8.53000e-07 9.96853e+14
8.55000e-07 9.80754e+14
8.57000e-07 9.87620e+14
8.59000e-07 9.56886e+14
8.61000e-07 9.53259e+14
8.63000e-07 9.67713e+14
8.65000e-07 9.42852e+14
8.67000e-07 9.07684e+14
8.69000e-07 9.39580e+14
8.71000e-07 9.40583e+14
8.73000e-07 9.16210e+14
8.75000e-07 8.62476e+14
8.77000e-07 8.90972e+14
8.79000e-07 9.09449e+14
8.81000e-07 9.04014e+14
8.83000e-07 8.91758e+14
8.85000e-07 8.49733e+14
8.87000e-07 8.08173e+14
8.89000e-07 8.61695e+14
8.91000e-07 8.65471e+14
8.93000e-07 8.59378e+14
8.95000e-07 8.53049e+14
8.97000e-07 8.44474e+14
8.99000e-07 8.20863e+14
9.01000e-07 7.56059e+14
9.03000e-07 7.78678e+14
9.05000e-07 8.10935e+14
9.07000e-07 8.04386e+14
9.09000e-07 8.02947e+14
9.11000e-07 7.98744e+14
9.13000e-07 7.92582e+14
9.15000e-07 7.85927e+14
9.17000e-07 7.75961e+14
9.19000e-07 7.67413e+14
9.21000e-07 7.38635e+14
9.23000e-07 6.70256e+14
9.25000e-07 7.25348e+14
9.27000e-07 7.41029e+14
9.29000e-07 7.38584e+14
9.31000e-07 7.31850e+14
9.33000e-07 7.27244e+14
9.35000e-07 7.19611e+14
9.37000e-07 7.15684e+14
9.39000e-07 7.10503e+14
9.41000e-07 7.04124e+14
9.43000e-07 6.98514e+14
9.45000e-07 6.92734e+14
9.47000e-07 6.84224e+14
9.49000e-07 6.79461e+14
9.51000e-07 6.66151e+14
9.53000e-07 6.40626e+14
9.55000e-07 5.84040e+14
9.57000e-07 6.41041e+14
9.59000e-07 6.50454e+14
9.61000e-07 6.46159e+14
9.63000e-07 6.40593e+14
9.65000e-07 6.39073e+14
9.67000e-07 6.34056e+14
9.69000e-07 6.28472e+14
9.71000e-07 6.16336e+14
9.73000e-07 6.17903e+14
9.75000e-07 6.13905e+14
9.77000e-07 6.08749e+14
9.79000e-07 6.04182e+14
9.81000e-07 5.99176e+14
9.83000e-07 5.94674e+14
9.85000e-07 5.89815e+14
9.87000e-07 5.84991e+14
9.89000e-07 5.79816e+14
9.91000e-07 5.73757e+14
9.93000e-07 5.71639e+14
9.95000e-07 5.67174e+14
9.97000e-07 5.62324e+14
9.99000e-07 5.56941e+14
1.00250e-06 5.30193e+14
1.00750e-06 5.13735e+14
1.01250e-06 5.25284e+14
1.01750e-06 5.19953e+14
1.02250e-06 5.09799e+14
1.02750e-06 5.00389e+14
1.03250e-06 4.89335e+14
1.03750e-06 4.81935e+14
1.04250e-06 4.72852e+14
1.04750e-06 4.64194e+14
1.05250e-06 4.55577e+14
1.05750e-06 4.47304e+14
1.06250e-06 4.39099e+14
1.06750e-06 4.30599e+14
1.07250e-06 4.23351e+14
1.07750e-06 4.15699e+14
1.08250e-06 4.04666e+14
1.08750e-06 3.99712e+14
1.09250e-06 3.66454e+14
1.09750e-06 3.79012e+14
1.10250e-06 3.78309e+14
1.10750e-06 3.73396e+14
1.11250e-06 3.66821e+14
1.11750e-06 3.60529e+14
1.12250e-06 3.54125e+14
1.12750e-06 3.48176e+14
1.13250e-06 3.41965e+14
1.13750e-06 3.36229e+14
1.14250e-06 3.30493e+14
1.14750e-06 3.24987e+14
1.15250e-06 3.19563e+14
1.15750e-06 3.14081e+14
1.16250e-06 3.08402e+14
1.16750e-06 3.03334e+14
1.17250e-06 2.98752e+14
1.17750e-06 2.93802e+14
1.18250e-06 2.88925e+14
1.18750e-06 2.84226e+14
1.19250e-06 2.79570e+14
1.19750e-06 2.73220e+14
1.20250e-06 2.70588e+14
1.20750e-06 2.66207e+14
1.21250e-06 2.61890e+14
1.21750e-06 2.57760e+14
1.22250e-06 2.53640e+14
1.22750e-06 2.49637e+14
1.23250e-06 2.45667e+14
1.23750e-06 2.41786e+14
1.24250e-06 2.38031e+14
1.24750e-06 2.34154e+14
1.25250e-06 2.30168e+14
1.25750e-06 2.27009e+14
1.26250e-06 2.23532e+14
1.26750e-06 2.20142e+14
1.27250e-06 2.16638e+14
1.27750e-06 2.09969e+14
1.28250e-06 1.95527e+14
1.28750e-06 2.05754e+14
1.29250e-06 2.03885e+14
1.29750e-06 1.99970e+14
1.30250e-06 1.97720e+14
1.30750e-06 1.94878e+14
1.31250e-06 1.91981e+14
1.31750e-06 1.89135e+14
1.32250e-06 1.86344e+14
1.32750e-06 1.83603e+14
1.33250e-06 1.80872e+14
1.33750e-06 1.78201e+14
1.34250e-06 1.75503e+14
1.34750e-06 1.73103e+14
1.35250e-06 1.70543e+14
1.35750e-06 1.68158e+14
1.36250e-06 1.65644e+14
1.36750e-06 1.63379e+14
1.37250e-06 1.60941e+14
1.37750e-06 1.58782e+14
1.38250e-06 1.56536e+14
1.38750e-06 1.54320e+14
1.39250e-06 1.52071e+14
1.39750e-06 1.50009e+14
1.40250e-06 1.47863e+14
1.40750e-06 1.45888e+14
1.41250e-06 1.43841e+14
1.41750e-06 1.41872e+14
1.42250e-06 1.39931e+14
1.42750e-06 1.37998e+14
1.43250e-06 1.36119e+14
1.43750e-06 1.34260e+14
1.44250e-06 1.32455e+14
1.44750e-06 1.30665e+14
1.45250e-06 1.28892e+14
1.45700e-06 1.27340e+14
1.46200e-06 1.25654e+14
1.46750e-06 1.23820e+14
1.47250e-06 1.22176e+14
1.47750e-06 1.20477e+14
1.48250e-06 1.18977e+14
1.48750e-06 1.17414e+14
1.49250e-06 1.15876e+14
1.49750e-06 1.14356e+14
1.50250e-06 1.12850e+14
1.50750e-06 1.11206e+14
1.51250e-06 1.09917e+14
1.51750e-06 1.08474e+14
1.52250e-06 1.07012e+14
1.52750e-06 1.05602e+14
1.53250e-06 1.04194e+14
1.53750e-06 1.02889e+14
1.54250e-06 1.01414e+14
1.54750e-06 1.00266e+14
1.55250e-06 9.89133e+13
1.55750e-06 9.74282e+13
1.56250e-06 9.67408e+13
1.56750e-06 9.50176e+13
1.57250e-06 9.36404e+13
1.57750e-06 9.32975e+13
1.58250e-06 9.20034e+13
1.58750e-06 8.96010e+13
1.59250e-06 8.94522e+13
1.59750e-06 8.90702e+13
1.60500e-06 8.69338e+13
1.61500e-06 8.40984e+13
1.62500e-06 8.33804e+13
1.63500e-06 8.06414e+13
1.64500e-06 7.79279e+13
1.65500e-06 7.75915e+13
1.66500e-06 7.57952e+13
1.67500e-06 7.31876e+13
1.68500e-06 7.05780e+13
1.69500e-06 7.05947e+13
1.70500e-06 6.86986e+13
1.71500e-06 6.74387e+13
1.72500e-06 6.58108e+13
1.73500e-06 6.21834e+13
1.74500e-06 6.26617e+13
1.75500e-06 6.15668e+13
1.76500e-06 6.02000e+13
1.77500e-06 5.88659e+13
1.78500e-06 5.75496e+13
1.79500e-06 5.63174e+13
1.80500e-06 5.50394e+13
1.81500e-06 5.19770e+13
1.82500e-06 5.22867e+13
1.83500e-06 5.16143e+13
1.84500e-06 5.05118e+13
1.85500e-06 4.93972e+13
1.86500e-06 4.79883e+13
1.87500e-06 4.55447e+13
1.88500e-06 4.63488e+13
1.89500e-06 4.54287e+13
1.90500e-06 4.43758e+13
1.91500e-06 4.35920e+13
1.92500e-06 4.27032e+13
1.93500e-06 4.17156e+13
1.94500e-06 3.92124e+13
1.95500e-06 4.00069e+13
1.96500e-06 3.93627e+13
1.97500e-06 3.85797e+13
1.98500e-06 3.78143e+13
1.99500e-06 3.70689e+13
2.00500e-06 3.63421e+13
2.01500e-06 3.56334e+13
2.02500e-06 3.49406e+13
2.03500e-06 3.42650e+13
2.04500e-06 3.35966e+13
2.05500e-06 3.29082e+13
2.06500e-06 3.23340e+13
2.07500e-06 3.17186e+13
2.08500e-06 3.11213e+13
2.09500e-06 3.05348e+13
2.10500e-06 2.99614e+13
2.11500e-06 2.93065e+13
2.12500e-06 2.88628e+13
2.13500e-06 2.83302e+13
2.14500e-06 2.78022e+13
2.15500e-06 2.72374e+13
2.16500e-06 2.55926e+13
2.17500e-06 2.61940e+13
2.18500e-06 2.58302e+13
2.19500e-06 2.53811e+13
2.20500e-06 2.49275e+13
2.21500e-06 2.44840e+13
2.22500e-06 2.40453e+13
2.23500e-06 2.36255e+13
2.24500e-06 2.32107e+13
2.25500e-06 2.28052e+13
2.26500e-06 2.24082e+13
2.27500e-06 2.20195e+13
2.28500e-06 2.16519e+13
2.29500e-06 2.13277e+13
2.30500e-06 2.09587e+13
2.31500e-06 2.06051e+13
2.32500e-06 2.02554e+13
2.33500e-06 1.99123e+13
2.34500e-06 1.95770e+13
2.35500e-06 1.92474e+13
2.36500e-06 1.89159e+13
2.37500e-06 1.85853e+13
2.38500e-06 1.82616e+13
2.39500e-06 1.79550e+13
2.40500e-06 1.76582e+13
2.41500e-06 1.73656e+13
2.42500e-06 1.70715e+13
2.43500e-06 1.67975e+13
2.44500e-06 1.65186e+13
2.45500e-06 1.62612e+13
2.46500e-06 1.59881e+13
2.47500e-06 1.57171e+13
2.48500e-06 1.54976e+13
2.49500e-06 1.52235e+13
2.50500e-06 1.50596e+13
2.51500e-06 1.47941e+13
2.52500e-06 1.44958e+13
2.53500e-06 1.43160e+13
2.54500e-06 1.41374e+13
2.55500e-06 1.38688e+13
2.56500e-06 1.35862e+13
2.57500e-06 1.34582e+13
2.58500e-06 1.32894e+13
2.59500e-06 1.30759e+13
2.60500e-06 1.28108e+13
2.61500e-06 1.24943e+13
2.62500e-06 1.19176e+13
2.63500e-06 1.22418e+13
2.64500e-06 1.21290e+13
2.65500e-06 1.19384e+13
2.66500e-06 1.17185e+13
2.67500e-06 1.14141e+13
2.68500e-06 1.13721e+13
2.69500e-06 1.12588e+13
2.70500e-06 1.10944e+13
2.71500e-06 1.09331e+13
2.72500e-06 1.07738e+13
2.73500e-06 1.06181e+13
2.74500e-06 1.04414e+13
2.75500e-06 1.01245e+13
2.76500e-06 1.00711e+13
2.77500e-06 1.00148e+13
2.78500e-06 9.87893e+12
2.79500e-06 9.73940e+12
2.80500e-06 9.60114e+12
2.81500e-06 9.46649e+12
2.82500e-06 9.33397e+12
2.83500e-06 9.20355e+12
2.84500e-06 9.07520e+12
2.85500e-06 8.94149e+12
2.86500e-06 8.75250e+12
2.87500e-06 8.47705e+12
2.88500e-06 8.55689e+12
2.89500e-06 8.46686e+12
2.90500e-06 8.35152e+12
2.91500e-06 8.23802e+12
2.92500e-06 8.12630e+12
2.93500e-06 8.01679e+12
2.94500e-06 7.90858e+12
2.95500e-06 7.80251e+12
2.96500e-06 7.69854e+12
2.97500e-06 7.59580e+12
2.98500e-06 7.49510e+12
2.99500e-06 7.39557e+12
3.00500e-06 7.29804e+12
3.01500e-06 7.20039e+12
3.02500e-06 7.09193e+12
3.03500e-06 6.83301e+12
3.04500e-06 6.80973e+12
3.05500e-06 6.82456e+12
3.06500e-06 6.74441e+12
3.07500e-06 6.65520e+12
3.08500e-06 6.57095e+12
3.09500e-06 6.48845e+12
3.10500e-06 6.40530e+12
3.11500e-06 6.32347e+12
3.12500e-06 6.24295e+12
3.13500e-06 6.16447e+12
3.14500e-06 6.08686e+12
3.15500e-06 6.01049e+12
3.16500e-06 5.93496e+12
3.17500e-06 5.86064e+12
3.18500e-06 5.78787e+12
3.19500e-06 5.71590e+12
3.21000e-06 5.61032e+12
3.23000e-06 5.47281e+12
3.25000e-06 5.34003e+12
3.27000e-06 5.20973e+12
3.29000e-06 4.96560e+12
3.31000e-06 4.94256e+12
3.33000e-06 4.85178e+12
3.35000e-06 4.73796e+12
3.37000e-06 4.62682e+12
3.39000e-06 4.51896e+12
3.41000e-06 4.41394e+12
3.43000e-06 4.31234e+12
3.45000e-06 4.21343e+12
3.47000e-06 4.11713e+12
3.49000e-06 4.02399e+12
3.51000e-06 3.93301e+12
3.53000e-06 3.84503e+12
3.55000e-06 3.75908e+12
3.57000e-06 3.67570e+12
3.59000e-06 3.59481e+12
3.61000e-06 3.51289e+12
3.63000e-06 3.43797e+12
3.65000e-06 3.35940e+12
3.67000e-06 3.29184e+12
3.69000e-06 3.21281e+12
3.71000e-06 3.14569e+12
3.73000e-06 3.04246e+12
3.75000e-06 2.96026e+12
3.77000e-06 2.95412e+12
3.79000e-06 2.89496e+12
3.81000e-06 2.82676e+12
3.83000e-06 2.76983e+12
3.85000e-06 2.71902e+12
3.87000e-06 2.66332e+12
3.89000e-06 2.60563e+12
3.91000e-06 2.54282e+12
3.93000e-06 2.50358e+12
3.95000e-06 2.45415e+12
3.97000e-06 2.40510e+12
3.99000e-06 2.35741e+12
4.01000e-06 2.30060e+12
4.03000e-06 2.24843e+12
4.05000e-06 2.16638e+12
4.07000e-06 2.17593e+12
4.09000e-06 2.13538e+12
4.11000e-06 2.09415e+12
4.13000e-06 2.05245e+12
4.15000e-06 2.01235e+12
4.17000e-06 1.95650e+12
4.19000e-06 1.93594e+12
4.21000e-06 1.90228e+12
4.23000e-06 1.86659e+12
4.25000e-06 1.83098e+12
4.27000e-06 1.79767e+12
4.29000e-06 1.76201e+12
4.31000e-06 1.73188e+12
4.33000e-06 1.70011e+12
4.35000e-06 1.66838e+12
4.37000e-06 1.61922e+12
4.39000e-06 1.60143e+12
4.41000e-06 1.58008e+12
4.43000e-06 1.55177e+12
4.45000e-06 1.52406e+12
4.47000e-06 1.49801e+12
4.49000e-06 1.47150e+12
4.51000e-06 1.44557e+12
4.53000e-06 1.42020e+12
4.55000e-06 1.39539e+12
4.57000e-06 1.37114e+12
4.59000e-06 1.34738e+12
4.61000e-06 1.32380e+12
4.63000e-06 1.30005e+12
4.65000e-06 1.23995e+12
4.67000e-06 1.23168e+12
4.69000e-06 1.23062e+12
4.71000e-06 1.21516e+12
4.73000e-06 1.19474e+12
4.75000e-06 1.17473e+12
4.77000e-06 1.15515e+12
4.79000e-06 1.13598e+12
4.81000e-06 1.11719e+12
4.83000e-06 1.09879e+12
4.85000e-06 1.08078e+12
4.87000e-06 1.06312e+12
4.89000e-06 1.04582e+12
4.91000e-06 1.02886e+12
4.93000e-06 1.01226e+12
4.95000e-06 9.95989e+11
4.97000e-06 9.80043e+11
4.99000e-06 9.64411e+11
5.01000e-06 9.49087e+11
5.03000e-06 9.34065e+11
5.05000e-06 9.19354e+11
5.07000e-06 9.04919e+11
5.09000e-06 8.90754e+11
5.11000e-06 8.74158e+11
5.13000e-06 8.42976e+11
5.15000e-06 8.48231e+11
5.17000e-06 8.36833e+11
5.19000e-06 8.24004e+11
5.21000e-06 8.11403e+11
5.23000e-06 7.99052e+11
5.25000e-06 7.86934e+11
5.27000e-06 7.75045e+11
5.29000e-06 7.63380e+11
5.31000e-06 7.51922e+11
5.33000e-06 7.40693e+11
5.35000e-06 7.29664e+11
5.37000e-06 7.18843e+11
5.39000e-06 7.08215e+11
5.41000e-06 6.97788e+11
5.43000e-06 6.87547e+11
5.45000e-06 6.77500e+11
5.47000e-06 6.67631e+11
5.49000e-06 6.57939e+11
5.51000e-06 6.48431e+11
5.53000e-06 6.39080e+11
5.55000e-06 6.29908e+11
5.57000e-06 6.20888e+11
5.59000e-06 6.12040e+11
5.61000e-06 6.03339e+11
5.63000e-06 5.94805e+11
5.65000e-06 5.86412e+11
5.67000e-06 5.78169e+11
5.69000e-06 5.70062e+11
5.71000e-06 5.62101e+11
5.73000e-06 5.54283e+11
5.75000e-06 5.46594e+11
5.77000e-06 5.39043e+11
5.79000e-06 5.31606e+11
5.81000e-06 5.24325e+11
5.83000e-06 5.17154e+11
5.85000e-06 5.10310e+11
5.87000e-06 5.03362e+11
5.89000e-06 4.94520e+11
5.91000e-06 4.75636e+11
5.93000e-06 4.82182e+11
5.95000e-06 4.76786e+11
5.97000e-06 4.70415e+11
5.99000e-06 4.64150e+11
6.01000e-06 4.57989e+11
6.03000e-06 4.51931e+11
6.05000e-06 4.45963e+11
6.07000e-06 4.40105e+11
6.09000e-06 4.34334e+11
6.11000e-06 4.28670e+11
6.13000e-06 4.23080e+11
6.15000e-06 4.17593e+11
6.17000e-06 4.12189e+11
6.19000e-06 4.06875e+11
6.21000e-06 4.01640e+11
6.23000e-06 3.96494e+11
6.25000e-06 3.91433e+11
6.27000e-06 3.86448e+11
6.29000e-06 3.81548e+11
6.31000e-06 3.76720e+11
6.33000e-06 3.71964e+11
6.35000e-06 3.67289e+11
6.37000e-06 3.62684e+11
6.39000e-06 3.58148e+11
6.42000e-06 3.51481e+11
6.46000e-06 3.42836e+11
6.50000e-06 3.34448e+11
6.54000e-06 3.26317e+11
6.58000e-06 3.18429e+11
6.62000e-06 3.10784e+11
6.66000e-06 3.03359e+11
6.70000e-06 2.96156e+11
6.74000e-06 2.89168e+11
6.78000e-06 2.82382e+11
6.82000e-06 2.75790e+11
6.86000e-06 2.69397e+11
6.90000e-06 2.63181e+11
6.94000e-06 2.57145e+11
6.98000e-06 2.51283e+11
7.02000e-06 2.45584e+11
7.06000e-06 2.40050e+11
7.10000e-06 2.34662e+11
7.14000e-06 2.29432e+11
7.18000e-06 2.24340e+11
7.22000e-06 2.19396e+11
7.26000e-06 2.14577e+11
7.30000e-06 2.09899e+11
7.34000e-06 2.05345e+11
7.38000e-06 2.00911e+11
7.42000e-06 1.96301e+11
7.46000e-06 1.88610e+11
7.50000e-06 1.84313e+11
7.54000e-06 1.84198e+11
7.58000e-06 1.80463e+11
7.62000e-06 1.76685e+11
7.66000e-06 1.73015e+11
7.70000e-06 1.69430e+11
7.74000e-06 1.65942e+11
7.78000e-06 1.62547e+11
7.82000e-06 1.59231e+11
7.86000e-06 1.56004e+11
7.90000e-06 1.52853e+11
7.94000e-06 1.49787e+11
7.98000e-06 1.46793e+11
8.02000e-06 1.43874e+11
8.06000e-06 1.41028e+11
8.10000e-06 1.38255e+11
8.14000e-06 1.35546e+11
8.18000e-06 1.32901e+11
8.22000e-06 1.30323e+11
8.26000e-06 1.27805e+11
8.30000e-06 1.25351e+11
8.34000e-06 1.22954e+11
8.38000e-06 1.20614e+11
8.42000e-06 1.18328e+11
8.46000e-06 1.16096e+11
8.50000e-06 1.13916e+11
8.54000e-06 1.11787e+11
8.58000e-06 1.09708e+11
8.62000e-06 1.07679e+11
8.66000e-06 1.05692e+11
8.70000e-06 1.03756e+11
8.74000e-06 1.01862e+11
8.78000e-06 1.00007e+11
8.82000e-06 9.81968e+10
8.86000e-06 9.64291e+10
8.90000e-06 9.46986e+10
8.94000e-06 9.30094e+10
8.98000e-06 9.13557e+10
9.02000e-06 8.97370e+10
9.06000e-06 8.81569e+10
9.10000e-06 8.66057e+10
9.14000e-06 8.50962e+10
9.18000e-06 8.36142e+10
9.22000e-06 8.21634e+10
9.26000e-06 8.07478e+10
9.30000e-06 7.93621e+10
9.34000e-06 7.80058e+10
9.38000e-06 7.66740e+10
9.42000e-06 7.53746e+10
9.46000e-06 7.41029e+10
9.50000e-06 7.28540e+10
9.54000e-06 7.16359e+10
9.58000e-06 7.04396e+10
9.62000e-06 6.92689e+10
9.66000e-06 6.81231e+10
9.70000e-06 6.70019e+10
9.74000e-06 6.59007e+10
9.78000e-06 6.48271e+10
9.82000e-06 6.37687e+10
9.86000e-06 6.27370e+10
9.90000e-06 6.17237e+10
9.94000e-06 6.07322e+10
9.98000e-06 5.97584e+10
1.00200e-05 5.88057e+10
2.00000e-05 3.63536e+09
4.00000e-05 2.21508e+08
6.00000e-05 4.30624e+07
8.00000e-05 1.34722e+07
1.00000e-04 5.47088e+06
1.20000e-04 2.62063e+06
1.40000e-04 1.40661e+06
1.60000e-04 8.20610e+05
