9.09000e-09 0.00000e+00
9.35000e-09 0.00000e+00
9.61000e-09 0.00000e+00
9.77000e-09 0.00000e+00
9.96000e-09 0.00000e+00
1.02000e-08 0.00000e+00
1.03800e-08 0.00000e+00
1.05600e-08 0.00000e+00
1.07700e-08 0.00000e+00
1.10400e-08 0.00000e+00
1.14000e-08 0.00000e+00
1.17800e-08 0.00000e+00
1.21300e-08 0.00000e+00
1.24800e-08 0.00000e+00
1.27100e-08 0.00000e+00
1.28400e-08 0.00000e+00
1.30500e-08 0.00000e+00
1.32400e-08 0.00000e+00
1.33900e-08 0.00000e+00
1.36600e-08 0.00000e+00
1.39800e-08 0.00000e+00
1.43300e-08 0.00000e+00
1.47200e-08 0.00000e+00
1.51000e-08 0.00000e+00
1.55200e-08 0.00000e+00
1.58800e-08 0.00000e+00
1.62000e-08 0.00000e+00
1.66000e-08 0.00000e+00
1.70300e-08 0.00000e+00
1.73400e-08 0.00000e+00
1.76800e-08 0.00000e+00
1.80200e-08 0.00000e+00
1.81700e-08 0.00000e+00
1.86100e-08 0.00000e+00
1.91000e-08 0.00000e+00
1.93900e-08 0.00000e+00
1.98400e-08 0.00000e+00
2.01800e-08 0.00000e+00
2.05000e-08 0.00000e+00
2.10500e-08 0.00000e+00
2.16200e-08 0.00000e+00
2.19800e-08 0.00000e+00
2.23000e-08 0.00000e+00
2.26800e-08 0.00000e+00
2.30000e-08 6.56501e-03
2.34000e-08 1.53084e-02
2.40000e-08 4.68735e-02
2.46500e-08 1.46346e-01
2.52400e-08 3.92367e-01
2.56800e-08 7.92464e-01
2.60000e-08 1.31337e+00
2.64000e-08 2.41581e+00
2.68500e-08 4.66746e+00
2.73500e-08 9.45726e+00
2.78500e-08 1.88710e+01
2.84000e-08 3.92667e+01
2.90000e-08 8.43231e+01
2.96000e-08 1.74782e+02
3.01000e-08 3.16367e+02
3.08000e-08 7.01326e+02
3.18000e-08 2.08240e+03
3.28000e-08 5.74564e+03
3.38000e-08 1.51541e+04
3.48000e-08 3.77745e+04
3.57000e-08 8.38391e+04
3.66000e-08 1.77766e+05
3.75000e-08 3.59625e+05
3.85000e-08 7.62585e+05
3.95000e-08 1.55625e+06
4.05000e-08 3.07126e+06
4.14000e-08 5.52932e+06
4.22000e-08 9.08910e+06
4.30000e-08 1.46279e+07
4.41000e-08 2.77568e+07
4.51000e-08 4.81913e+07
4.60000e-08 7.74274e+07
4.70000e-08 1.28545e+08
4.80000e-08 2.08722e+08
4.90000e-08 3.33079e+08
5.00000e-08 5.20174e+08
5.06000e-08 5.26289e+10
5.12000e-08 2.30197e+11
5.20000e-08 2.95700e+11
5.30000e-08 4.23510e+11
5.40000e-08 5.00137e+11
5.50000e-08 7.66824e+11
5.60000e-08 9.69768e+11
5.70000e-08 1.28383e+12
5.80000e-08 1.37142e+12
5.90000e-08 1.94188e+12
6.00000e-08 2.49532e+12
6.10000e-08 3.17270e+12
6.20000e-08 3.79494e+12
6.30000e-08 4.63704e+12
6.40000e-08 5.32720e+12
6.50000e-08 6.50500e+12
6.58000e-08 7.63947e+12
6.65000e-08 8.38727e+12
6.75000e-08 9.61453e+12
6.85000e-08 1.12556e+13
6.95000e-08 1.35772e+13
7.05000e-08 1.55225e+13
7.16000e-08 1.81202e+13
7.26000e-08 2.05685e+13
7.35000e-08 2.29877e+13
7.45000e-08 2.67541e+13
7.55000e-08 3.05211e+13
7.65000e-08 3.44605e+13
7.75000e-08 3.91292e+13
7.85000e-08 4.39556e+13
7.95000e-08 4.83394e+13
8.05000e-08 5.37152e+13
8.15000e-08 5.88385e+13
8.25000e-08 6.60887e+13
8.35000e-08 6.95078e+13
8.45000e-08 7.80554e+13
8.55000e-08 8.55422e+13
8.65000e-08 9.43154e+13
8.75000e-08 1.03937e+14
8.85000e-08 1.15031e+14
8.95000e-08 1.24849e+14
9.05000e-08 1.30118e+14
9.15000e-08 2.20465e+14
9.25000e-08 8.06363e+14
9.35000e-08 1.99831e+15
9.45000e-08 8.53041e+15
9.55000e-08 2.46206e+16
9.65000e-08 3.52144e+16
9.75000e-08 5.59850e+15
9.85000e-08 4.96354e+16
9.95000e-08 4.83649e+16
1.00500e-07 6.67207e+16
1.01500e-07 5.28697e+16
1.02500e-07 6.39738e+15
1.03500e-07 3.13574e+16
1.04500e-07 7.98395e+16
1.05500e-07 8.01609e+16
1.06500e-07 6.23940e+16
1.07500e-07 7.58172e+16
1.08500e-07 5.86365e+16
1.09500e-07 7.57058e+16
1.10500e-07 6.84241e+16
1.11500e-07 6.26690e+16
1.12500e-07 5.90654e+16
1.13500e-07 7.23003e+16
1.14500e-07 6.23447e+16
1.15500e-07 6.66608e+16
1.16500e-07 7.01319e+16
1.17500e-07 5.34087e+16
1.18500e-07 6.98879e+16
1.19500e-07 4.54839e+16
1.20500e-07 3.05842e+16
1.21500e-07 7.92009e+15
1.22500e-07 3.44490e+16
1.23500e-07 6.42323e+16
1.24500e-07 6.89600e+16
1.25500e-07 6.44570e+16
1.26500e-07 5.18991e+16
1.27500e-07 6.65363e+16
1.28500e-07 6.75444e+16
1.29500e-07 5.17912e+16
1.30500e-07 5.23942e+16
1.31500e-07 6.37766e+16
1.32500e-07 5.87598e+16
1.33500e-07 5.14863e+16
1.34500e-07 5.99803e+16
1.35500e-07 5.74937e+16
1.36500e-07 5.14681e+16
1.37500e-07 5.29201e+16
1.38500e-07 5.38339e+16
1.39500e-07 4.82464e+16
1.40500e-07 5.01289e+16
1.41500e-07 4.87098e+16
1.42500e-07 4.93699e+16
1.43500e-07 4.89476e+16
1.44200e-07 5.06133e+16
1.44700e-07 5.00752e+16
1.45500e-07 4.86647e+16
1.46500e-07 4.51573e+16
1.47500e-07 4.47133e+16
1.48500e-07 4.37748e+16
1.49500e-07 4.38418e+16
1.50500e-07 4.07496e+16
1.51200e-07 3.64463e+16
1.51700e-07 3.83477e+16
1.52500e-07 3.82704e+16
1.53500e-07 3.38977e+16
1.54500e-07 3.58166e+16
1.55500e-07 3.38711e+16
1.56500e-07 3.44102e+16
1.57500e-07 3.61540e+16
1.58500e-07 3.64895e+16
1.59500e-07 3.68745e+16
1.60500e-07 3.61664e+16
1.61500e-07 3.61864e+16
1.62500e-07 3.44712e+16
1.63500e-07 3.59661e+16
1.64500e-07 3.56484e+16
1.65500e-07 3.33126e+16
1.66500e-07 3.59006e+16
1.67200e-07 3.43919e+16
1.67700e-07 3.49265e+16
1.68500e-07 3.56704e+16
1.69500e-07 3.38255e+16
1.70500e-07 3.21482e+16
1.71500e-07 3.02488e+16
1.72500e-07 2.98131e+16
1.73500e-07 3.12400e+16
1.74500e-07 2.98908e+16
1.75500e-07 3.11925e+16
1.76500e-07 2.88387e+16
1.77500e-07 2.91077e+16
1.78500e-07 2.94044e+16
1.79500e-07 3.03919e+16
1.80500e-07 3.02585e+16
1.81500e-07 2.76033e+16
1.82500e-07 2.84859e+16
1.83500e-07 2.70944e+16
1.84500e-07 2.50384e+16
1.85500e-07 2.43346e+16
1.86500e-07 2.48043e+16
1.87500e-07 2.67747e+16
1.88500e-07 2.41917e+16
1.89500e-07 2.27254e+16
1.90500e-07 2.45076e+16
1.91500e-07 2.29969e+16
1.92500e-07 2.23967e+16
1.93500e-07 2.32605e+16
1.94500e-07 2.36662e+16
1.95500e-07 2.18556e+16
1.96700e-07 2.35380e+16
1.97600e-07 2.43179e+16
1.98400e-07 2.26311e+16
1.99500e-07 2.19932e+16
2.00500e-07 2.25681e+16
2.01500e-07 2.18501e+16
2.02500e-07 2.30184e+16
2.03500e-07 2.12835e+16
2.04500e-07 2.15299e+16
2.05500e-07 2.07241e+16
2.06500e-07 2.10451e+16
2.07400e-07 2.17632e+16
2.07800e-07 2.03385e+16
2.08500e-07 2.10480e+16
2.09500e-07 1.98527e+16
2.10500e-07 2.03294e+16
2.11500e-07 2.02311e+16
2.12500e-07 2.05175e+16
2.13500e-07 1.97546e+16
2.14500e-07 1.92851e+16
2.15500e-07 1.98350e+16
2.16500e-07 1.93773e+16
2.17500e-07 1.91311e+16
2.18500e-07 1.86368e+16
2.19500e-07 1.90139e+16
2.20500e-07 1.84901e+16
2.21500e-07 1.80394e+16
2.22500e-07 1.73228e+16
2.23500e-07 1.78673e+16
2.24500e-07 1.74984e+16
2.25500e-07 1.68991e+16
2.26500e-07 1.71570e+16
2.27500e-07 1.72009e+16
2.28500e-07 1.72353e+16
2.29500e-07 1.65669e+16
2.30500e-07 1.63611e+16
2.31500e-07 1.58081e+16
2.32500e-07 1.30206e+16
2.33500e-07 1.49974e+16
2.34500e-07 1.47355e+16
2.35500e-07 1.49285e+16
2.36500e-07 1.44079e+16
2.37500e-07 1.44711e+16
2.38500e-07 1.39871e+16
2.39500e-07 1.44531e+16
2.40500e-07 1.38570e+16
2.41500e-07 1.39311e+16
2.42500e-07 1.40445e+16
2.43500e-07 1.34249e+16
2.44500e-07 1.37873e+16
2.45500e-07 1.35859e+16
2.46500e-07 1.33971e+16
2.47500e-07 1.30726e+16
2.48500e-07 1.34117e+16
2.49500e-07 1.29280e+16
2.50500e-07 1.32567e+16
2.51300e-07 1.25848e+16
2.51800e-07 1.29775e+16
2.52500e-07 1.24720e+16
2.53500e-07 1.23738e+16
2.54500e-07 1.21034e+16
2.55500e-07 1.23678e+16
2.56500e-07 1.22234e+16
2.57500e-07 1.24326e+16
2.58500e-07 1.23975e+16
2.59500e-07 1.23128e+16
2.60500e-07 1.19625e+16
2.61500e-07 1.18850e+16
2.62500e-07 1.18022e+16
2.63500e-07 1.17595e+16
2.64500e-07 1.19949e+16
2.65500e-07 1.18898e+16
2.66500e-07 1.15291e+16
2.67500e-07 1.16410e+16
2.68500e-07 1.15038e+16
2.69500e-07 1.12723e+16
2.70500e-07 1.12334e+16
2.71500e-07 1.09980e+16
2.72500e-07 1.08428e+16
2.73500e-07 1.09934e+16
2.74500e-07 1.04594e+16
2.75500e-07 1.04020e+16
2.76500e-07 1.04343e+16
2.77500e-07 1.05530e+16
2.78500e-07 1.04550e+16
2.79500e-07 9.71192e+15
2.80500e-07 1.00048e+16
2.81500e-07 1.02466e+16
2.82500e-07 1.00812e+16
2.83500e-07 9.67650e+15
2.84500e-07 9.65095e+15
2.85500e-07 9.67729e+15
2.86500e-07 9.77233e+15
2.87500e-07 9.59462e+15
2.88500e-07 9.52913e+15
2.89500e-07 9.47869e+15
2.91000e-07 9.40347e+15
2.93000e-07 9.17723e+15
2.95000e-07 8.95928e+15
2.97000e-07 8.86593e+15
2.99000e-07 8.68409e+15
3.01000e-07 8.57946e+15
3.03000e-07 8.47232e+15
3.05000e-07 8.30285e+15
3.07000e-07 8.14146e+15
3.09000e-07 8.00800e+15
3.11000e-07 7.85159e+15
3.13000e-07 7.72580e+15
3.15000e-07 7.58966e+15
3.17000e-07 7.44621e+15
3.19000e-07 7.23503e+15
3.21000e-07 7.19159e+15
3.23000e-07 7.08331e+15
3.25000e-07 6.96037e+15
3.27000e-07 6.85224e+15
3.29000e-07 6.73403e+15
3.31000e-07 6.63536e+15
3.33000e-07 6.51920e+15
3.35000e-07 6.39661e+15
3.37000e-07 6.30035e+15
3.39000e-07 6.19738e+15
3.41000e-07 6.09930e+15
3.43000e-07 5.94736e+15
3.45000e-07 5.84664e+15
3.47000e-07 5.78945e+15
3.49000e-07 5.70318e+15
3.51000e-07 5.62431e+15
3.53000e-07 5.53627e+15
3.55000e-07 5.44865e+15
3.57000e-07 5.37595e+15
3.59000e-07 5.26214e+15
3.61000e-07 5.18521e+15
3.63000e-07 5.10335e+15
3.64000e-07 5.08872e+15
3.65000e-07 5.05267e+15
3.67000e-07 4.98209e+15
3.69000e-07 4.73870e+15
3.71000e-07 4.53611e+15
3.73000e-07 4.41639e+15
3.75000e-07 4.80849e+15
3.77000e-07 4.83368e+15
3.79000e-07 5.25043e+15
3.81000e-07 5.65844e+15
3.83000e-07 4.84213e+15
3.85000e-07 5.85511e+15
3.87000e-07 6.08050e+15
3.89000e-07 4.43250e+15
3.91000e-07 6.02967e+15
3.93000e-07 5.96162e+15
3.95000e-07 5.85360e+15
3.97000e-07 4.14930e+15
3.99000e-07 5.58372e+15
4.01000e-07 5.70785e+15
4.03000e-07 5.46345e+15
4.05000e-07 5.59130e+15
4.07000e-07 5.40662e+15
4.09000e-07 4.76090e+15
4.11000e-07 4.03379e+15
4.13000e-07 5.03289e+15
4.15000e-07 5.07112e+15
4.17000e-07 5.04794e+15
4.19000e-07 5.00330e+15
4.21000e-07 4.93760e+15
4.23000e-07 4.84828e+15
4.25000e-07 4.76271e+15
4.27000e-07 4.60414e+15
4.29000e-07 4.59795e+15
4.31000e-07 4.46594e+15
4.33000e-07 3.83002e+15
4.35000e-07 3.44508e+15
4.37000e-07 4.23269e+15
4.39000e-07 4.17525e+15
4.41000e-07 4.18919e+15
4.43000e-07 4.11113e+15
4.45000e-07 4.08244e+15
4.47000e-07 3.83614e+15
4.49000e-07 3.92145e+15
4.51000e-07 3.90472e+15
4.53000e-07 3.83415e+15
4.55000e-07 3.77886e+15
4.57000e-07 3.72908e+15
4.59000e-07 3.67251e+15
4.61000e-07 3.61235e+15
4.63000e-07 3.55011e+15
4.65000e-07 3.49733e+15
4.67000e-07 3.45708e+15
4.69000e-07 3.41395e+15
4.71000e-07 3.29485e+15
4.73000e-07 3.29180e+15
4.75000e-07 3.24243e+15
4.77000e-07 3.22457e+15
4.79000e-07 3.16683e+15
4.81000e-07 3.10016e+15
4.83000e-07 3.02626e+15
4.85000e-07 2.66886e+15
4.87000e-07 2.33788e+15
4.89000e-07 2.88281e+15
4.91000e-07 2.89032e+15
4.93000e-07 2.79267e+15
4.95000e-07 2.83042e+15
4.97000e-07 2.79670e+15
4.99000e-07 2.75436e+15
5.01000e-07 2.65211e+15
5.03000e-07 2.66978e+15
5.05000e-07 2.59062e+15
5.07000e-07 2.60466e+15
5.09000e-07 2.56795e+15
5.11000e-07 2.52740e+15
5.13000e-07 2.48898e+15
5.15000e-07 2.45178e+15
5.17000e-07 2.43229e+15
5.19000e-07 2.39987e+15
5.21000e-07 2.34873e+15
5.23000e-07 2.33521e+15
5.25000e-07 2.30665e+15
5.27000e-07 2.27290e+15
5.29000e-07 2.25009e+15
5.31000e-07 2.21754e+15
5.33000e-07 2.18833e+15
5.35000e-07 2.15489e+15
5.37000e-07 2.13547e+15
5.39000e-07 2.10746e+15
5.41000e-07 2.07839e+15
5.43000e-07 2.04714e+15
5.45000e-07 2.02352e+15
5.47000e-07 1.99704e+15
5.49000e-07 1.97589e+15
5.51000e-07 1.94941e+15
5.53000e-07 1.92622e+15
5.55000e-07 1.90356e+15
5.57000e-07 1.87910e+15
5.59000e-07 1.85628e+15
5.61000e-07 1.83217e+15
5.63000e-07 1.81252e+15
5.65000e-07 1.77753e+15
5.67000e-07 1.75692e+15
5.69000e-07 1.74029e+15
5.71000e-07 1.72269e+15
5.73000e-07 1.70277e+15
5.75000e-07 1.68194e+15
5.77000e-07 1.66261e+15
5.79000e-07 1.64193e+15
5.81000e-07 1.62194e+15
5.83000e-07 1.60240e+15
5.85000e-07 1.58365e+15
5.87000e-07 1.51471e+15
5.89000e-07 1.53832e+15
5.91000e-07 1.52696e+15
5.93000e-07 1.50971e+15
5.95000e-07 1.48681e+15
5.97000e-07 1.47443e+15
5.99000e-07 1.45326e+15
6.01000e-07 1.44121e+15
6.03000e-07 1.42389e+15
6.05000e-07 1.40760e+15
6.07000e-07 1.39118e+15
6.09000e-07 1.37464e+15
6.11000e-07 1.35991e+15
6.13000e-07 1.34443e+15
6.15000e-07 1.32335e+15
6.17000e-07 1.31300e+15
6.19000e-07 1.29893e+15
6.21000e-07 1.28413e+15
6.23000e-07 1.26910e+15
6.25000e-07 1.25193e+15
6.27000e-07 1.24069e+15
6.29000e-07 1.22682e+15
6.31000e-07 1.21186e+15
6.33000e-07 1.19970e+15
6.35000e-07 1.17656e+15
6.37000e-07 1.16714e+15
6.39000e-07 1.15975e+15
6.41000e-07 1.14556e+15
6.43000e-07 1.13552e+15
6.45000e-07 1.12197e+15
6.47000e-07 1.10911e+15
6.49000e-07 1.09593e+15
6.51000e-07 1.08085e+15
6.53000e-07 1.06134e+15
6.55000e-07 9.87608e+14
6.56125e-07 8.58946e+14
6.59000e-07 1.00975e+15
6.61000e-07 1.02305e+15
6.63000e-07 1.01594e+15
6.65000e-07 1.00779e+15
6.67000e-07 9.87365e+14
6.69000e-07 9.76925e+14
6.71000e-07 9.75963e+14
6.73000e-07 9.65929e+14
6.75000e-07 9.56079e+14
6.77000e-07 9.46411e+14
6.79000e-07 9.33816e+14
6.81000e-07 9.26065e+14
6.83000e-07 9.16207e+14
6.85000e-07 9.07252e+14
6.87000e-07 8.98146e+14
6.89000e-07 8.88733e+14
6.91000e-07 8.79651e+14
6.93000e-07 8.69325e+14
6.95000e-07 8.61756e+14
6.97000e-07 8.53250e+14
6.99000e-07 8.44365e+14
7.01000e-07 8.35567e+14
7.03000e-07 8.27084e+14
7.05000e-07 8.17926e+14
7.07000e-07 7.98985e+14
7.09000e-07 8.02952e+14
7.11000e-07 7.93300e+14
7.13000e-07 7.85669e+14
7.15000e-07 7.78553e+14
7.17000e-07 7.71064e+14
7.19000e-07 7.63720e+14
7.21000e-07 7.56155e+14
7.23000e-07 7.42536e+14
7.25000e-07 7.40882e+14
7.27000e-07 7.34174e+14
7.29000e-07 7.21786e+14
7.31000e-07 7.19746e+14
7.33000e-07 7.12879e+14
7.35000e-07 7.06075e+14
7.37000e-07 6.99197e+14
7.39000e-07 6.92451e+14
7.41000e-07 6.85761e+14
7.43000e-07 6.78334e+14
7.45000e-07 6.72389e+14
7.47000e-07 6.65371e+14
7.49000e-07 6.59358e+14
7.51000e-07 6.53199e+14
7.53000e-07 6.47209e+14
7.55000e-07 6.41167e+14
7.57000e-07 6.35174e+14
7.59000e-07 6.28993e+14
7.61000e-07 6.23355e+14
7.63000e-07 6.17451e+14
7.65000e-07 6.11646e+14
7.67000e-07 6.05995e+14
7.69000e-07 6.00273e+14
7.71000e-07 5.94723e+14
7.73000e-07 5.89197e+14
7.75000e-07 5.83713e+14
7.77000e-07 5.73305e+14
7.79000e-07 5.73103e+14
7.81000e-07 5.67633e+14
7.83000e-07 5.62746e+14
7.85000e-07 5.56367e+14
7.87000e-07 5.51152e+14
7.89000e-07 5.45160e+14
7.91000e-07 5.42124e+14
7.93000e-07 5.37302e+14
7.95000e-07 5.31097e+14
7.97000e-07 5.27498e+14
7.99000e-07 5.21037e+14
8.01000e-07 5.18121e+14
8.03000e-07 5.13709e+14
8.05000e-07 5.09072e+14
8.07000e-07 5.04915e+14
8.09000e-07 4.99728e+14
8.11000e-07 4.95416e+14
8.13000e-07 4.91494e+14
8.15000e-07 4.86674e+14
8.17000e-07 4.83047e+14
8.19000e-07 4.78382e+14
8.21000e-07 4.72008e+14
8.23000e-07 4.68003e+14
8.25000e-07 4.65770e+14
8.27000e-07 4.60738e+14
8.29000e-07 4.57597e+14
8.31000e-07 4.53902e+14
8.33000e-07 4.49847e+14
8.35000e-07 4.45231e+14
8.37000e-07 4.40492e+14
8.39000e-07 4.36880e+14
8.41000e-07 4.32791e+14
8.43000e-07 4.25534e+14
8.45000e-07 4.18652e+14
8.47000e-07 4.16184e+14
8.49000e-07 4.12495e+14
8.51000e-07 4.05996e+14
8.53000e-07 4.07833e+14
8.55000e-07 3.92013e+14
8.57000e-07 4.08374e+14
8.59000e-07 3.87140e+14
8.61000e-07 3.84114e+14
8.63000e-07 4.04987e+14
8.65000e-07 3.88157e+14
8.67000e-07 3.58398e+14
8.69000e-07 3.91856e+14
8.71000e-07 3.99513e+14
8.73000e-07 3.82900e+14
8.75000e-07 3.40045e+14
8.77000e-07 3.67934e+14
8.79000e-07 3.87740e+14
8.81000e-07 3.87835e+14
8.83000e-07 3.79640e+14
8.85000e-07 3.49831e+14
8.87000e-07 3.20971e+14
8.89000e-07 3.62906e+14
8.91000e-07 3.71918e+14
8.93000e-07 3.71123e+14
8.95000e-07 3.69415e+14
8.97000e-07 3.64066e+14
8.99000e-07 3.48478e+14
9.01000e-07 3.04558e+14
9.03000e-07 3.19196e+14
9.05000e-07 3.46650e+14
9.07000e-07 3.47761e+14
9.09000e-07 3.47997e+14
9.11000e-07 3.47179e+14
9.13000e-07 3.44615e+14
9.15000e-07 3.41801e+14
9.17000e-07 3.37028e+14
9.19000e-07 3.30941e+14
9.21000e-07 3.11838e+14
9.23000e-07 2.69769e+14
9.25000e-07 3.03665e+14
9.27000e-07 3.16784e+14
9.29000e-07 3.21559e+14
9.31000e-07 3.19640e+14
9.33000e-07 3.18318e+14
9.35000e-07 3.16471e+14
9.37000e-07 3.14315e+14
9.39000e-07 3.11653e+14
9.41000e-07 3.07360e+14
9.43000e-07 3.06735e+14
9.45000e-07 3.03882e+14
9.47000e-07 2.99613e+14
9.49000e-07 2.97184e+14
9.51000e-07 2.89246e+14
9.53000e-07 2.70889e+14
9.55000e-07 2.38548e+14
9.57000e-07 2.72467e+14
9.59000e-07 2.83125e+14
9.61000e-07 2.83555e+14
9.63000e-07 2.80676e+14
9.65000e-07 2.81379e+14
9.67000e-07 2.79370e+14
9.69000e-07 2.77308e+14
9.71000e-07 2.74800e+14
9.73000e-07 2.73361e+14
9.75000e-07 2.71194e+14
9.77000e-07 2.69248e+14
9.79000e-07 2.67183e+14
9.81000e-07 2.65127e+14
9.83000e-07 2.62962e+14
9.85000e-07 2.61134e+14
9.87000e-07 2.59083e+14
9.89000e-07 2.56915e+14
9.91000e-07 2.54426e+14
9.93000e-07 2.53241e+14
9.95000e-07 2.50862e+14
9.97000e-07 2.48511e+14
9.99000e-07 2.45788e+14
1.00250e-06 2.28762e+14
1.00750e-06 2.20017e+14
1.01250e-06 2.33320e+14
1.01750e-06 2.31051e+14
1.02250e-06 2.27060e+14
1.02750e-06 2.23061e+14
1.03250e-06 2.18294e+14
1.03750e-06 2.15138e+14
1.04250e-06 2.11332e+14
1.04750e-06 2.07548e+14
1.05250e-06 2.03830e+14
1.05750e-06 2.00293e+14
1.06250e-06 1.96834e+14
1.06750e-06 1.92773e+14
1.07250e-06 1.89971e+14
1.07750e-06 1.86716e+14
1.08250e-06 1.81311e+14
1.08750e-06 1.78733e+14
1.09250e-06 1.58832e+14
1.09750e-06 1.67093e+14
1.10250e-06 1.70000e+14
1.10750e-06 1.68420e+14
1.11250e-06 1.65692e+14
1.11750e-06 1.62906e+14
1.12250e-06 1.60154e+14
1.12750e-06 1.57033e+14
1.13250e-06 1.54586e+14
1.13750e-06 1.52433e+14
1.14250e-06 1.49915e+14
1.14750e-06 1.47516e+14
1.15250e-06 1.45121e+14
1.15750e-06 1.42765e+14
1.16250e-06 1.40366e+14
1.16750e-06 1.38141e+14
1.17250e-06 1.36011e+14
1.17750e-06 1.33598e+14
1.18250e-06 1.31746e+14
1.18750e-06 1.29634e+14
1.19250e-06 1.27662e+14
1.19750e-06 1.25061e+14
1.20250e-06 1.23713e+14
1.20750e-06 1.21789e+14
1.21250e-06 1.19903e+14
1.21750e-06 1.18064e+14
1.22250e-06 1.16253e+14
1.22750e-06 1.14468e+14
1.23250e-06 1.12727e+14
1.23750e-06 1.11029e+14
1.24250e-06 1.09368e+14
1.24750e-06 1.07610e+14
1.25250e-06 1.05948e+14
1.25750e-06 1.04444e+14
1.26250e-06 1.02948e+14
1.26750e-06 1.01410e+14
1.27250e-06 9.95677e+13
1.27750e-06 9.58858e+13
1.28250e-06 8.71163e+13
1.28750e-06 9.41680e+13
1.29250e-06 9.39505e+13
1.29750e-06 9.25364e+13
1.30250e-06 9.15386e+13
1.30750e-06 9.02228e+13
1.31250e-06 8.89309e+13
1.31750e-06 8.76104e+13
1.32250e-06 8.64151e+13
1.32750e-06 8.51924e+13
1.33250e-06 8.39899e+13
1.33750e-06 8.28092e+13
1.34250e-06 8.15957e+13
1.34750e-06 8.04996e+13
1.35250e-06 7.93721e+13
1.35750e-06 7.82794e+13
1.36250e-06 7.71946e+13
1.36750e-06 7.61214e+13
1.37250e-06 7.50818e+13
1.37750e-06 7.40692e+13
1.38250e-06 7.30594e+13
1.38750e-06 7.20681e+13
1.39250e-06 7.10793e+13
1.39750e-06 7.01260e+13
1.40250e-06 6.91902e+13
1.40750e-06 6.82584e+13
1.41250e-06 6.73454e+13
1.41750e-06 6.64550e+13
1.42250e-06 6.55734e+13
1.42750e-06 6.47081e+13
1.43250e-06 6.38533e+13
1.43750e-06 6.30143e+13
1.44250e-06 6.21527e+13
1.44750e-06 6.13663e+13
1.45250e-06 6.05660e+13
1.45700e-06 5.98748e+13
1.46200e-06 5.91099e+13
1.46750e-06 5.82880e+13
1.47250e-06 5.75436e+13
1.47750e-06 5.68010e+13
1.48250e-06 5.60963e+13
1.48750e-06 5.53878e+13
1.49250e-06 5.46909e+13
1.49750e-06 5.39870e+13
1.50250e-06 5.33028e+13
1.50750e-06 5.25536e+13
1.51250e-06 5.18988e+13
1.51750e-06 5.11925e+13
1.52250e-06 5.05220e+13
1.52750e-06 4.98512e+13
1.53250e-06 4.91350e+13
1.53750e-06 4.85785e+13
1.54250e-06 4.77890e+13
1.54750e-06 4.73769e+13
1.55250e-06 4.67159e+13
1.55750e-06 4.58604e+13
1.56250e-06 4.59624e+13
1.56750e-06 4.48156e+13
1.57250e-06 4.40573e+13
1.57750e-06 4.44763e+13
1.58250e-06 4.37956e+13
1.58750e-06 4.19072e+13
1.59250e-06 4.24169e+13
1.59750e-06 4.26876e+13
1.60500e-06 4.14253e+13
1.61500e-06 3.97324e+13
1.62500e-06 4.00624e+13
1.63500e-06 3.84661e+13
1.64500e-06 3.68694e+13
1.65500e-06 3.74045e+13
1.66500e-06 3.65910e+13
1.67500e-06 3.49979e+13
1.68500e-06 3.34771e+13
1.69500e-06 3.41388e+13
1.70500e-06 3.33443e+13
1.71500e-06 3.27184e+13
1.72500e-06 3.18489e+13
1.73500e-06 2.94842e+13
1.74500e-06 3.02594e+13
1.75500e-06 2.99388e+13
1.76500e-06 2.93079e+13
1.77500e-06 2.86749e+13
1.78500e-06 2.80612e+13
1.79500e-06 2.74759e+13
1.80500e-06 2.67664e+13
1.81500e-06 2.48678e+13
1.82500e-06 2.53086e+13
1.83500e-06 2.52080e+13
1.84500e-06 2.47175e+13
1.85500e-06 2.41879e+13
1.86500e-06 2.34938e+13
1.87500e-06 2.19001e+13
1.88500e-06 2.26395e+13
1.89500e-06 2.22931e+13
1.90500e-06 2.18022e+13
1.91500e-06 2.14170e+13
1.92500e-06 2.09836e+13
1.93500e-06 2.04211e+13
1.94500e-06 1.89071e+13
1.95500e-06 1.96112e+13
1.96500e-06 1.93886e+13
1.97500e-06 1.90170e+13
1.98500e-06 1.86500e+13
1.99500e-06 1.82921e+13
2.00500e-06 1.79424e+13
2.01500e-06 1.76014e+13
2.02500e-06 1.72682e+13
2.03500e-06 1.69424e+13
2.04500e-06 1.66222e+13
2.05500e-06 1.62868e+13
2.06500e-06 1.60120e+13
2.07500e-06 1.57154e+13
2.08500e-06 1.54263e+13
2.09500e-06 1.51430e+13
2.10500e-06 1.48676e+13
2.11500e-06 1.45598e+13
2.12500e-06 1.43321e+13
2.13500e-06 1.40742e+13
2.14500e-06 1.38156e+13
2.15500e-06 1.34889e+13
2.16500e-06 1.25190e+13
2.17500e-06 1.29600e+13
2.18500e-06 1.28551e+13
2.19500e-06 1.26428e+13
2.20500e-06 1.24246e+13
2.21500e-06 1.22082e+13
2.22500e-06 1.19968e+13
2.23500e-06 1.17909e+13
2.24500e-06 1.15889e+13
2.25500e-06 1.13915e+13
2.26500e-06 1.11979e+13
2.27500e-06 1.10079e+13
2.28500e-06 1.08389e+13
2.29500e-06 1.07161e+13
2.30500e-06 1.05354e+13
2.31500e-06 1.03609e+13
2.32500e-06 1.01855e+13
2.33500e-06 9.99483e+12
2.34500e-06 9.82208e+12
2.35500e-06 9.65257e+12
2.36500e-06 9.48962e+12
2.37500e-06 9.32638e+12
2.38500e-06 9.17218e+12
2.39500e-06 9.02087e+12
2.40500e-06 8.86394e+12
2.41500e-06 8.71834e+12
2.42500e-06 8.57739e+12
2.43500e-06 8.44355e+12
2.44500e-06 8.29648e+12
2.45500e-06 8.17590e+12
2.46500e-06 8.03468e+12
2.47500e-06 7.91084e+12
2.48500e-06 7.80520e+12
2.49500e-06 7.64956e+12
2.50500e-06 7.61623e+12
2.51500e-06 7.46466e+12
2.52500e-06 7.27920e+12
2.53500e-06 7.22129e+12
2.54500e-06 7.13848e+12
2.55500e-06 6.99730e+12
2.56500e-06 6.81573e+12
2.57500e-06 6.80039e+12
2.58500e-06 6.72646e+12
2.59500e-06 6.61933e+12
2.60500e-06 6.45980e+12
2.61500e-06 6.26009e+12
2.62500e-06 5.95552e+12
2.63500e-06 6.18061e+12
2.64500e-06 6.14904e+12
2.65500e-06 6.05791e+12
2.66500e-06 5.93403e+12
2.67500e-06 5.71654e+12
2.68500e-06 5.76287e+12
2.69500e-06 5.72485e+12
2.70500e-06 5.65325e+12
2.71500e-06 5.57233e+12
2.72500e-06 5.49295e+12
2.73500e-06 5.41055e+12
2.74500e-06 5.30721e+12
2.75500e-06 5.08411e+12
2.76500e-06 5.09273e+12
2.77500e-06 5.10061e+12
2.78500e-06 5.04559e+12
2.79500e-06 4.97580e+12
2.80500e-06 4.90686e+12
2.81500e-06 4.83926e+12
2.82500e-06 4.77249e+12
2.83500e-06 4.70654e+12
2.84500e-06 4.64265e+12
2.85500e-06 4.56558e+12
2.86500e-06 4.44555e+12
2.87500e-06 4.26172e+12
2.88500e-06 4.36390e+12
2.89500e-06 4.33187e+12
2.90500e-06 4.27960e+12
2.91500e-06 4.22227e+12
2.92500e-06 4.16641e+12
2.93500e-06 4.11108e+12
2.94500e-06 4.05689e+12
2.95500e-06 4.00359e+12
2.96500e-06 3.95105e+12
2.97500e-06 3.89942e+12
2.98500e-06 3.84860e+12
2.99500e-06 3.79858e+12
3.00500e-06 3.74936e+12
3.01500e-06 3.69850e+12
3.02500e-06 3.63296e+12
3.03500e-06 3.46137e+12
3.04500e-06 3.46325e+12
3.05500e-06 3.49983e+12
3.06500e-06 3.47014e+12
3.07500e-06 3.42617e+12
3.08500e-06 3.38214e+12
3.09500e-06 3.34066e+12
3.10500e-06 3.29878e+12
3.11500e-06 3.25748e+12
3.12500e-06 3.21676e+12
3.13500e-06 3.17695e+12
3.14500e-06 3.13755e+12
3.15500e-06 3.09884e+12
3.16500e-06 3.06064e+12
3.17500e-06 3.02311e+12
3.18500e-06 2.98615e+12
3.19500e-06 2.94970e+12
3.21000e-06 2.89609e+12
3.23000e-06 2.82650e+12
3.25000e-06 2.75897e+12
3.27000e-06 2.69034e+12
3.29000e-06 2.53876e+12
3.31000e-06 2.54676e+12
3.33000e-06 2.51548e+12
3.35000e-06 2.45743e+12
3.37000e-06 2.40052e+12
3.39000e-06 2.34546e+12
3.41000e-06 2.29189e+12
3.43000e-06 2.23731e+12
3.45000e-06 2.18477e+12
3.47000e-06 2.13506e+12
3.49000e-06 2.08657e+12
3.51000e-06 2.04005e+12
3.53000e-06 1.99477e+12
3.55000e-06 1.94988e+12
3.57000e-06 1.90672e+12
3.59000e-06 1.86572e+12
3.61000e-06 1.82470e+12
3.63000e-06 1.78600e+12
3.65000e-06 1.74635e+12
3.67000e-06 1.71151e+12
3.69000e-06 1.67098e+12
3.71000e-06 1.63747e+12
3.73000e-06 1.57728e+12
3.75000e-06 1.53068e+12
3.77000e-06 1.53916e+12
3.79000e-06 1.50988e+12
3.81000e-06 1.47208e+12
3.83000e-06 1.44316e+12
3.85000e-06 1.42180e+12
3.87000e-06 1.39384e+12
3.89000e-06 1.36017e+12
3.91000e-06 1.32365e+12
3.93000e-06 1.30926e+12
3.95000e-06 1.28589e+12
3.97000e-06 1.26078e+12
3.99000e-06 1.23606e+12
4.01000e-06 1.20056e+12
4.03000e-06 1.17290e+12
4.05000e-06 1.12710e+12
4.07000e-06 1.13996e+12
4.09000e-06 1.12124e+12
4.11000e-06 1.09992e+12
4.13000e-06 1.07860e+12
4.15000e-06 1.05489e+12
4.17000e-06 1.01873e+12
4.19000e-06 1.01523e+12
4.21000e-06 1.00048e+12
4.23000e-06 9.81993e+11
4.25000e-06 9.63679e+11
4.27000e-06 9.46222e+11
4.29000e-06 9.28045e+11
4.31000e-06 9.12049e+11
4.33000e-06 8.95546e+11
4.35000e-06 8.77754e+11
4.37000e-06 8.45059e+11
4.39000e-06 8.40230e+11
4.41000e-06 8.32801e+11
4.43000e-06 8.18407e+11
4.45000e-06 8.03990e+11
4.47000e-06 7.91136e+11
4.49000e-06 7.77302e+11
4.51000e-06 7.63792e+11
4.53000e-06 7.50527e+11
4.55000e-06 7.37611e+11
4.57000e-06 7.24946e+11
4.59000e-06 7.12544e+11
4.61000e-06 7.00295e+11
4.63000e-06 6.86086e+11
4.65000e-06 6.49497e+11
4.67000e-06 6.43272e+11
4.69000e-06 6.49187e+11
4.71000e-06 6.43091e+11
4.73000e-06 6.32798e+11
4.75000e-06 6.22288e+11
4.77000e-06 6.12096e+11
4.79000e-06 6.02054e+11
4.81000e-06 5.92221e+11
4.83000e-06 5.82595e+11
4.85000e-06 5.73156e+11
4.87000e-06 5.63899e+11
4.89000e-06 5.54837e+11
4.91000e-06 5.45950e+11
4.93000e-06 5.37252e+11
4.95000e-06 5.28722e+11
4.97000e-06 5.20357e+11
4.99000e-06 5.12155e+11
5.01000e-06 5.04111e+11
5.03000e-06 4.96224e+11
5.05000e-06 4.88505e+11
5.07000e-06 4.80921e+11
5.09000e-06 4.73398e+11
5.11000e-06 4.63034e+11
5.13000e-06 4.42453e+11
5.15000e-06 4.49804e+11
5.17000e-06 4.45132e+11
5.19000e-06 4.38394e+11
5.21000e-06 4.31773e+11
5.23000e-06 4.25268e+11
5.25000e-06 4.18904e+11
5.27000e-06 4.12638e+11
5.29000e-06 4.06494e+11
5.31000e-06 4.00472e+11
5.33000e-06 3.94554e+11
5.35000e-06 3.88741e+11
5.37000e-06 3.83042e+11
5.39000e-06 3.77442e+11
5.41000e-06 3.71941e+11
5.43000e-06 3.66548e+11
5.45000e-06 3.61250e+11
5.47000e-06 3.56045e+11
5.49000e-06 3.50931e+11
5.51000e-06 3.45906e+11
5.53000e-06 3.40982e+11
5.55000e-06 3.36143e+11
5.57000e-06 3.31378e+11
5.59000e-06 3.26708e+11
5.61000e-06 3.22109e+11
5.63000e-06 3.17602e+11
5.65000e-06 3.13174e+11
5.67000e-06 3.08812e+11
5.69000e-06 3.04539e+11
5.71000e-06 3.00330e+11
5.73000e-06 2.96194e+11
5.75000e-06 2.92132e+11
5.77000e-06 2.88130e+11
5.79000e-06 2.84210e+11
5.81000e-06 2.80348e+11
5.83000e-06 2.76555e+11
5.85000e-06 2.73071e+11
5.87000e-06 2.69224e+11
5.89000e-06 2.63598e+11
5.91000e-06 2.51419e+11
5.93000e-06 2.57322e+11
5.95000e-06 2.55307e+11
5.97000e-06 2.51940e+11
5.99000e-06 2.48612e+11
6.01000e-06 2.45354e+11
6.03000e-06 2.42134e+11
6.05000e-06 2.38971e+11
6.07000e-06 2.35865e+11
6.09000e-06 2.32805e+11
6.11000e-06 2.29800e+11
6.13000e-06 2.26839e+11
6.15000e-06 2.23922e+11
6.17000e-06 2.21057e+11
6.19000e-06 2.18235e+11
6.21000e-06 2.15454e+11
6.23000e-06 2.12724e+11
6.25000e-06 2.10034e+11
6.27000e-06 2.07383e+11
6.29000e-06 2.04781e+11
6.31000e-06 2.02207e+11
6.33000e-06 1.99681e+11
6.35000e-06 1.97201e+11
6.37000e-06 1.94749e+11
6.39000e-06 1.92341e+11
6.42000e-06 1.88793e+11
6.46000e-06 1.84196e+11
6.50000e-06 1.79734e+11
6.54000e-06 1.75402e+11
6.58000e-06 1.71205e+11
6.62000e-06 1.67130e+11
6.66000e-06 1.63176e+11
6.70000e-06 1.59336e+11
6.74000e-06 1.55610e+11
6.78000e-06 1.51992e+11
6.82000e-06 1.48481e+11
6.86000e-06 1.45066e+11
6.90000e-06 1.41751e+11
6.94000e-06 1.38534e+11
6.98000e-06 1.35404e+11
7.02000e-06 1.32359e+11
7.06000e-06 1.29397e+11
7.10000e-06 1.26523e+11
7.14000e-06 1.23728e+11
7.18000e-06 1.21008e+11
7.22000e-06 1.18363e+11
7.26000e-06 1.15790e+11
7.30000e-06 1.13288e+11
7.34000e-06 1.10847e+11
7.38000e-06 1.08472e+11
7.42000e-06 1.05944e+11
7.46000e-06 1.01048e+11
7.50000e-06 9.87335e+10
7.54000e-06 9.93785e+10
7.58000e-06 9.75259e+10
7.62000e-06 9.55055e+10
7.66000e-06 9.35348e+10
7.70000e-06 9.16188e+10
7.74000e-06 8.97435e+10
7.78000e-06 8.79268e+10
7.82000e-06 8.61487e+10
7.86000e-06 8.44143e+10
7.90000e-06 8.27225e+10
7.94000e-06 8.10785e+10
7.98000e-06 7.94750e+10
8.02000e-06 7.79052e+10
8.06000e-06 7.63742e+10
8.10000e-06 7.48867e+10
8.14000e-06 7.34305e+10
8.18000e-06 7.20103e+10
8.22000e-06 7.06254e+10
8.26000e-06 6.92694e+10
8.30000e-06 6.79526e+10
8.34000e-06 6.66632e+10
8.38000e-06 6.54006e+10
8.42000e-06 6.41750e+10
8.46000e-06 6.29748e+10
8.50000e-06 6.17994e+10
8.54000e-06 6.06537e+10
8.58000e-06 5.95368e+10
8.62000e-06 5.84430e+10
8.66000e-06 5.73719e+10
8.70000e-06 5.63279e+10
8.74000e-06 5.53055e+10
8.78000e-06 5.43092e+10
8.82000e-06 5.33334e+10
8.86000e-06 5.23778e+10
8.90000e-06 5.14467e+10
8.94000e-06 5.05348e+10
8.98000e-06 4.96418e+10
9.02000e-06 4.87719e+10
9.06000e-06 4.79154e+10
9.10000e-06 4.70811e+10
9.14000e-06 4.62640e+10
9.18000e-06 4.54683e+10
9.22000e-06 4.46847e+10
9.26000e-06 4.39194e+10
9.30000e-06 4.31705e+10
9.34000e-06 4.24370e+10
9.38000e-06 4.17196e+10
9.42000e-06 4.10171e+10
9.46000e-06 4.03291e+10
9.50000e-06 3.96554e+10
9.54000e-06 3.89957e+10
9.58000e-06 3.83498e+10
9.62000e-06 3.77172e+10
9.66000e-06 3.70975e+10
9.70000e-06 3.64903e+10
9.74000e-06 3.58957e+10
9.78000e-06 3.53132e+10
9.82000e-06 3.47425e+10
9.86000e-06 3.41829e+10
9.90000e-06 3.36348e+10
9.94000e-06 3.30973e+10
9.98000e-06 3.25708e+10
1.00200e-05 3.20546e+10
2.00000e-05 2.00807e+09
4.00000e-05 1.23565e+08
6.00000e-05 2.41568e+07
8.00000e-05 7.58759e+06
1.00000e-04 3.09032e+06
1.20000e-04 1.48324e+06
1.40000e-04 7.97208e+05
1.60000e-04 4.65468e+05
