9.09000e-09 0.00000e+00
9.35000e-09 0.00000e+00
9.61000e-09 0.00000e+00
9.77000e-09 0.00000e+00
9.96000e-09 0.00000e+00
1.02000e-08 0.00000e+00
1.03800e-08 0.00000e+00
1.05600e-08 0.00000e+00
1.07700e-08 0.00000e+00
1.10400e-08 0.00000e+00
1.14000e-08 0.00000e+00
1.17800e-08 0.00000e+00
1.21300e-08 0.00000e+00
1.24800e-08 0.00000e+00
1.27100e-08 0.00000e+00
1.28400e-08 0.00000e+00
1.30500e-08 0.00000e+00
1.32400e-08 0.00000e+00
1.33900e-08 0.00000e+00
1.36600e-08 0.00000e+00
1.39800e-08 0.00000e+00
1.43300e-08 0.00000e+00
1.47200e-08 0.00000e+00
1.51000e-08 0.00000e+00
1.55200e-08 0.00000e+00
1.58800e-08 0.00000e+00
1.62000e-08 0.00000e+00
1.66000e-08 0.00000e+00
1.70300e-08 0.00000e+00
1.73400e-08 0.00000e+00
1.76800e-08 0.00000e+00
1.80200e-08 0.00000e+00
1.81700e-08 0.00000e+00
1.86100e-08 0.00000e+00
1.91000e-08 0.00000e+00
1.93900e-08 0.00000e+00
1.98400e-08 0.00000e+00
2.01800e-08 0.00000e+00
2.05000e-08 0.00000e+00
2.10500e-08 0.00000e+00
2.16200e-08 0.00000e+00
2.19800e-08 0.00000e+00
2.23000e-08 0.00000e+00
2.26800e-08 0.00000e+00
2.30000e-08 0.00000e+00
2.34000e-08 0.00000e+00
2.40000e-08 0.00000e+00
2.46500e-08 0.00000e+00
2.52400e-08 0.00000e+00
2.56800e-08 0.00000e+00
2.60000e-08 0.00000e+00
2.64000e-08 0.00000e+00
2.68500e-08 0.00000e+00
2.73500e-08 0.00000e+00
2.78500e-08 0.00000e+00
2.84000e-08 0.00000e+00
2.90000e-08 0.00000e+00
2.96000e-08 0.00000e+00
3.01000e-08 0.00000e+00
3.08000e-08 0.00000e+00
3.18000e-08 0.00000e+00
3.28000e-08 0.00000e+00
3.38000e-08 0.00000e+00
3.48000e-08 0.00000e+00
3.57000e-08 0.00000e+00
3.66000e-08 0.00000e+00
3.75000e-08 0.00000e+00
3.85000e-08 0.00000e+00
3.95000e-08 0.00000e+00
4.05000e-08 0.00000e+00
4.14000e-08 0.00000e+00
4.22000e-08 0.00000e+00
4.30000e-08 0.00000e+00
4.41000e-08 0.00000e+00
4.51000e-08 0.00000e+00
4.60000e-08 0.00000e+00
4.70000e-08 0.00000e+00
4.80000e-08 0.00000e+00
4.90000e-08 0.00000e+00
5.00000e-08 0.00000e+00
5.06000e-08 0.00000e+00
5.12000e-08 0.00000e+00
5.20000e-08 0.00000e+00
5.30000e-08 0.00000e+00
5.40000e-08 0.00000e+00
5.50000e-08 0.00000e+00
5.60000e-08 0.00000e+00
5.70000e-08 0.00000e+00
5.80000e-08 0.00000e+00
5.90000e-08 0.00000e+00
6.00000e-08 0.00000e+00
6.10000e-08 0.00000e+00
6.20000e-08 0.00000e+00
6.30000e-08 0.00000e+00
6.40000e-08 0.00000e+00
6.50000e-08 0.00000e+00
6.58000e-08 0.00000e+00
6.65000e-08 0.00000e+00
6.75000e-08 0.00000e+00
6.85000e-08 0.00000e+00
6.95000e-08 0.00000e+00
7.05000e-08 0.00000e+00
7.16000e-08 0.00000e+00
7.26000e-08 0.00000e+00
7.35000e-08 0.00000e+00
7.45000e-08 0.00000e+00
7.55000e-08 0.00000e+00
7.65000e-08 0.00000e+00
7.75000e-08 0.00000e+00
7.85000e-08 0.00000e+00
7.95000e-08 0.00000e+00
8.05000e-08 0.00000e+00
8.15000e-08 0.00000e+00
8.25000e-08 0.00000e+00
8.35000e-08 0.00000e+00
8.45000e-08 0.00000e+00
8.55000e-08 0.00000e+00
8.65000e-08 0.00000e+00
8.75000e-08 0.00000e+00
8.85000e-08 0.00000e+00
8.95000e-08 0.00000e+00
9.05000e-08 0.00000e+00
9.15000e-08 0.00000e+00
9.25000e-08 1.08045e-07
9.35000e-08 1.42302e-07
9.45000e-08 2.78633e-07
9.55000e-08 3.87894e-07
9.65000e-08 9.12754e-07
9.75000e-08 1.47561e-06
9.85000e-08 2.51776e-06
9.95000e-08 5.28323e-06
1.00500e-07 7.14987e-06
1.01500e-07 1.16315e-05
1.02500e-07 1.95055e-05
1.03500e-07 3.92231e-05
1.04500e-07 6.34079e-05
1.05500e-07 9.49725e-05
1.06500e-07 1.65018e-04
1.07500e-07 2.57068e-04
1.08500e-07 4.95864e-04
1.09500e-07 7.81440e-04
1.10500e-07 1.17068e-03
1.11500e-07 1.87198e-03
1.12500e-07 3.34127e-03
1.13500e-07 6.47670e-03
1.14500e-07 1.08290e-02
1.15500e-07 1.72208e-02
1.16500e-07 2.52590e-02
1.17500e-07 4.51572e-02
1.18500e-07 6.05892e-02
1.19500e-07 8.07081e-02
1.20500e-07 9.05902e-02
1.21500e-07 6.22812e-02
1.22500e-07 1.73324e-01
1.23500e-07 3.85394e-01
1.24500e-07 5.85478e-01
1.25500e-07 8.92323e-01
1.26500e-07 1.19223e+00
1.27500e-07 1.68486e+00
1.28500e-07 1.94976e+00
1.29500e-07 2.62270e+00
1.30500e-07 3.71770e+00
1.31500e-07 4.83673e+00
1.32500e-07 6.21502e+00
1.33500e-07 7.35588e+00
1.34500e-07 1.04690e+01
1.35500e-07 1.42019e+01
1.36500e-07 1.70736e+01
1.37500e-07 1.91270e+01
1.38500e-07 2.38326e+01
1.39500e-07 2.88623e+01
1.40500e-07 3.99799e+01
1.41500e-07 5.13271e+01
1.42500e-07 5.76925e+01
1.43500e-07 8.15819e+01
1.44200e-07 1.08035e+02
1.44700e-07 9.26726e+01
1.45500e-07 1.17609e+02
1.46500e-07 1.69270e+02
1.47500e-07 2.05108e+02
1.48500e-07 2.14518e+02
1.49500e-07 3.29193e+02
1.50500e-07 4.44620e+02
1.51200e-07 3.20102e+02
1.51700e-07 4.51463e+02
1.52500e-07 5.94945e+02
1.53500e-07 7.59864e+02
1.54500e-07 7.13318e+02
1.55500e-07 9.78632e+02
1.56500e-07 1.09526e+03
1.57500e-07 1.60617e+03
1.58500e-07 1.86864e+03
1.59500e-07 2.07703e+03
1.60500e-07 2.36142e+03
1.61500e-07 2.82625e+03
1.62500e-07 3.16279e+03
1.63500e-07 4.04264e+03
1.64500e-07 5.00604e+03
1.65500e-07 5.54651e+03
1.66500e-07 7.12196e+03
1.67200e-07 7.25166e+03
1.67700e-07 8.59721e+03
1.68500e-07 1.06633e+04
1.69500e-07 1.36569e+04
1.70500e-07 1.52712e+04
1.71500e-07 1.78885e+04
1.72500e-07 2.22876e+04
1.73500e-07 2.60713e+04
1.74500e-07 3.31013e+04
1.75500e-07 3.64961e+04
1.76500e-07 4.28329e+04
1.77500e-07 4.72039e+04
1.78500e-07 6.67402e+04
1.79500e-07 6.80694e+04
1.80500e-07 9.31597e+04
1.81500e-07 8.82466e+04
1.82500e-07 1.18043e+05
1.83500e-07 1.21022e+05
1.84500e-07 1.57708e+05
1.85500e-07 1.53264e+05
1.86500e-07 2.04957e+05
1.87500e-07 2.16064e+05
1.88500e-07 2.57609e+05
1.89500e-07 3.10793e+05
1.90500e-07 3.45626e+05
1.91500e-07 4.36999e+05
1.92500e-07 4.29949e+05
1.93500e-07 3.82976e+05
1.94500e-07 5.74742e+05
1.95500e-07 7.26616e+05
1.96700e-07 8.25526e+05
1.97600e-07 9.34885e+05
1.98400e-07 1.11289e+06
1.99500e-07 1.12148e+06
2.00500e-07 1.28650e+06
2.01500e-07 1.47019e+06
2.02500e-07 1.51358e+06
2.03500e-07 1.81287e+06
2.04500e-07 1.96409e+06
2.05500e-07 2.25127e+06
2.06500e-07 2.35294e+06
2.07400e-07 2.39133e+06
2.07800e-07 3.55313e+06
2.08500e-07 4.55390e+06
2.09500e-07 4.99952e+06
2.10500e-07 4.88080e+06
2.11500e-07 5.31994e+06
2.12500e-07 6.09343e+06
2.13500e-07 7.32481e+06
2.14500e-07 6.51566e+06
2.15500e-07 7.69778e+06
2.16500e-07 7.87503e+06
2.17500e-07 8.69153e+06
2.18500e-07 8.64924e+06
2.19500e-07 1.21901e+07
2.20500e-07 1.14452e+07
2.21500e-07 1.32717e+07
2.22500e-07 1.28011e+07
2.23500e-07 1.78522e+07
2.24500e-07 2.00713e+07
2.25500e-07 2.35320e+07
2.26500e-07 1.73509e+07
2.27500e-07 2.60775e+07
2.28500e-07 2.66622e+07
2.29500e-07 3.85448e+07
2.30500e-07 2.22761e+07
2.31500e-07 4.80998e+07
2.32500e-07 4.29221e+07
2.33500e-07 5.97285e+07
2.34500e-07 4.41086e+07
2.35500e-07 4.28001e+07
2.36500e-07 5.20962e+07
2.37500e-07 5.32580e+07
2.38500e-07 7.73168e+07
2.39500e-07 7.50108e+07
2.40500e-07 1.17969e+08
2.41500e-07 8.61628e+07
2.42500e-07 1.02180e+08
2.43500e-07 1.40393e+08
2.44500e-07 1.78716e+08
2.45500e-07 2.03716e+08
2.46500e-07 1.51418e+08
2.47500e-07 2.31169e+08
2.48500e-07 1.26192e+08
2.49500e-07 1.43320e+08
2.50500e-07 2.27916e+08
2.51300e-07 1.87907e+08
2.51800e-07 2.08790e+08
2.52500e-07 2.35654e+08
2.53500e-07 4.13615e+08
2.54500e-07 4.93459e+08
2.55500e-07 5.35442e+08
2.56500e-07 3.50836e+08
2.57500e-07 4.95999e+08
2.58500e-07 4.15946e+08
2.59500e-07 4.72539e+08
2.60500e-07 6.12226e+08
2.61500e-07 5.75104e+08
2.62500e-07 8.19219e+08
2.63500e-07 1.14876e+09
2.64500e-07 9.67024e+08
2.65500e-07 1.25423e+09
2.66500e-07 1.15885e+09
2.67500e-07 1.06149e+09
2.68500e-07 1.35047e+09
2.69500e-07 1.07002e+09
2.70500e-07 1.62446e+09
2.71500e-07 1.60296e+09
2.72500e-07 1.47422e+09
2.73500e-07 1.52259e+09
2.74500e-07 2.08908e+09
2.75500e-07 1.99319e+09
2.76500e-07 2.62836e+09
2.77500e-07 3.37288e+09
2.78500e-07 2.41424e+09
2.79500e-07 3.34996e+09
2.80500e-07 3.24903e+09
2.81500e-07 3.05455e+09
2.82500e-07 3.23599e+09
2.83500e-07 2.94804e+09
2.84500e-07 2.50808e+09
2.85500e-07 1.65297e+09
2.86500e-07 3.59660e+09
2.87500e-07 3.76150e+09
2.88500e-07 5.48311e+09
2.89500e-07 6.42701e+09
2.91000e-07 8.45809e+09
2.93000e-07 9.04295e+09
2.95000e-07 8.43331e+09
2.97000e-07 8.18259e+09
2.99000e-07 9.73504e+09
3.01000e-07 1.05941e+10
3.03000e-07 1.24190e+10
3.05000e-07 1.48846e+10
3.07000e-07 1.50790e+10
3.09000e-07 1.45830e+10
3.11000e-07 2.16485e+10
3.13000e-07 2.21884e+10
3.15000e-07 2.98784e+10
3.17000e-07 4.35856e+10
3.19000e-07 3.77726e+10
3.21000e-07 4.79610e+10
3.23000e-07 5.23665e+10
3.25000e-07 7.71865e+10
3.27000e-07 9.90578e+10
3.29000e-07 1.29074e+11
3.31000e-07 1.14686e+11
3.33000e-07 1.39812e+11
3.35000e-07 1.34411e+11
3.37000e-07 9.91675e+10
3.39000e-07 1.33553e+11
3.41000e-07 1.45679e+11
3.43000e-07 1.50543e+11
3.45000e-07 1.24266e+11
3.47000e-07 1.21512e+11
3.49000e-07 1.59911e+11
3.51000e-07 2.17740e+11
3.53000e-07 2.18222e+11
3.55000e-07 3.18603e+11
3.57000e-07 1.51592e+11
3.59000e-07 1.29738e+11
3.61000e-07 2.04769e+11
3.63000e-07 2.70875e+11
3.64000e-07 3.07421e+11
3.65000e-07 3.37184e+11
3.67000e-07 4.59861e+11
3.69000e-07 3.45629e+11
3.71000e-07 2.60997e+11
3.73000e-07 1.31866e+11
3.75000e-07 1.71216e+11
3.77000e-07 3.95394e+11
3.79000e-07 4.39280e+11
3.81000e-07 4.14074e+11
3.83000e-07 1.95218e+11
3.85000e-07 3.25631e+11
3.87000e-07 2.93699e+11
3.89000e-07 3.13915e+11
3.91000e-07 4.69086e+11
3.93000e-07 2.20986e+11
3.95000e-07 4.42829e+11
3.97000e-07 3.32752e+11
3.99000e-07 8.23856e+11
4.01000e-07 1.03176e+12
4.03000e-07 7.78494e+11
4.05000e-07 9.24250e+11
4.07000e-07 8.36544e+11
4.09000e-07 1.20383e+12
4.11000e-07 9.42267e+11
4.13000e-07 1.03933e+12
4.15000e-07 1.00193e+12
4.17000e-07 1.05160e+12
4.19000e-07 9.88622e+11
4.21000e-07 6.15085e+11
4.23000e-07 2.77270e+11
4.25000e-07 6.21686e+11
4.27000e-07 8.32539e+11
4.29000e-07 8.59041e+11
4.31000e-07 9.55206e+11
4.33000e-07 1.36865e+12
4.35000e-07 1.52237e+12
4.37000e-07 1.61271e+12
4.39000e-07 1.35993e+12
4.41000e-07 1.37267e+12
4.43000e-07 1.31902e+12
4.45000e-07 1.46334e+12
4.47000e-07 1.64888e+12
4.49000e-07 1.76653e+12
4.51000e-07 1.97255e+12
4.53000e-07 1.63586e+12
4.55000e-07 1.82628e+12
4.57000e-07 2.06396e+12
4.59000e-07 1.75184e+12
4.61000e-07 1.92122e+12
4.63000e-07 1.78639e+12
4.65000e-07 1.74997e+12
4.67000e-07 1.86889e+12
4.69000e-07 1.85367e+12
4.71000e-07 1.81198e+12
4.73000e-07 1.74213e+12
4.75000e-07 1.69493e+12
4.77000e-07 1.21545e+12
4.79000e-07 1.39264e+12
4.81000e-07 1.48415e+12
4.83000e-07 1.63344e+12
4.85000e-07 1.80706e+12
4.87000e-07 1.94617e+12
4.89000e-07 2.10421e+12
4.91000e-07 2.18743e+12
4.93000e-07 2.17328e+12
4.95000e-07 1.75815e+12
4.97000e-07 1.37837e+12
4.99000e-07 1.43797e+12
5.01000e-07 1.28227e+12
5.03000e-07 1.45393e+12
5.05000e-07 1.44469e+12
5.07000e-07 1.43376e+12
5.09000e-07 1.45483e+12
5.11000e-07 1.50680e+12
5.13000e-07 1.46931e+12
5.15000e-07 1.38346e+12
5.17000e-07 1.14137e+12
5.19000e-07 1.32086e+12
5.21000e-07 1.54653e+12
5.23000e-07 2.38258e+12
5.25000e-07 2.61309e+12
5.27000e-07 2.22176e+12
5.29000e-07 2.92940e+12
5.31000e-07 3.06263e+12
5.33000e-07 2.74529e+12
5.35000e-07 2.95619e+12
5.37000e-07 2.91540e+12
5.39000e-07 3.01505e+12
5.41000e-07 3.03862e+12
5.43000e-07 3.00529e+12
5.45000e-07 2.24383e+12
5.47000e-07 2.41455e+12
5.49000e-07 2.57261e+12
5.51000e-07 2.47120e+12
5.53000e-07 2.91754e+12
5.55000e-07 3.07438e+12
5.57000e-07 3.23315e+12
5.59000e-07 3.10541e+12
5.61000e-07 2.57936e+12
5.63000e-07 2.93213e+12
5.65000e-07 3.27383e+12
5.67000e-07 3.27995e+12
5.69000e-07 3.58251e+12
5.71000e-07 3.60310e+12
5.73000e-07 3.99737e+12
5.75000e-07 3.96449e+12
5.77000e-07 3.62542e+12
5.79000e-07 3.82921e+12
5.81000e-07 3.63393e+12
5.83000e-07 3.81941e+12
5.85000e-07 3.74083e+12
5.87000e-07 3.48075e+12
5.89000e-07 3.13898e+12
5.91000e-07 3.40758e+12
5.93000e-07 3.43917e+12
5.95000e-07 3.47312e+12
5.97000e-07 3.61637e+12
5.99000e-07 3.76645e+12
6.01000e-07 3.86732e+12
6.03000e-07 4.09492e+12
6.05000e-07 4.24277e+12
6.07000e-07 4.36199e+12
6.09000e-07 4.38641e+12
6.11000e-07 4.35441e+12
6.13000e-07 4.22568e+12
6.15000e-07 4.28062e+12
6.17000e-07 3.10755e+12
6.19000e-07 3.35562e+12
6.21000e-07 3.09011e+12
6.23000e-07 2.89074e+12
6.25000e-07 3.02252e+12
6.27000e-07 3.24121e+12
6.29000e-07 3.53182e+12
6.31000e-07 3.74591e+12
6.33000e-07 3.74484e+12
6.35000e-07 3.79865e+12
6.37000e-07 3.88068e+12
6.39000e-07 3.85707e+12
6.41000e-07 3.74511e+12
6.43000e-07 3.78800e+12
6.45000e-07 3.68658e+12
6.47000e-07 3.68083e+12
6.49000e-07 3.64878e+12
6.51000e-07 3.91032e+12
6.53000e-07 3.97158e+12
6.55000e-07 3.90908e+12
6.56125e-07 3.90259e+12
6.59000e-07 3.96951e+12
6.61000e-07 3.94423e+12
6.63000e-07 3.89218e+12
6.65000e-07 3.99310e+12
6.67000e-07 3.60371e+12
6.69000e-07 3.08456e+12
6.71000e-07 2.73243e+12
6.73000e-07 2.63054e+12
6.75000e-07 2.60117e+12
6.77000e-07 2.56330e+12
6.79000e-07 2.51872e+12
6.81000e-07 2.67048e+12
6.83000e-07 2.81436e+12
6.85000e-07 2.87768e+12
6.87000e-07 2.99193e+12
6.89000e-07 3.20560e+12
6.91000e-07 3.45414e+12
6.93000e-07 3.49958e+12
6.95000e-07 3.79534e+12
6.97000e-07 4.03679e+12
6.99000e-07 4.20232e+12
7.01000e-07 4.52221e+12
7.03000e-07 4.63960e+12
7.05000e-07 4.81456e+12
7.07000e-07 4.56366e+12
7.09000e-07 3.26352e+12
7.11000e-07 2.52485e+12
7.13000e-07 2.42800e+12
7.15000e-07 2.32755e+12
7.17000e-07 2.42619e+12
7.19000e-07 2.45666e+12
7.21000e-07 2.49820e+12
7.23000e-07 2.79098e+12
7.25000e-07 3.06638e+12
7.27000e-07 3.37378e+12
7.29000e-07 3.60553e+12
7.31000e-07 4.04007e+12
7.33000e-07 4.25455e+12
7.35000e-07 4.54127e+12
7.37000e-07 4.81302e+12
7.39000e-07 5.03948e+12
7.41000e-07 5.27798e+12
7.43000e-07 5.41536e+12
7.45000e-07 5.45155e+12
7.47000e-07 5.69124e+12
7.49000e-07 5.74919e+12
7.51000e-07 5.85421e+12
7.53000e-07 5.97132e+12
7.55000e-07 5.98222e+12
7.57000e-07 5.99693e+12
7.59000e-07 6.02082e+12
7.61000e-07 5.75672e+12
7.63000e-07 4.91834e+12
7.65000e-07 4.36054e+12
7.67000e-07 4.03614e+12
7.69000e-07 3.77532e+12
7.71000e-07 3.74252e+12
7.73000e-07 3.68232e+12
7.75000e-07 3.75366e+12
7.77000e-07 3.62747e+12
7.79000e-07 3.92026e+12
7.81000e-07 3.89651e+12
7.83000e-07 3.80627e+12
7.85000e-07 3.64182e+12
7.87000e-07 3.97126e+12
7.89000e-07 3.88579e+12
7.91000e-07 3.90338e+12
7.93000e-07 4.07626e+12
7.95000e-07 4.23513e+12
7.97000e-07 4.31638e+12
7.99000e-07 4.57416e+12
8.01000e-07 4.85950e+12
8.03000e-07 4.82410e+12
8.05000e-07 5.02584e+12
8.07000e-07 5.23970e+12
8.09000e-07 5.33672e+12
8.11000e-07 5.57087e+12
8.13000e-07 5.77262e+12
8.15000e-07 5.89746e+12
8.17000e-07 5.98715e+12
8.19000e-07 5.73272e+12
8.21000e-07 6.14413e+12
8.23000e-07 6.21665e+12
8.25000e-07 6.12400e+12
8.27000e-07 6.16547e+12
8.29000e-07 6.13795e+12
8.31000e-07 5.97314e+12
8.33000e-07 5.73493e+12
8.35000e-07 5.84149e+12
8.37000e-07 5.80339e+12
8.39000e-07 5.54669e+12
8.41000e-07 5.57627e+12
8.43000e-07 4.66306e+12
8.45000e-07 3.77941e+12
8.47000e-07 3.98172e+12
8.49000e-07 4.01080e+12
8.51000e-07 3.93033e+12
8.53000e-07 4.14435e+12
8.55000e-07 4.28144e+12
8.57000e-07 4.43270e+12
8.59000e-07 4.62463e+12
8.61000e-07 4.86270e+12
8.63000e-07 5.05936e+12
8.65000e-07 5.20970e+12
8.67000e-07 5.05589e+12
8.69000e-07 5.36789e+12
8.71000e-07 5.61887e+12
8.73000e-07 5.75776e+12
8.75000e-07 5.77821e+12
8.77000e-07 5.87728e+12
8.79000e-07 6.01537e+12
8.81000e-07 6.00314e+12
8.83000e-07 6.02429e+12
8.85000e-07 6.13322e+12
8.87000e-07 6.08979e+12
8.89000e-07 6.17301e+12
8.91000e-07 6.22932e+12
8.93000e-07 6.21373e+12
8.95000e-07 6.22174e+12
8.97000e-07 6.26519e+12
8.99000e-07 6.34269e+12
9.01000e-07 6.21665e+12
9.03000e-07 6.33005e+12
9.05000e-07 6.39640e+12
9.07000e-07 6.43050e+12
9.09000e-07 6.30695e+12
9.11000e-07 6.33376e+12
9.13000e-07 6.41632e+12
9.15000e-07 6.39550e+12
9.17000e-07 6.42856e+12
9.19000e-07 6.40908e+12
9.21000e-07 5.98067e+12
9.23000e-07 5.69299e+12
9.25000e-07 5.72564e+12
9.27000e-07 5.61547e+12
9.29000e-07 5.38703e+12
9.31000e-07 5.48605e+12
9.33000e-07 5.53656e+12
9.35000e-07 5.41163e+12
9.37000e-07 5.40915e+12
9.39000e-07 5.59378e+12
9.41000e-07 5.57599e+12
9.43000e-07 5.56337e+12
9.45000e-07 5.60777e+12
9.47000e-07 5.75592e+12
9.49000e-07 5.77561e+12
9.51000e-07 5.81507e+12
9.53000e-07 5.86162e+12
9.55000e-07 5.83090e+12
9.57000e-07 5.90487e+12
9.59000e-07 6.02036e+12
9.61000e-07 5.96310e+12
9.63000e-07 6.08094e+12
9.65000e-07 5.91296e+12
9.67000e-07 5.97111e+12
9.69000e-07 6.12423e+12
9.71000e-07 6.07585e+12
9.73000e-07 6.02623e+12
9.75000e-07 6.09228e+12
9.77000e-07 6.15301e+12
9.79000e-07 6.02766e+12
9.81000e-07 6.23486e+12
9.83000e-07 6.18183e+12
9.85000e-07 6.25810e+12
9.87000e-07 6.26215e+12
9.89000e-07 6.26998e+12
9.91000e-07 6.25160e+12
9.93000e-07 6.24669e+12
9.95000e-07 6.25966e+12
9.97000e-07 6.25428e+12
9.99000e-07 6.27493e+12
1.00250e-06 6.22295e+12
1.00750e-06 6.20587e+12
1.01250e-06 6.19324e+12
1.01750e-06 6.12670e+12
1.02250e-06 6.04999e+12
1.02750e-06 6.01980e+12
1.03250e-06 5.93054e+12
1.03750e-06 5.91482e+12
1.04250e-06 5.94418e+12
1.04750e-06 5.91195e+12
1.05250e-06 5.93277e+12
1.05750e-06 5.90746e+12
1.06250e-06 5.92841e+12
1.06750e-06 5.87598e+12
1.07250e-06 5.87438e+12
1.07750e-06 5.88001e+12
1.08250e-06 5.82389e+12
1.08750e-06 5.85870e+12
1.09250e-06 5.85506e+12
1.09750e-06 5.84281e+12
1.10250e-06 5.80543e+12
1.10750e-06 5.78507e+12
1.11250e-06 5.76546e+12
1.11750e-06 5.72997e+12
1.12250e-06 5.72807e+12
1.12750e-06 5.65812e+12
1.13250e-06 5.65761e+12
1.13750e-06 5.56023e+12
1.14250e-06 5.49436e+12
1.14750e-06 5.59764e+12
1.15250e-06 5.59342e+12
1.15750e-06 5.54577e+12
1.16250e-06 5.45663e+12
1.16750e-06 5.45172e+12
1.17250e-06 5.49384e+12
1.17750e-06 5.37175e+12
1.18250e-06 5.40563e+12
1.18750e-06 5.33268e+12
1.19250e-06 5.40250e+12
1.19750e-06 5.27893e+12
1.20250e-06 5.35575e+12
1.20750e-06 5.31304e+12
1.21250e-06 5.31210e+12
1.21750e-06 5.29271e+12
1.22250e-06 5.26992e+12
1.22750e-06 5.24308e+12
1.23250e-06 5.21005e+12
1.23750e-06 5.19730e+12
1.24250e-06 5.14555e+12
1.24750e-06 5.14288e+12
1.25250e-06 5.08653e+12
1.25750e-06 5.08976e+12
1.26250e-06 5.06371e+12
1.26750e-06 5.02196e+12
1.27250e-06 5.01980e+12
1.27750e-06 5.00990e+12
1.28250e-06 4.89395e+12
1.28750e-06 4.93533e+12
1.29250e-06 4.88662e+12
1.29750e-06 4.91974e+12
1.30250e-06 4.88227e+12
1.30750e-06 4.87739e+12
1.31250e-06 4.76813e+12
1.31750e-06 4.78410e+12
1.32250e-06 4.81240e+12
1.32750e-06 4.76702e+12
1.33250e-06 4.74362e+12
1.33750e-06 4.75223e+12
1.34250e-06 4.73592e+12
1.34750e-06 4.71972e+12
1.35250e-06 4.69663e+12
1.35750e-06 4.67436e+12
1.36250e-06 4.61759e+12
1.36750e-06 4.64009e+12
1.37250e-06 4.63034e+12
1.37750e-06 4.60712e+12
1.38250e-06 4.59593e+12
1.38750e-06 4.54329e+12
1.39250e-06 4.56124e+12
1.39750e-06 4.54564e+12
1.40250e-06 4.50581e+12
1.40750e-06 4.51322e+12
1.41250e-06 4.48963e+12
1.41750e-06 4.48033e+12
1.42250e-06 4.45801e+12
1.42750e-06 4.36472e+12
1.43250e-06 4.42775e+12
1.43750e-06 4.41104e+12
1.44250e-06 4.37834e+12
1.44750e-06 4.38788e+12
1.45250e-06 4.36468e+12
1.45700e-06 4.34877e+12
1.46200e-06 4.34851e+12
1.46750e-06 4.33714e+12
1.47250e-06 4.30861e+12
1.47750e-06 4.28346e+12
1.48250e-06 4.29798e+12
1.48750e-06 4.24837e+12
1.49250e-06 4.28388e+12
1.49750e-06 4.26322e+12
1.50250e-06 4.16413e+12
1.50750e-06 4.19773e+12
1.51250e-06 4.23095e+12
1.51750e-06 4.18823e+12
1.52250e-06 4.22057e+12
1.52750e-06 4.21026e+12
1.53250e-06 4.19503e+12
1.53750e-06 4.20635e+12
1.54250e-06 4.20114e+12
1.54750e-06 4.20015e+12
1.55250e-06 4.17360e+12
1.55750e-06 4.16533e+12
1.56250e-06 4.16078e+12
1.56750e-06 4.15973e+12
1.57250e-06 4.13317e+12
1.57750e-06 4.07976e+12
1.58250e-06 4.12006e+12
1.58750e-06 4.12106e+12
1.59250e-06 4.13458e+12
1.59750e-06 4.10786e+12
1.60500e-06 4.13712e+12
1.61500e-06 4.07868e+12
1.62500e-06 4.07144e+12
1.63500e-06 4.06392e+12
1.64500e-06 4.01076e+12
1.65500e-06 3.96175e+12
1.66500e-06 3.88930e+12
1.67500e-06 3.78580e+12
1.68500e-06 3.76488e+12
1.69500e-06 3.70459e+12
1.70500e-06 3.63483e+12
1.71500e-06 3.56387e+12
1.72500e-06 3.51343e+12
1.73500e-06 3.46166e+12
1.74500e-06 3.39970e+12
1.75500e-06 3.34688e+12
1.76500e-06 3.29636e+12
1.77500e-06 3.24079e+12
1.78500e-06 3.19855e+12
1.79500e-06 3.14150e+12
1.80500e-06 3.08008e+12
1.81500e-06 3.03262e+12
1.82500e-06 2.98534e+12
1.83500e-06 2.93879e+12
1.84500e-06 2.86563e+12
1.85500e-06 2.85244e+12
1.86500e-06 2.80071e+12
1.87500e-06 2.76416e+12
1.88500e-06 2.71583e+12
1.89500e-06 2.64643e+12
1.90500e-06 2.62920e+12
1.91500e-06 2.58569e+12
1.92500e-06 2.55046e+12
1.93500e-06 2.46862e+12
1.94500e-06 2.42448e+12
1.95500e-06 2.39974e+12
1.96500e-06 2.39968e+12
1.97500e-06 2.31160e+12
1.98500e-06 2.27421e+12
1.99500e-06 2.25649e+12
2.00500e-06 2.26159e+12
2.01500e-06 2.22518e+12
2.02500e-06 2.18241e+12
2.03500e-06 2.15928e+12
2.04500e-06 2.12786e+12
2.05500e-06 2.09498e+12
2.06500e-06 2.06325e+12
2.07500e-06 2.03361e+12
2.08500e-06 2.00020e+12
2.09500e-06 1.96106e+12
2.10500e-06 1.94095e+12
2.11500e-06 1.91009e+12
2.12500e-06 1.88715e+12
2.13500e-06 1.86207e+12
2.14500e-06 1.83533e+12
2.15500e-06 1.80641e+12
2.16500e-06 1.78430e+12
2.17500e-06 1.74993e+12
2.18500e-06 1.73214e+12
2.19500e-06 1.70318e+12
2.20500e-06 1.63399e+12
2.21500e-06 1.66020e+12
2.22500e-06 1.61570e+12
2.23500e-06 1.60452e+12
2.24500e-06 1.58398e+12
2.25500e-06 1.56855e+12
2.26500e-06 1.52874e+12
2.27500e-06 1.52530e+12
2.28500e-06 1.49971e+12
2.29500e-06 1.34455e+12
2.30500e-06 1.39431e+12
2.31500e-06 1.38897e+12
2.32500e-06 1.25202e+12
2.33500e-06 1.29625e+12
2.34500e-06 1.31166e+12
2.35500e-06 1.19404e+12
2.36500e-06 1.24761e+12
2.37500e-06 1.25102e+12
2.38500e-06 1.15094e+12
2.39500e-06 1.19041e+12
2.40500e-06 1.19656e+12
2.41500e-06 1.11897e+12
2.42500e-06 1.14506e+12
2.43500e-06 1.15156e+12
2.44500e-06 1.10227e+12
2.45500e-06 1.09218e+12
2.46500e-06 1.11112e+12
2.47500e-06 1.08143e+12
2.48500e-06 1.05572e+12
2.49500e-06 1.06132e+12
2.50500e-06 1.06883e+12
2.51500e-06 1.02402e+12
2.52500e-06 1.03105e+12
2.53500e-06 1.02715e+12
2.54500e-06 1.00764e+12
2.55500e-06 9.97743e+11
2.56500e-06 9.90723e+11
2.57500e-06 9.85486e+11
2.58500e-06 9.62992e+11
2.59500e-06 9.57375e+11
2.60500e-06 9.51816e+11
2.61500e-06 9.41960e+11
2.62500e-06 9.29931e+11
2.63500e-06 9.21421e+11
2.64500e-06 9.11613e+11
2.65500e-06 9.03637e+11
2.66500e-06 8.87585e+11
2.67500e-06 8.87543e+11
2.68500e-06 8.75823e+11
2.69500e-06 8.65082e+11
2.70500e-06 8.55660e+11
2.71500e-06 8.47273e+11
2.72500e-06 8.37514e+11
2.73500e-06 8.27976e+11
2.74500e-06 8.19605e+11
2.75500e-06 8.11829e+11
2.76500e-06 8.01040e+11
2.77500e-06 7.91510e+11
2.78500e-06 7.83408e+11
2.79500e-06 7.75449e+11
2.80500e-06 7.65956e+11
2.81500e-06 7.55674e+11
2.82500e-06 7.48209e+11
2.83500e-06 7.40550e+11
2.84500e-06 7.31862e+11
2.85500e-06 7.23093e+11
2.86500e-06 7.15116e+11
2.87500e-06 7.07188e+11
2.88500e-06 6.98990e+11
2.89500e-06 6.91067e+11
2.90500e-06 6.81943e+11
2.91500e-06 6.74390e+11
2.92500e-06 6.60232e+11
2.93500e-06 6.58408e+11
2.94500e-06 6.52337e+11
2.95500e-06 6.44996e+11
2.96500e-06 6.37867e+11
2.97500e-06 6.30777e+11
2.98500e-06 6.23048e+11
2.99500e-06 6.15703e+11
3.00500e-06 6.09526e+11
3.01500e-06 6.02712e+11
3.02500e-06 5.95111e+11
3.03500e-06 5.89192e+11
3.04500e-06 5.82972e+11
3.05500e-06 5.76215e+11
3.06500e-06 5.69293e+11
3.07500e-06 5.63644e+11
3.08500e-06 5.55523e+11
3.09500e-06 5.51231e+11
3.10500e-06 5.45029e+11
3.11500e-06 5.37420e+11
3.12500e-06 5.33291e+11
3.13500e-06 5.26828e+11
3.14500e-06 5.21426e+11
3.15500e-06 5.15969e+11
3.16500e-06 5.09554e+11
3.17500e-06 5.05004e+11
3.18500e-06 4.99573e+11
3.19500e-06 4.94199e+11
3.21000e-06 4.86228e+11
3.23000e-06 4.75747e+11
3.25000e-06 4.65844e+11
3.27000e-06 4.55865e+11
3.29000e-06 4.46476e+11
3.31000e-06 4.36970e+11
3.33000e-06 4.27762e+11
3.35000e-06 4.19346e+11
3.37000e-06 4.10536e+11
3.39000e-06 4.02035e+11
3.41000e-06 3.92408e+11
3.43000e-06 3.86052e+11
3.45000e-06 3.78360e+11
3.47000e-06 3.70820e+11
3.49000e-06 3.63366e+11
3.51000e-06 3.56240e+11
3.53000e-06 3.49131e+11
3.55000e-06 3.42338e+11
3.57000e-06 3.35528e+11
3.59000e-06 3.29052e+11
3.61000e-06 3.22699e+11
3.63000e-06 3.16465e+11
3.65000e-06 3.10348e+11
3.67000e-06 3.04206e+11
3.69000e-06 2.98178e+11
3.71000e-06 2.92372e+11
3.73000e-06 2.87133e+11
3.75000e-06 2.81962e+11
3.77000e-06 2.76752e+11
3.79000e-06 2.71583e+11
3.81000e-06 2.66611e+11
3.83000e-06 2.61702e+11
3.85000e-06 2.56855e+11
3.87000e-06 2.51438e+11
3.89000e-06 2.47445e+11
3.91000e-06 2.43111e+11
3.93000e-06 2.38711e+11
3.95000e-06 2.33847e+11
3.97000e-06 2.30060e+11
3.99000e-06 2.25147e+11
4.01000e-06 2.21670e+11
4.03000e-06 2.18185e+11
4.05000e-06 2.13661e+11
4.07000e-06 2.10556e+11
4.09000e-06 2.06890e+11
4.11000e-06 2.03240e+11
4.13000e-06 1.99803e+11
4.15000e-06 1.96346e+11
4.17000e-06 1.92970e+11
4.19000e-06 1.89107e+11
4.21000e-06 1.86139e+11
4.23000e-06 1.83305e+11
4.25000e-06 1.80136e+11
4.27000e-06 1.77180e+11
4.29000e-06 1.67483e+11
4.31000e-06 1.57552e+11
4.33000e-06 1.56482e+11
4.35000e-06 1.48074e+11
4.37000e-06 1.42307e+11
4.39000e-06 1.38441e+11
4.41000e-06 1.32587e+11
4.43000e-06 1.28949e+11
4.45000e-06 1.26583e+11
4.47000e-06 1.21538e+11
4.49000e-06 1.21086e+11
4.51000e-06 1.16949e+11
4.53000e-06 1.14639e+11
4.55000e-06 1.13932e+11
4.57000e-06 1.12940e+11
4.59000e-06 1.09496e+11
4.61000e-06 1.10039e+11
4.63000e-06 1.08125e+11
4.65000e-06 1.08070e+11
4.67000e-06 1.08160e+11
4.69000e-06 1.05568e+11
4.71000e-06 1.03988e+11
4.73000e-06 1.04979e+11
4.75000e-06 1.01763e+11
4.77000e-06 1.00729e+11
4.79000e-06 1.00546e+11
4.81000e-06 9.71637e+10
4.83000e-06 9.83050e+10
4.85000e-06 9.66807e+10
4.87000e-06 9.41346e+10
4.89000e-06 9.25374e+10
4.91000e-06 9.23883e+10
4.93000e-06 9.03444e+10
4.95000e-06 8.87656e+10
4.97000e-06 8.86565e+10
4.99000e-06 8.74904e+10
5.01000e-06 8.60098e+10
5.03000e-06 8.52825e+10
5.05000e-06 8.32567e+10
5.07000e-06 8.30173e+10
5.09000e-06 8.22193e+10
5.11000e-06 8.05296e+10
5.13000e-06 8.08777e+10
5.15000e-06 7.89738e+10
5.17000e-06 7.88897e+10
5.19000e-06 7.72367e+10
5.21000e-06 7.69280e+10
5.23000e-06 7.54235e+10
5.25000e-06 7.50809e+10
5.27000e-06 7.47346e+10
5.29000e-06 7.28378e+10
5.31000e-06 7.22688e+10
5.33000e-06 7.17062e+10
5.35000e-06 7.10474e+10
5.37000e-06 7.04708e+10
5.39000e-06 6.96687e+10
5.41000e-06 6.89434e+10
5.43000e-06 6.73530e+10
5.45000e-06 6.74062e+10
5.47000e-06 6.66007e+10
5.49000e-06 6.57264e+10
5.51000e-06 6.50863e+10
5.53000e-06 6.52939e+10
5.55000e-06 6.33724e+10
5.57000e-06 6.35471e+10
5.59000e-06 6.24880e+10
5.61000e-06 6.18816e+10
5.63000e-06 6.08949e+10
5.65000e-06 6.06793e+10
5.67000e-06 6.00012e+10
5.69000e-06 5.89658e+10
5.71000e-06 5.87718e+10
5.73000e-06 5.79893e+10
5.75000e-06 5.73360e+10
5.77000e-06 5.66212e+10
5.79000e-06 5.62588e+10
5.81000e-06 5.53532e+10
5.83000e-06 5.48089e+10
5.85000e-06 5.42652e+10
5.87000e-06 5.34271e+10
5.89000e-06 5.28553e+10
5.91000e-06 5.23881e+10
5.93000e-06 5.17622e+10
5.95000e-06 5.11391e+10
5.97000e-06 5.06945e+10
5.99000e-06 5.00741e+10
6.01000e-06 4.95380e+10
6.03000e-06 4.89385e+10
6.05000e-06 4.82388e+10
6.07000e-06 4.77077e+10
6.09000e-06 4.72273e+10
6.11000e-06 4.66098e+10
6.13000e-06 4.61448e+10
6.15000e-06 4.56240e+10
6.17000e-06 4.50961e+10
6.19000e-06 4.46145e+10
6.21000e-06 4.41068e+10
6.23000e-06 4.36056e+10
6.25000e-06 4.30435e+10
6.27000e-06 4.25192e+10
6.29000e-06 4.20883e+10
6.31000e-06 4.15721e+10
6.33000e-06 4.11867e+10
6.35000e-06 4.06586e+10
6.37000e-06 4.02672e+10
6.39000e-06 3.97489e+10
6.42000e-06 3.90839e+10
6.46000e-06 3.81934e+10
6.50000e-06 3.73396e+10
6.54000e-06 3.65055e+10
6.58000e-06 3.56923e+10
6.62000e-06 3.48892e+10
6.66000e-06 3.41121e+10
6.70000e-06 3.33594e+10
6.74000e-06 3.26188e+10
6.78000e-06 3.18974e+10
6.82000e-06 3.11874e+10
6.86000e-06 3.05222e+10
6.90000e-06 2.98599e+10
6.94000e-06 2.92140e+10
6.98000e-06 2.85863e+10
7.02000e-06 2.79725e+10
7.06000e-06 2.73767e+10
7.10000e-06 2.67986e+10
7.14000e-06 2.62339e+10
7.18000e-06 2.56815e+10
7.22000e-06 2.51470e+10
7.26000e-06 2.46240e+10
7.30000e-06 2.41146e+10
7.34000e-06 2.36049e+10
7.38000e-06 2.31311e+10
7.42000e-06 2.26361e+10
7.46000e-06 2.21930e+10
7.50000e-06 2.17338e+10
7.54000e-06 2.12885e+10
7.58000e-06 2.08939e+10
7.62000e-06 2.04785e+10
7.66000e-06 2.00732e+10
7.70000e-06 1.96765e+10
7.74000e-06 1.92919e+10
7.78000e-06 1.89161e+10
7.82000e-06 1.85493e+10
7.86000e-06 1.81909e+10
7.90000e-06 1.78393e+10
7.94000e-06 1.74999e+10
7.98000e-06 1.71669e+10
8.02000e-06 1.68298e+10
8.06000e-06 1.65216e+10
8.10000e-06 1.62102e+10
8.14000e-06 1.59096e+10
8.18000e-06 1.56137e+10
8.22000e-06 1.53244e+10
8.26000e-06 1.50421e+10
8.30000e-06 1.47652e+10
8.34000e-06 1.44863e+10
8.38000e-06 1.42228e+10
8.42000e-06 1.39684e+10
8.46000e-06 1.37151e+10
8.50000e-06 1.34705e+10
8.54000e-06 1.32331e+10
8.58000e-06 1.29984e+10
8.62000e-06 1.27685e+10
8.66000e-06 1.25428e+10
8.70000e-06 1.23208e+10
8.74000e-06 1.21071e+10
8.78000e-06 1.18954e+10
8.82000e-06 1.16890e+10
8.86000e-06 1.14872e+10
8.90000e-06 1.12896e+10
8.94000e-06 1.10964e+10
8.98000e-06 1.09001e+10
9.02000e-06 1.07217e+10
9.06000e-06 1.05405e+10
9.10000e-06 1.03461e+10
9.14000e-06 1.01831e+10
9.18000e-06 1.00096e+10
9.22000e-06 9.85208e+09
9.26000e-06 9.68850e+09
9.30000e-06 9.52868e+09
9.34000e-06 9.37166e+09
9.38000e-06 9.21826e+09
9.42000e-06 9.06796e+09
9.46000e-06 8.92030e+09
9.50000e-06 8.77604e+09
9.54000e-06 8.63431e+09
9.58000e-06 8.49627e+09
9.62000e-06 8.36022e+09
9.66000e-06 8.22693e+09
9.70000e-06 8.09676e+09
9.74000e-06 7.96606e+09
9.78000e-06 7.84314e+09
9.82000e-06 7.72038e+09
9.86000e-06 7.59974e+09
9.90000e-06 7.48157e+09
9.94000e-06 7.36542e+09
9.98000e-06 7.25203e+09
1.00200e-05 7.14021e+09
2.00000e-05 4.72232e+08
4.00000e-05 2.96016e+07
6.00000e-05 5.81002e+06
8.00000e-05 1.82914e+06
1.00000e-04 7.46190e+05
1.20000e-04 3.58600e+05
1.40000e-04 1.92978e+05
1.60000e-04 1.12813e+05
