9.09000e-09 1.64451e-02
9.35000e-09 5.86152e-02
9.61000e-09 1.94207e-01
9.77000e-09 3.97242e-01
9.96000e-09 8.94644e-01
1.02000e-08 2.38907e+00
1.03800e-08 4.85002e+00
1.05600e-08 9.60968e+00
1.07700e-08 2.07279e+01
1.10400e-08 5.32201e+01
1.14000e-08 1.75141e+02
1.17800e-08 5.71468e+02
1.21300e-08 1.59173e+03
1.24800e-08 4.18914e+03
1.27100e-08 7.69580e+03
1.28400e-08 1.07513e+04
1.30500e-08 1.82047e+04
1.32400e-08 2.89096e+04
1.33900e-08 4.13581e+04
1.36600e-08 7.70862e+04
1.39800e-08 1.57967e+05
1.43300e-08 3.32996e+05
1.47200e-08 7.27786e+05
1.51000e-08 1.54752e+06
1.55200e-08 3.37598e+06
1.58800e-08 6.40342e+06
1.62000e-08 1.10892e+07
1.66000e-08 2.15530e+07
1.70300e-08 4.23077e+07
1.73400e-08 6.74874e+07
1.76800e-08 1.11754e+08
1.80200e-08 1.80778e+08
1.81700e-08 2.20767e+08
1.86100e-08 4.01856e+08
1.91000e-08 7.51922e+08
1.93900e-08 1.07717e+09
1.98400e-08 1.83826e+09
2.01800e-08 2.69343e+09
2.05000e-08 3.84897e+09
2.10500e-08 6.89300e+09
2.16200e-08 1.21597e+10
2.19800e-08 1.72621e+10
2.23000e-08 2.32020e+10
2.26800e-08 3.27190e+10
2.30000e-08 2.47275e+13
2.34000e-08 7.55030e+13
2.40000e-08 1.01985e+14
2.46500e-08 1.44536e+14
2.52400e-08 2.43203e+14
2.56800e-08 3.18700e+14
2.60000e-08 4.20355e+14
2.64000e-08 1.83863e+15
2.68500e-08 2.49484e+15
2.73500e-08 2.98827e+15
2.78500e-08 2.13257e+15
2.84000e-08 5.16407e+15
2.90000e-08 7.79397e+15
2.96000e-08 6.48451e+15
3.01000e-08 1.05912e+16
3.08000e-08 3.55158e+16
3.18000e-08 6.13876e+16
3.28000e-08 7.95769e+16
3.38000e-08 9.63260e+16
3.48000e-08 1.00093e+17
3.57000e-08 1.97607e+17
3.66000e-08 3.95725e+17
3.75000e-08 3.78083e+17
3.85000e-08 2.95894e+17
3.95000e-08 5.13189e+17
4.05000e-08 6.77437e+17
4.14000e-08 6.78878e+17
4.22000e-08 6.09867e+17
4.30000e-08 5.71269e+17
4.41000e-08 6.81958e+17
4.51000e-08 6.97892e+17
4.60000e-08 5.99261e+17
4.70000e-08 6.05361e+17
4.80000e-08 7.00990e+17
4.90000e-08 5.38861e+17
5.00000e-08 7.06957e+17
5.06000e-08 5.92605e+17
5.12000e-08 1.11799e+18
5.20000e-08 1.03825e+18
5.30000e-08 9.32720e+17
5.40000e-08 7.63228e+17
5.50000e-08 7.18403e+17
5.60000e-08 9.72904e+17
5.70000e-08 1.09847e+18
5.80000e-08 1.05240e+18
5.90000e-08 1.05757e+18
6.00000e-08 8.45854e+17
6.10000e-08 8.22925e+17
6.20000e-08 1.06374e+18
6.30000e-08 9.91990e+17
6.40000e-08 1.08227e+18
6.50000e-08 1.01704e+18
6.58000e-08 9.18933e+17
6.65000e-08 1.03625e+18
6.75000e-08 1.08606e+18
6.85000e-08 9.08778e+17
6.95000e-08 1.03443e+18
7.05000e-08 8.02312e+17
7.16000e-08 1.04071e+18
7.26000e-08 1.03754e+18
7.35000e-08 1.03537e+18
7.45000e-08 9.76808e+17
7.55000e-08 9.56523e+17
7.65000e-08 8.27651e+17
7.75000e-08 9.19959e+17
7.85000e-08 8.02828e+17
7.95000e-08 8.73002e+17
8.05000e-08 8.90166e+17
8.15000e-08 8.87115e+17
8.25000e-08 8.78692e+17
8.35000e-08 6.83948e+17
8.45000e-08 8.41494e+17
8.55000e-08 8.14246e+17
8.65000e-08 8.30471e+17
8.75000e-08 8.18584e+17
8.85000e-08 8.01777e+17
8.95000e-08 7.90639e+17
9.05000e-08 7.67099e+17
9.15000e-08 6.75098e+17
9.25000e-08 1.06134e+18
9.35000e-08 1.44629e+18
9.45000e-08 1.64339e+18
9.55000e-08 1.77860e+18
9.65000e-08 1.89125e+18
9.75000e-08 1.31939e+18
9.85000e-08 1.63187e+18
9.95000e-08 1.44748e+18
1.00500e-07 1.46974e+18
1.01500e-07 1.52557e+18
1.02500e-07 1.33957e+18
1.03500e-07 1.52169e+18
1.04500e-07 1.57906e+18
1.05500e-07 1.52760e+18
1.06500e-07 1.43206e+18
1.07500e-07 1.42881e+18
1.08500e-07 1.32778e+18
1.09500e-07 1.36868e+18
1.10500e-07 1.31905e+18
1.11500e-07 1.28892e+18
1.12500e-07 1.21610e+18
1.13500e-07 1.24466e+18
1.14500e-07 1.22761e+18
1.15500e-07 1.15121e+18
1.16500e-07 1.09495e+18
1.17500e-07 9.12148e+17
1.18500e-07 1.01768e+18
1.19500e-07 9.72860e+17
1.20500e-07 9.55561e+17
1.21500e-07 8.12807e+17
1.22500e-07 8.93810e+17
1.23500e-07 8.98907e+17
1.24500e-07 8.81268e+17
1.25500e-07 8.82253e+17
1.26500e-07 8.85051e+17
1.27500e-07 8.86819e+17
1.28500e-07 8.76629e+17
1.29500e-07 8.59840e+17
1.30500e-07 8.31294e+17
1.31500e-07 8.37893e+17
1.32500e-07 8.16753e+17
1.33500e-07 8.00314e+17
1.34500e-07 7.91186e+17
1.35500e-07 7.56672e+17
1.36500e-07 7.30199e+17
1.37500e-07 7.02161e+17
1.38500e-07 6.92097e+17
1.39500e-07 5.38160e+17
1.40500e-07 4.22891e+17
1.41500e-07 6.59524e+17
1.42500e-07 6.12509e+17
1.43500e-07 6.38981e+17
1.44200e-07 6.16106e+17
1.44700e-07 6.13655e+17
1.45500e-07 5.92013e+17
1.46500e-07 5.88909e+17
1.47500e-07 5.80189e+17
1.48500e-07 5.82651e+17
1.49500e-07 5.64482e+17
1.50500e-07 5.60981e+17
1.51200e-07 5.53591e+17
1.51700e-07 5.45184e+17
1.52500e-07 5.35591e+17
1.53500e-07 4.86185e+17
1.54500e-07 3.71029e+17
1.55500e-07 3.90889e+17
1.56500e-07 4.50989e+17
1.57500e-07 4.64674e+17
1.58500e-07 4.58454e+17
1.59500e-07 4.55908e+17
1.60500e-07 4.30077e+17
1.61500e-07 4.16708e+17
1.62500e-07 4.17872e+17
1.63500e-07 4.14707e+17
1.64500e-07 4.01230e+17
1.65500e-07 4.11800e+17
1.66500e-07 4.02479e+17
1.67200e-07 3.78525e+17
1.67700e-07 4.13980e+17
1.68500e-07 4.02654e+17
1.69500e-07 3.94875e+17
1.70500e-07 3.84879e+17
1.71500e-07 3.71501e+17
1.72500e-07 3.61307e+17
1.73500e-07 3.69481e+17
1.74500e-07 3.64380e+17
1.75500e-07 3.55151e+17
1.76500e-07 3.49518e+17
1.77500e-07 3.41047e+17
1.78500e-07 3.41008e+17
1.79500e-07 3.30578e+17
1.80500e-07 3.26601e+17
1.81500e-07 3.20805e+17
1.82500e-07 3.13747e+17
1.83500e-07 3.11937e+17
1.84500e-07 3.07259e+17
1.85500e-07 3.03648e+17
1.86500e-07 2.99610e+17
1.87500e-07 2.91129e+17
1.88500e-07 2.85546e+17
1.89500e-07 2.85908e+17
1.90500e-07 2.82562e+17
1.91500e-07 2.77502e+17
1.92500e-07 2.65344e+17
1.93500e-07 2.70205e+17
1.94500e-07 2.66528e+17
1.95500e-07 2.55312e+17
1.96700e-07 2.56023e+17
1.97600e-07 2.52336e+17
1.98400e-07 2.50496e+17
1.99500e-07 2.45100e+17
2.00500e-07 2.43243e+17
2.01500e-07 2.39238e+17
2.02500e-07 2.35430e+17
2.03500e-07 2.30856e+17
2.04500e-07 2.26100e+17
2.05500e-07 1.69398e+17
2.06500e-07 1.91589e+17
2.07400e-07 2.20610e+17
2.07800e-07 2.18496e+17
2.08500e-07 2.16546e+17
2.09500e-07 2.12810e+17
2.10500e-07 2.08531e+17
2.11500e-07 2.09192e+17
2.12500e-07 2.04182e+17
2.13500e-07 2.02596e+17
2.14500e-07 1.98755e+17
2.15500e-07 1.97458e+17
2.16500e-07 1.88718e+17
2.17500e-07 1.91526e+17
2.18500e-07 1.85610e+17
2.19500e-07 1.86754e+17
2.20500e-07 1.83638e+17
2.21500e-07 1.77115e+17
2.22500e-07 1.77817e+17
2.23500e-07 1.75400e+17
2.24500e-07 1.72279e+17
2.25500e-07 1.66887e+17
2.26500e-07 1.67465e+17
2.27500e-07 1.65567e+17
2.28500e-07 1.61566e+17
2.29500e-07 1.57265e+17
2.30500e-07 1.54116e+17
2.31500e-07 1.54208e+17
2.32500e-07 1.52982e+17
2.33500e-07 1.51052e+17
2.34500e-07 1.48198e+17
2.35500e-07 1.45352e+17
2.36500e-07 1.43075e+17
2.37500e-07 1.40143e+17
2.38500e-07 1.33466e+17
2.39500e-07 1.35546e+17
2.40500e-07 1.34193e+17
2.41500e-07 1.32742e+17
2.42500e-07 1.31938e+17
2.43500e-07 1.29579e+17
2.44500e-07 1.27992e+17
2.45500e-07 1.25664e+17
2.46500e-07 1.24404e+17
2.47500e-07 1.23229e+17
2.48500e-07 1.20354e+17
2.49500e-07 1.04522e+17
2.50500e-07 1.16675e+17
2.51300e-07 1.08972e+17
2.51800e-07 1.13257e+17
2.52500e-07 1.13829e+17
2.53500e-07 1.13238e+17
2.54500e-07 1.11867e+17
2.55500e-07 1.10116e+17
2.56500e-07 1.08749e+17
2.57500e-07 1.07208e+17
2.58500e-07 1.05884e+17
2.59500e-07 1.03212e+17
2.60500e-07 1.03087e+17
2.61500e-07 1.01050e+17
2.62500e-07 1.00396e+17
2.63500e-07 9.93260e+16
2.64500e-07 9.76555e+16
2.65500e-07 9.66701e+16
2.66500e-07 9.52511e+16
2.67500e-07 9.30030e+16
2.68500e-07 9.26198e+16
2.69500e-07 9.12750e+16
2.70500e-07 9.07352e+16
2.71500e-07 8.92657e+16
2.72500e-07 8.81957e+16
2.73500e-07 8.46359e+16
2.74500e-07 8.62352e+16
2.75500e-07 8.49651e+16
2.76500e-07 8.38342e+16
2.77500e-07 8.28789e+16
2.78500e-07 8.14396e+16
2.79500e-07 7.99658e+16
2.80500e-07 7.95977e+16
2.81500e-07 7.87337e+16
2.82500e-07 7.76344e+16
2.83500e-07 7.67736e+16
2.84500e-07 7.60394e+16
2.85500e-07 7.50454e+16
2.86500e-07 7.37881e+16
2.87500e-07 7.29430e+16
2.88500e-07 7.22345e+16
2.89500e-07 7.13408e+16
2.91000e-07 6.99621e+16
2.93000e-07 6.84837e+16
2.95000e-07 6.67790e+16
2.97000e-07 6.50328e+16
2.99000e-07 6.32344e+16
3.01000e-07 6.17731e+16
3.03000e-07 6.00289e+16
3.05000e-07 5.89324e+16
3.07000e-07 5.75554e+16
3.09000e-07 5.64537e+16
3.11000e-07 5.52587e+16
3.13000e-07 5.39164e+16
3.15000e-07 5.28770e+16
3.17000e-07 5.16233e+16
3.19000e-07 5.05227e+16
3.21000e-07 4.86337e+16
3.23000e-07 4.83800e+16
3.25000e-07 4.73869e+16
3.27000e-07 4.59036e+16
3.29000e-07 4.52079e+16
3.31000e-07 4.42059e+16
3.33000e-07 4.32519e+16
3.35000e-07 4.20622e+16
3.37000e-07 4.13621e+16
3.39000e-07 4.05739e+16
3.41000e-07 3.96944e+16
3.43000e-07 3.89350e+16
3.45000e-07 3.79183e+16
3.47000e-07 3.73574e+16
3.49000e-07 3.66211e+16
3.51000e-07 3.59328e+16
3.53000e-07 3.51308e+16
3.55000e-07 3.44311e+16
3.57000e-07 3.37833e+16
3.59000e-07 3.30777e+16
3.61000e-07 3.23624e+16
3.63000e-07 3.17151e+16
3.64000e-07 3.08530e+16
3.65000e-07 3.12837e+16
3.67000e-07 3.06248e+16
3.69000e-07 2.98870e+16
3.71000e-07 2.86733e+16
3.73000e-07 2.80390e+16
3.75000e-07 2.76791e+16
3.77000e-07 2.71212e+16
3.79000e-07 2.71347e+16
3.81000e-07 2.73151e+16
3.83000e-07 2.57413e+16
3.85000e-07 2.67683e+16
3.87000e-07 2.64445e+16
3.89000e-07 2.40770e+16
3.91000e-07 2.57140e+16
3.93000e-07 2.50968e+16
3.95000e-07 2.46164e+16
3.97000e-07 2.22031e+16
3.99000e-07 2.38224e+16
4.01000e-07 2.34190e+16
4.03000e-07 2.28044e+16
4.05000e-07 2.26399e+16
4.07000e-07 2.21038e+16
4.09000e-07 2.11869e+16
4.11000e-07 1.98614e+16
4.13000e-07 2.09258e+16
4.15000e-07 2.05975e+16
4.17000e-07 2.03116e+16
4.19000e-07 1.99516e+16
4.21000e-07 1.94505e+16
4.23000e-07 1.93097e+16
4.25000e-07 1.89426e+16
4.27000e-07 1.86114e+16
4.29000e-07 1.82956e+16
4.31000e-07 1.79177e+16
4.33000e-07 1.71090e+16
4.35000e-07 1.62397e+16
4.37000e-07 1.70213e+16
4.39000e-07 1.66488e+16
4.41000e-07 1.64083e+16
4.43000e-07 1.62038e+16
4.45000e-07 1.59190e+16
4.47000e-07 1.55308e+16
4.49000e-07 1.54176e+16
4.51000e-07 1.50712e+16
4.53000e-07 1.48540e+16
4.55000e-07 1.44425e+16
4.57000e-07 1.44149e+16
4.59000e-07 1.41608e+16
4.61000e-07 1.39600e+16
4.63000e-07 1.36700e+16
4.65000e-07 1.32053e+16
4.67000e-07 1.32629e+16
4.69000e-07 1.26539e+16
4.71000e-07 1.28661e+16
4.73000e-07 1.27386e+16
4.75000e-07 1.25413e+16
4.77000e-07 1.23434e+16
4.79000e-07 1.21473e+16
4.81000e-07 1.19582e+16
4.83000e-07 1.17656e+16
4.85000e-07 1.13433e+16
4.87000e-07 1.06011e+16
4.89000e-07 1.12141e+16
4.91000e-07 1.10561e+16
4.93000e-07 1.08379e+16
4.95000e-07 1.07299e+16
4.97000e-07 1.05793e+16
4.99000e-07 1.04240e+16
5.01000e-07 1.02152e+16
5.03000e-07 1.01021e+16
5.05000e-07 9.94737e+15
5.07000e-07 9.81335e+15
5.09000e-07 9.67269e+15
5.11000e-07 9.53177e+15
5.13000e-07 9.38988e+15
5.15000e-07 9.25261e+15
5.17000e-07 9.11914e+15
5.19000e-07 8.98773e+15
5.21000e-07 8.85821e+15
5.23000e-07 8.73371e+15
5.25000e-07 8.59499e+15
5.27000e-07 8.46599e+15
5.29000e-07 8.36534e+15
5.31000e-07 8.24619e+15
5.33000e-07 8.12886e+15
5.35000e-07 8.01673e+15
5.37000e-07 7.90422e+15
5.39000e-07 7.79328e+15
5.41000e-07 7.54836e+15
5.43000e-07 7.57910e+15
5.45000e-07 7.47500e+15
5.47000e-07 7.37032e+15
5.49000e-07 7.27047e+15
5.51000e-07 7.16207e+15
5.53000e-07 7.07328e+15
5.55000e-07 6.97775e+15
5.57000e-07 6.87916e+15
5.59000e-07 6.76649e+15
5.61000e-07 6.69930e+15
5.63000e-07 6.60924e+15
5.65000e-07 6.52075e+15
5.67000e-07 6.43346e+15
5.69000e-07 6.24659e+15
5.71000e-07 6.23746e+15
5.73000e-07 6.18561e+15
5.75000e-07 6.10027e+15
5.77000e-07 6.02535e+15
5.79000e-07 5.94750e+15
5.81000e-07 5.82705e+15
5.83000e-07 5.77993e+15
5.85000e-07 5.71890e+15
5.87000e-07 5.57963e+15
5.89000e-07 5.56841e+15
5.91000e-07 5.50328e+15
5.93000e-07 5.43194e+15
5.95000e-07 5.36218e+15
5.97000e-07 5.29439e+15
5.99000e-07 5.23736e+15
6.01000e-07 5.16032e+15
6.03000e-07 5.09257e+15
6.05000e-07 5.04012e+15
6.07000e-07 4.96545e+15
6.09000e-07 4.91735e+15
6.11000e-07 4.84707e+15
6.13000e-07 4.78912e+15
6.15000e-07 4.73541e+15
6.17000e-07 4.66290e+15
6.19000e-07 4.62240e+15
6.21000e-07 4.56591e+15
6.23000e-07 4.49364e+15
6.25000e-07 4.45509e+15
6.27000e-07 4.40112e+15
6.29000e-07 4.34833e+15
6.31000e-07 4.27757e+15
6.33000e-07 4.24447e+15
6.35000e-07 4.19264e+15
6.37000e-07 4.14342e+15
6.39000e-07 4.09354e+15
6.41000e-07 4.02714e+15
6.43000e-07 3.99794e+15
6.45000e-07 3.94746e+15
6.47000e-07 3.89997e+15
6.49000e-07 3.85557e+15
6.51000e-07 3.80961e+15
6.53000e-07 3.74708e+15
6.55000e-07 3.67822e+15
6.56125e-07 3.40538e+15
6.59000e-07 3.63171e+15
6.61000e-07 3.59700e+15
6.63000e-07 3.55614e+15
6.65000e-07 3.51527e+15
6.67000e-07 3.45561e+15
6.69000e-07 3.39836e+15
6.71000e-07 3.39102e+15
6.73000e-07 3.35417e+15
6.75000e-07 3.31614e+15
6.77000e-07 3.28186e+15
6.79000e-07 3.24605e+15
6.81000e-07 3.20971e+15
6.83000e-07 3.17382e+15
6.85000e-07 3.13813e+15
6.87000e-07 3.10264e+15
6.89000e-07 3.04720e+15
6.91000e-07 3.03424e+15
6.93000e-07 3.00193e+15
6.95000e-07 2.96884e+15
6.97000e-07 2.93632e+15
6.99000e-07 2.90420e+15
7.01000e-07 2.87262e+15
7.03000e-07 2.83686e+15
7.05000e-07 2.80813e+15
7.07000e-07 2.76084e+15
7.09000e-07 2.75015e+15
7.11000e-07 2.71965e+15
7.13000e-07 2.69041e+15
7.15000e-07 2.66270e+15
7.17000e-07 2.61753e+15
7.19000e-07 2.60190e+15
7.21000e-07 2.57857e+15
7.23000e-07 2.55077e+15
7.25000e-07 2.52417e+15
7.27000e-07 2.49776e+15
7.29000e-07 2.46486e+15
7.31000e-07 2.44378e+15
7.33000e-07 2.42009e+15
7.35000e-07 2.39487e+15
7.37000e-07 2.36906e+15
7.39000e-07 2.34501e+15
7.41000e-07 2.32022e+15
7.43000e-07 2.29724e+15
7.45000e-07 2.27141e+15
7.47000e-07 2.24981e+15
7.49000e-07 2.22250e+15
7.51000e-07 2.20340e+15
7.53000e-07 2.18195e+15
7.55000e-07 2.15950e+15
7.57000e-07 2.13745e+15
7.59000e-07 2.09540e+15
7.61000e-07 2.09318e+15
7.63000e-07 2.07342e+15
7.65000e-07 2.05275e+15
7.67000e-07 2.03258e+15
7.69000e-07 2.00902e+15
7.71000e-07 1.99082e+15
7.73000e-07 1.96924e+15
7.75000e-07 1.95150e+15
7.77000e-07 1.93379e+15
7.79000e-07 1.91438e+15
7.81000e-07 1.89563e+15
7.83000e-07 1.87693e+15
7.85000e-07 1.85558e+15
7.87000e-07 1.83941e+15
7.89000e-07 1.82228e+15
7.91000e-07 1.80525e+15
7.93000e-07 1.78783e+15
7.95000e-07 1.77032e+15
7.97000e-07 1.75149e+15
7.99000e-07 1.73636e+15
8.01000e-07 1.71936e+15
8.03000e-07 1.70192e+15
8.05000e-07 1.68697e+15
8.07000e-07 1.67115e+15
8.09000e-07 1.65478e+15
8.11000e-07 1.63890e+15
8.13000e-07 1.62412e+15
8.15000e-07 1.60816e+15
8.17000e-07 1.59211e+15
8.19000e-07 1.57182e+15
8.21000e-07 1.49727e+15
8.23000e-07 1.47532e+15
8.25000e-07 1.46956e+15
8.27000e-07 1.45602e+15
8.29000e-07 1.44390e+15
8.31000e-07 1.43189e+15
8.33000e-07 1.42035e+15
8.35000e-07 1.40939e+15
8.37000e-07 1.41299e+15
8.39000e-07 1.40508e+15
8.41000e-07 1.39718e+15
8.43000e-07 1.40567e+15
8.45000e-07 1.39085e+15
8.47000e-07 1.37877e+15
8.49000e-07 1.36889e+15
8.51000e-07 1.35315e+15
8.53000e-07 1.34448e+15
8.55000e-07 1.32660e+15
8.57000e-07 1.32365e+15
8.59000e-07 1.29993e+15
8.61000e-07 1.29115e+15
8.63000e-07 1.29297e+15
8.65000e-07 1.27340e+15
8.67000e-07 1.24037e+15
8.69000e-07 1.25846e+15
8.71000e-07 1.25135e+15
8.73000e-07 1.23301e+15
8.75000e-07 1.18713e+15
8.77000e-07 1.20514e+15
8.79000e-07 1.21039e+15
8.81000e-07 1.19912e+15
8.83000e-07 1.18838e+15
8.85000e-07 1.15623e+15
8.87000e-07 1.11664e+15
8.89000e-07 1.15285e+15
8.91000e-07 1.15005e+15
8.93000e-07 1.13848e+15
8.95000e-07 1.13190e+15
8.97000e-07 1.12142e+15
8.99000e-07 1.10218e+15
9.01000e-07 1.04592e+15
9.03000e-07 1.06138e+15
9.05000e-07 1.08002e+15
9.07000e-07 1.07251e+15
9.09000e-07 1.06611e+15
9.11000e-07 1.05458e+15
9.13000e-07 1.04893e+15
9.15000e-07 1.04016e+15
9.17000e-07 1.03034e+15
9.19000e-07 1.01975e+15
9.21000e-07 9.97697e+14
9.23000e-07 9.34431e+14
9.25000e-07 9.79180e+14
9.27000e-07 9.85305e+14
9.29000e-07 9.80020e+14
9.31000e-07 9.71381e+14
9.33000e-07 9.64018e+14
9.35000e-07 9.39903e+14
9.37000e-07 9.44176e+14
9.39000e-07 9.40330e+14
9.41000e-07 9.31784e+14
9.43000e-07 9.24532e+14
9.45000e-07 9.17374e+14
9.47000e-07 9.08798e+14
9.49000e-07 9.01960e+14
9.51000e-07 8.89548e+14
9.53000e-07 8.69184e+14
9.55000e-07 8.13501e+14
9.57000e-07 8.61646e+14
9.59000e-07 8.64159e+14
9.61000e-07 8.58689e+14
9.63000e-07 8.51186e+14
9.65000e-07 8.45679e+14
9.67000e-07 8.38961e+14
9.69000e-07 8.32091e+14
9.71000e-07 8.18518e+14
9.73000e-07 8.17902e+14
9.75000e-07 8.12489e+14
9.77000e-07 8.02102e+14
9.79000e-07 7.99614e+14
9.81000e-07 7.93264e+14
9.83000e-07 7.86687e+14
9.85000e-07 7.80777e+14
9.87000e-07 7.74677e+14
9.89000e-07 7.68427e+14
9.91000e-07 7.62260e+14
9.93000e-07 7.56595e+14
9.95000e-07 7.50702e+14
9.97000e-07 7.44813e+14
9.99000e-07 7.39040e+14
1.00250e-06 7.14584e+14
1.00750e-06 6.94185e+14
1.01250e-06 6.90065e+14
1.01750e-06 6.88030e+14
1.02250e-06 6.74868e+14
1.02750e-06 6.61964e+14
1.03250e-06 6.48571e+14
1.03750e-06 6.37680e+14
1.04250e-06 6.24333e+14
1.04750e-06 6.14301e+14
1.05250e-06 6.02969e+14
1.05750e-06 5.91925e+14
1.06250e-06 5.81161e+14
1.06750e-06 5.70407e+14
1.07250e-06 5.60286e+14
1.07750e-06 5.50199e+14
1.08250e-06 5.37669e+14
1.08750e-06 5.30284e+14
1.09250e-06 4.98864e+14
1.09750e-06 5.06934e+14
1.10250e-06 5.02470e+14
1.10750e-06 4.94227e+14
1.11250e-06 4.85594e+14
1.11750e-06 4.77427e+14
1.12250e-06 4.69087e+14
1.12750e-06 4.60994e+14
1.13250e-06 4.53026e+14
1.13750e-06 4.45354e+14
1.14250e-06 4.37828e+14
1.14750e-06 4.30416e+14
1.15250e-06 4.23173e+14
1.15750e-06 4.15954e+14
1.16250e-06 4.05303e+14
1.16750e-06 4.00678e+14
1.17250e-06 3.95596e+14
1.17750e-06 3.89064e+14
1.18250e-06 3.82548e+14
1.18750e-06 3.76341e+14
1.19250e-06 3.70199e+14
1.19750e-06 3.62910e+14
1.20250e-06 3.58335e+14
1.20750e-06 3.52480e+14
1.21250e-06 3.46786e+14
1.21750e-06 3.41326e+14
1.22250e-06 3.35892e+14
1.22750e-06 3.30561e+14
1.23250e-06 3.25305e+14
1.23750e-06 3.20197e+14
1.24250e-06 3.15185e+14
1.24750e-06 3.10267e+14
1.25250e-06 3.05250e+14
1.25750e-06 3.00659e+14
1.26250e-06 2.96037e+14
1.26750e-06 2.91478e+14
1.27250e-06 2.87005e+14
1.27750e-06 2.80423e+14
1.28250e-06 2.65529e+14
1.28750e-06 2.73516e+14
1.29250e-06 2.69983e+14
1.29750e-06 2.65534e+14
1.30250e-06 2.61901e+14
1.30750e-06 2.58028e+14
1.31250e-06 2.54185e+14
1.31750e-06 2.50415e+14
1.32250e-06 2.46716e+14
1.32750e-06 2.43086e+14
1.33250e-06 2.39525e+14
1.33750e-06 2.36011e+14
1.34250e-06 2.32542e+14
1.34750e-06 2.29202e+14
1.35250e-06 2.25883e+14
1.35750e-06 2.22648e+14
1.36250e-06 2.19454e+14
1.36750e-06 2.16301e+14
1.37250e-06 2.13188e+14
1.37750e-06 2.10194e+14
1.38250e-06 2.07238e+14
1.38750e-06 2.04298e+14
1.39250e-06 2.01416e+14
1.39750e-06 1.98607e+14
1.40250e-06 1.95815e+14
1.40750e-06 1.93114e+14
1.41250e-06 1.90446e+14
1.41750e-06 1.87793e+14
1.42250e-06 1.85228e+14
1.42750e-06 1.82684e+14
1.43250e-06 1.80172e+14
1.43750e-06 1.77723e+14
1.44250e-06 1.75320e+14
1.44750e-06 1.72948e+14
1.45250e-06 1.70614e+14
1.45700e-06 1.68547e+14
1.46200e-06 1.66342e+14
1.46750e-06 1.63905e+14
1.47250e-06 1.61707e+14
1.47750e-06 1.58577e+14
1.48250e-06 1.57475e+14
1.48750e-06 1.55405e+14
1.49250e-06 1.53364e+14
1.49750e-06 1.51355e+14
1.50250e-06 1.49372e+14
1.50750e-06 1.47345e+14
1.51250e-06 1.45508e+14
1.51750e-06 1.43587e+14
1.52250e-06 1.41707e+14
1.52750e-06 1.39864e+14
1.53250e-06 1.38035e+14
1.53750e-06 1.36294e+14
1.54250e-06 1.34434e+14
1.54750e-06 1.32832e+14
1.55250e-06 1.31101e+14
1.55750e-06 1.29265e+14
1.56250e-06 1.28019e+14
1.56750e-06 1.26071e+14
1.57250e-06 1.24345e+14
1.57750e-06 1.23365e+14
1.58250e-06 1.21747e+14
1.58750e-06 1.19344e+14
1.59250e-06 1.18563e+14
1.59750e-06 1.17659e+14
1.60500e-06 1.15114e+14
1.61500e-06 1.11783e+14
1.62500e-06 1.09992e+14
1.63500e-06 1.06891e+14
1.64500e-06 1.03706e+14
1.65500e-06 1.02315e+14
1.66500e-06 9.99097e+13
1.67500e-06 9.70701e+13
1.68500e-06 9.40584e+13
1.69500e-06 9.31013e+13
1.70500e-06 9.07631e+13
1.71500e-06 8.88893e+13
1.72500e-06 8.68526e+13
1.73500e-06 8.32036e+13
1.74500e-06 8.28342e+13
1.75500e-06 8.11444e+13
1.76500e-06 7.93411e+13
1.77500e-06 7.75863e+13
1.78500e-06 7.58811e+13
1.79500e-06 7.42230e+13
1.80500e-06 7.26074e+13
1.81500e-06 6.94731e+13
1.82500e-06 6.92454e+13
1.83500e-06 6.80218e+13
1.84500e-06 6.65737e+13
1.85500e-06 6.51626e+13
1.86500e-06 6.29840e+13
1.87500e-06 6.06766e+13
1.88500e-06 6.11499e+13
1.89500e-06 5.98935e+13
1.90500e-06 5.85802e+13
1.91500e-06 5.74543e+13
1.92500e-06 5.62804e+13
1.93500e-06 5.50794e+13
1.94500e-06 5.25308e+13
1.95500e-06 5.28612e+13
1.96500e-06 5.18748e+13
1.97500e-06 5.08418e+13
1.98500e-06 4.98327e+13
1.99500e-06 4.88488e+13
2.00500e-06 4.78923e+13
2.01500e-06 4.69560e+13
2.02500e-06 4.60432e+13
2.03500e-06 4.51524e+13
2.04500e-06 4.42786e+13
2.05500e-06 4.34045e+13
2.06500e-06 4.26061e+13
2.07500e-06 4.17870e+13
2.08500e-06 4.10066e+13
2.09500e-06 4.02358e+13
2.10500e-06 3.94829e+13
2.11500e-06 3.86927e+13
2.12500e-06 3.80291e+13
2.13500e-06 3.73265e+13
2.14500e-06 3.66379e+13
2.15500e-06 3.59441e+13
2.16500e-06 3.42328e+13
2.17500e-06 3.46084e+13
2.18500e-06 3.40438e+13
2.19500e-06 3.34372e+13
2.20500e-06 3.28394e+13
2.21500e-06 3.22540e+13
2.22500e-06 3.16817e+13
2.23500e-06 3.11228e+13
2.24500e-06 3.05756e+13
2.25500e-06 3.00405e+13
2.26500e-06 2.95173e+13
2.27500e-06 2.90051e+13
2.28500e-06 2.85440e+13
2.29500e-06 2.80533e+13
2.30500e-06 2.75708e+13
2.31500e-06 2.71025e+13
2.32500e-06 2.66420e+13
2.33500e-06 2.61911e+13
2.34500e-06 2.57496e+13
2.35500e-06 2.53174e+13
2.36500e-06 2.48943e+13
2.37500e-06 2.44801e+13
2.38500e-06 2.40746e+13
2.39500e-06 2.36769e+13
2.40500e-06 2.32883e+13
2.41500e-06 2.29053e+13
2.42500e-06 2.25175e+13
2.43500e-06 2.21499e+13
2.44500e-06 2.17801e+13
2.45500e-06 2.14398e+13
2.46500e-06 2.10784e+13
2.47500e-06 2.07344e+13
2.48500e-06 2.04379e+13
2.49500e-06 2.00650e+13
2.50500e-06 1.98036e+13
2.51500e-06 1.94886e+13
2.52500e-06 1.91171e+13
2.53500e-06 1.88699e+13
2.54500e-06 1.85933e+13
2.55500e-06 1.82830e+13
2.56500e-06 1.79334e+13
2.57500e-06 1.77348e+13
2.58500e-06 1.74744e+13
2.59500e-06 1.72079e+13
2.60500e-06 1.68990e+13
2.61500e-06 1.65413e+13
2.62500e-06 1.58759e+13
2.63500e-06 1.61523e+13
2.64500e-06 1.59474e+13
2.65500e-06 1.57052e+13
2.66500e-06 1.54528e+13
2.67500e-06 1.51042e+13
2.68500e-06 1.49951e+13
2.69500e-06 1.48020e+13
2.70500e-06 1.45857e+13
2.71500e-06 1.43727e+13
2.72500e-06 1.41639e+13
2.73500e-06 1.39582e+13
2.74500e-06 1.37477e+13
2.75500e-06 1.34059e+13
2.76500e-06 1.32978e+13
2.77500e-06 1.31737e+13
2.78500e-06 1.29860e+13
2.79500e-06 1.28021e+13
2.80500e-06 1.26210e+13
2.81500e-06 1.24435e+13
2.82500e-06 1.22687e+13
2.83500e-06 1.20970e+13
2.84500e-06 1.19284e+13
2.85500e-06 1.17613e+13
2.86500e-06 1.15499e+13
2.87500e-06 1.12473e+13
2.88500e-06 1.12704e+13
2.89500e-06 1.11279e+13
2.90500e-06 1.09760e+13
2.91500e-06 1.08268e+13
2.92500e-06 1.06798e+13
2.93500e-06 1.05354e+13
2.94500e-06 1.03932e+13
2.95500e-06 1.02539e+13
2.96500e-06 1.01163e+13
2.97500e-06 9.98159e+12
2.98500e-06 9.84886e+12
2.99500e-06 9.71811e+12
3.00500e-06 9.58970e+12
3.01500e-06 9.46362e+12
3.02500e-06 9.33322e+12
3.03500e-06 9.05423e+12
3.04500e-06 9.00502e+12
3.05500e-06 8.97765e+12
3.06500e-06 8.86222e+12
3.07500e-06 8.74770e+12
3.08500e-06 8.63487e+12
3.09500e-06 8.52449e+12
3.10500e-06 8.41536e+12
3.11500e-06 8.30783e+12
3.12500e-06 8.20228e+12
3.13500e-06 8.09829e+12
3.14500e-06 7.99622e+12
3.15500e-06 7.89527e+12
3.16500e-06 7.79619e+12
3.17500e-06 7.69858e+12
3.18500e-06 7.60277e+12
3.19500e-06 7.50802e+12
3.21000e-06 7.36891e+12
3.23000e-06 7.18839e+12
3.25000e-06 7.01352e+12
3.27000e-06 6.84343e+12
3.29000e-06 6.56523e+12
3.31000e-06 6.50435e+12
3.33000e-06 6.36836e+12
3.35000e-06 6.21802e+12
3.37000e-06 6.07212e+12
3.39000e-06 5.93021e+12
3.41000e-06 5.79249e+12
3.43000e-06 5.65853e+12
3.45000e-06 5.52854e+12
3.47000e-06 5.40242e+12
3.49000e-06 5.27944e+12
3.51000e-06 5.16043e+12
3.53000e-06 5.04438e+12
3.55000e-06 4.93180e+12
3.57000e-06 4.82231e+12
3.59000e-06 4.71582e+12
3.61000e-06 4.61196e+12
3.63000e-06 4.51125e+12
3.65000e-06 4.41331e+12
3.67000e-06 4.31779e+12
3.69000e-06 4.22242e+12
3.71000e-06 4.13158e+12
3.73000e-06 4.00914e+12
3.75000e-06 3.90192e+12
3.77000e-06 3.87733e+12
3.79000e-06 3.79639e+12
3.81000e-06 3.71200e+12
3.83000e-06 3.63635e+12
3.85000e-06 3.56512e+12
3.87000e-06 3.49189e+12
3.89000e-06 3.41923e+12
3.91000e-06 3.34023e+12
3.93000e-06 3.28315e+12
3.95000e-06 3.21715e+12
3.97000e-06 3.15279e+12
3.99000e-06 3.09002e+12
4.01000e-06 3.02156e+12
4.03000e-06 2.95569e+12
4.05000e-06 2.85330e+12
4.07000e-06 2.85330e+12
4.09000e-06 2.79844e+12
4.11000e-06 2.74428e+12
4.13000e-06 2.69060e+12
4.15000e-06 2.63892e+12
4.17000e-06 2.57207e+12
4.19000e-06 2.53877e+12
4.21000e-06 2.49239e+12
4.23000e-06 2.44551e+12
4.25000e-06 2.39940e+12
4.27000e-06 2.35507e+12
4.29000e-06 2.30983e+12
4.31000e-06 2.26856e+12
4.33000e-06 2.22696e+12
4.35000e-06 2.18622e+12
4.37000e-06 2.12858e+12
4.39000e-06 2.10199e+12
4.41000e-06 2.06941e+12
4.43000e-06 2.03215e+12
4.45000e-06 1.99585e+12
4.47000e-06 1.96106e+12
4.49000e-06 1.92644e+12
4.51000e-06 1.89235e+12
4.53000e-06 1.85915e+12
4.55000e-06 1.82647e+12
4.57000e-06 1.79468e+12
4.59000e-06 1.76352e+12
4.61000e-06 1.73284e+12
4.63000e-06 1.70288e+12
4.65000e-06 1.63184e+12
4.67000e-06 1.62102e+12
4.69000e-06 1.61387e+12
4.71000e-06 1.59008e+12
4.73000e-06 1.56329e+12
4.75000e-06 1.53703e+12
4.77000e-06 1.51135e+12
4.79000e-06 1.48619e+12
4.81000e-06 1.46155e+12
4.83000e-06 1.43741e+12
4.85000e-06 1.41377e+12
4.87000e-06 1.39062e+12
4.89000e-06 1.36793e+12
4.91000e-06 1.34571e+12
4.93000e-06 1.32393e+12
4.95000e-06 1.30259e+12
4.97000e-06 1.28168e+12
4.99000e-06 1.26118e+12
5.01000e-06 1.24109e+12
5.03000e-06 1.22140e+12
5.05000e-06 1.20210e+12
5.07000e-06 1.18316e+12
5.09000e-06 1.16461e+12
5.11000e-06 1.14454e+12
5.13000e-06 1.10804e+12
5.15000e-06 1.11018e+12
5.17000e-06 1.09392e+12
5.19000e-06 1.07710e+12
5.21000e-06 1.06058e+12
5.23000e-06 1.04439e+12
5.25000e-06 1.02851e+12
5.27000e-06 1.01292e+12
5.29000e-06 9.97624e+11
5.31000e-06 9.82628e+11
5.33000e-06 9.67894e+11
5.35000e-06 9.53445e+11
5.37000e-06 9.39262e+11
5.39000e-06 9.25341e+11
5.41000e-06 9.11677e+11
5.43000e-06 8.98266e+11
5.45000e-06 8.85102e+11
5.47000e-06 8.72170e+11
5.49000e-06 8.59478e+11
5.51000e-06 8.47008e+11
5.53000e-06 8.34770e+11
5.55000e-06 8.22747e+11
5.57000e-06 8.10948e+11
5.59000e-06 7.99344e+11
5.61000e-06 7.87957e+11
5.63000e-06 7.76770e+11
5.65000e-06 7.65782e+11
5.67000e-06 7.54987e+11
5.69000e-06 7.44382e+11
5.71000e-06 7.33954e+11
5.73000e-06 7.23710e+11
5.75000e-06 7.13649e+11
5.77000e-06 7.03754e+11
5.79000e-06 6.94034e+11
5.81000e-06 6.84488e+11
5.83000e-06 6.75100e+11
5.85000e-06 6.66044e+11
5.87000e-06 6.56965e+11
5.89000e-06 6.46517e+11
5.91000e-06 6.23877e+11
5.93000e-06 6.29950e+11
5.95000e-06 6.22168e+11
5.97000e-06 6.13831e+11
5.99000e-06 6.05633e+11
6.01000e-06 5.97573e+11
6.03000e-06 5.89637e+11
6.05000e-06 5.81844e+11
6.07000e-06 5.74182e+11
6.09000e-06 5.66638e+11
6.11000e-06 5.59211e+11
6.13000e-06 5.51908e+11
6.15000e-06 5.44729e+11
6.17000e-06 5.37660e+11
6.19000e-06 5.30711e+11
6.21000e-06 5.23869e+11
6.23000e-06 5.17143e+11
6.25000e-06 5.10511e+11
6.27000e-06 5.04002e+11
6.29000e-06 4.97583e+11
6.31000e-06 4.91274e+11
6.33000e-06 4.85053e+11
6.35000e-06 4.78938e+11
6.37000e-06 4.72917e+11
6.39000e-06 4.66991e+11
6.42000e-06 4.58277e+11
6.46000e-06 4.46968e+11
6.50000e-06 4.36009e+11
6.54000e-06 4.25380e+11
6.58000e-06 4.15064e+11
6.62000e-06 4.05069e+11
6.66000e-06 3.95368e+11
6.70000e-06 3.85962e+11
6.74000e-06 3.76825e+11
6.78000e-06 3.67958e+11
6.82000e-06 3.59354e+11
6.86000e-06 3.50996e+11
6.90000e-06 3.42871e+11
6.94000e-06 3.34988e+11
6.98000e-06 3.27332e+11
7.02000e-06 3.19890e+11
7.06000e-06 3.12655e+11
7.10000e-06 3.05629e+11
7.14000e-06 2.98793e+11
7.18000e-06 2.92148e+11
7.22000e-06 2.85689e+11
7.26000e-06 2.79405e+11
7.30000e-06 2.73290e+11
7.34000e-06 2.67341e+11
7.38000e-06 2.61553e+11
7.42000e-06 2.55723e+11
7.46000e-06 2.46103e+11
7.50000e-06 2.40632e+11
7.54000e-06 2.39828e+11
7.58000e-06 2.34865e+11
7.62000e-06 2.29940e+11
7.66000e-06 2.25144e+11
7.70000e-06 2.20466e+11
7.74000e-06 2.15916e+11
7.78000e-06 2.11480e+11
7.82000e-06 2.07160e+11
7.86000e-06 2.02947e+11
7.90000e-06 1.98838e+11
7.94000e-06 1.94832e+11
7.98000e-06 1.90932e+11
8.02000e-06 1.87122e+11
8.06000e-06 1.83414e+11
8.10000e-06 1.79792e+11
8.14000e-06 1.76256e+11
8.18000e-06 1.72814e+11
8.22000e-06 1.69452e+11
8.26000e-06 1.66169e+11
8.30000e-06 1.62964e+11
8.34000e-06 1.59839e+11
8.38000e-06 1.56788e+11
8.42000e-06 1.53808e+11
8.46000e-06 1.50899e+11
8.50000e-06 1.48059e+11
8.54000e-06 1.45286e+11
8.58000e-06 1.42578e+11
8.62000e-06 1.39930e+11
8.66000e-06 1.37344e+11
8.70000e-06 1.34815e+11
8.74000e-06 1.32346e+11
8.78000e-06 1.29935e+11
8.82000e-06 1.27573e+11
8.86000e-06 1.25272e+11
8.90000e-06 1.23016e+11
8.94000e-06 1.20815e+11
8.98000e-06 1.18657e+11
9.02000e-06 1.16552e+11
9.06000e-06 1.14492e+11
9.10000e-06 1.12478e+11
9.14000e-06 1.10508e+11
9.18000e-06 1.08581e+11
9.22000e-06 1.06693e+11
9.26000e-06 1.04846e+11
9.30000e-06 1.03040e+11
9.34000e-06 1.01274e+11
9.38000e-06 9.95430e+10
9.42000e-06 9.78503e+10
9.46000e-06 9.61952e+10
9.50000e-06 9.45729e+10
9.54000e-06 9.29826e+10
9.58000e-06 9.14278e+10
9.62000e-06 8.99038e+10
9.66000e-06 8.84139e+10
9.70000e-06 8.69535e+10
9.74000e-06 8.55220e+10
9.78000e-06 8.41188e+10
9.82000e-06 8.27474e+10
9.86000e-06 8.14031e+10
9.90000e-06 8.00816e+10
9.94000e-06 7.87902e+10
9.98000e-06 7.75244e+10
1.00200e-05 7.62839e+10
2.00000e-05 4.68182e+09
4.00000e-05 2.83678e+08
6.00000e-05 5.49723e+07
8.00000e-05 1.71530e+07
1.00000e-04 6.94955e+06
1.20000e-04 3.32151e+06
1.40000e-04 1.77903e+06
1.60000e-04 1.03576e+06
