9.09000e-09 0.00000e+00
9.35000e-09 0.00000e+00
9.61000e-09 0.00000e+00
9.77000e-09 0.00000e+00
9.96000e-09 0.00000e+00
1.02000e-08 0.00000e+00
1.03800e-08 0.00000e+00
1.05600e-08 0.00000e+00
1.07700e-08 0.00000e+00
1.10400e-08 0.00000e+00
1.14000e-08 0.00000e+00
1.17800e-08 0.00000e+00
1.21300e-08 0.00000e+00
1.24800e-08 0.00000e+00
1.27100e-08 0.00000e+00
1.28400e-08 0.00000e+00
1.30500e-08 0.00000e+00
1.32400e-08 0.00000e+00
1.33900e-08 0.00000e+00
1.36600e-08 0.00000e+00
1.39800e-08 0.00000e+00
1.43300e-08 0.00000e+00
1.47200e-08 0.00000e+00
1.51000e-08 0.00000e+00
1.55200e-08 0.00000e+00
1.58800e-08 0.00000e+00
1.62000e-08 0.00000e+00
1.66000e-08 0.00000e+00
1.70300e-08 0.00000e+00
1.73400e-08 0.00000e+00
1.76800e-08 0.00000e+00
1.80200e-08 0.00000e+00
1.81700e-08 0.00000e+00
1.86100e-08 0.00000e+00
1.91000e-08 0.00000e+00
1.93900e-08 0.00000e+00
1.98400e-08 0.00000e+00
2.01800e-08 0.00000e+00
2.05000e-08 0.00000e+00
2.10500e-08 0.00000e+00
2.16200e-08 0.00000e+00
2.19800e-08 0.00000e+00
2.23000e-08 0.00000e+00
2.26800e-08 0.00000e+00
2.30000e-08 0.00000e+00
2.34000e-08 0.00000e+00
2.40000e-08 0.00000e+00
2.46500e-08 0.00000e+00
2.52400e-08 0.00000e+00
2.56800e-08 0.00000e+00
2.60000e-08 0.00000e+00
2.64000e-08 0.00000e+00
2.68500e-08 0.00000e+00
2.73500e-08 0.00000e+00
2.78500e-08 0.00000e+00
2.84000e-08 0.00000e+00
2.90000e-08 0.00000e+00
2.96000e-08 0.00000e+00
3.01000e-08 0.00000e+00
3.08000e-08 0.00000e+00
3.18000e-08 0.00000e+00
3.28000e-08 0.00000e+00
3.38000e-08 0.00000e+00
3.48000e-08 0.00000e+00
3.57000e-08 0.00000e+00
3.66000e-08 0.00000e+00
3.75000e-08 0.00000e+00
3.85000e-08 0.00000e+00
3.95000e-08 0.00000e+00
4.05000e-08 0.00000e+00
4.14000e-08 0.00000e+00
4.22000e-08 0.00000e+00
4.30000e-08 0.00000e+00
4.41000e-08 0.00000e+00
4.51000e-08 0.00000e+00
4.60000e-08 0.00000e+00
4.70000e-08 0.00000e+00
4.80000e-08 0.00000e+00
4.90000e-08 0.00000e+00
5.00000e-08 0.00000e+00
5.06000e-08 0.00000e+00
5.12000e-08 0.00000e+00
5.20000e-08 0.00000e+00
5.30000e-08 0.00000e+00
5.40000e-08 0.00000e+00
5.50000e-08 0.00000e+00
5.60000e-08 0.00000e+00
5.70000e-08 0.00000e+00
5.80000e-08 0.00000e+00
5.90000e-08 0.00000e+00
6.00000e-08 0.00000e+00
6.10000e-08 0.00000e+00
6.20000e-08 0.00000e+00
6.30000e-08 0.00000e+00
6.40000e-08 0.00000e+00
6.50000e-08 0.00000e+00
6.58000e-08 0.00000e+00
6.65000e-08 0.00000e+00
6.75000e-08 0.00000e+00
6.85000e-08 0.00000e+00
6.95000e-08 0.00000e+00
7.05000e-08 0.00000e+00
7.16000e-08 0.00000e+00
7.26000e-08 0.00000e+00
7.35000e-08 0.00000e+00
7.45000e-08 0.00000e+00
7.55000e-08 0.00000e+00
7.65000e-08 0.00000e+00
7.75000e-08 0.00000e+00
7.85000e-08 0.00000e+00
7.95000e-08 0.00000e+00
8.05000e-08 0.00000e+00
8.15000e-08 0.00000e+00
8.25000e-08 0.00000e+00
8.35000e-08 0.00000e+00
8.45000e-08 0.00000e+00
8.55000e-08 0.00000e+00
8.65000e-08 0.00000e+00
8.75000e-08 0.00000e+00
8.85000e-08 0.00000e+00
8.95000e-08 0.00000e+00
9.05000e-08 0.00000e+00
9.15000e-08 0.00000e+00
9.25000e-08 3.54885e+04
9.35000e-08 4.87297e+04
9.45000e-08 6.64512e+04
9.55000e-08 9.38454e+04
9.65000e-08 1.26617e+05
9.75000e-08 1.68700e+05
9.85000e-08 2.24565e+05
9.95000e-08 2.95608e+05
1.00500e-07 3.97683e+05
1.01500e-07 5.19336e+05
1.02500e-07 6.53041e+05
1.03500e-07 8.71011e+05
1.04500e-07 1.12013e+06
1.05500e-07 1.43131e+06
1.06500e-07 1.81472e+06
1.07500e-07 2.30164e+06
1.08500e-07 2.90117e+06
1.09500e-07 3.62615e+06
1.10500e-07 1.44898e+07
1.11500e-07 2.77057e+07
1.12500e-07 3.99554e+07
1.13500e-07 5.47070e+07
1.14500e-07 7.01062e+07
1.15500e-07 7.73158e+07
1.16500e-07 1.03194e+08
1.17500e-07 1.25886e+08
1.18500e-07 1.28779e+08
1.19500e-07 8.69736e+07
1.20500e-07 9.06550e+07
1.21500e-07 3.82032e+07
1.22500e-07 1.17418e+08
1.23500e-07 2.55102e+08
1.24500e-07 5.45764e+08
1.25500e-07 7.98249e+08
1.26500e-07 8.23111e+08
1.27500e-07 1.15541e+09
1.28500e-07 1.51456e+09
1.29500e-07 1.81106e+09
1.30500e-07 1.78890e+09
1.31500e-07 2.45290e+09
1.32500e-07 2.79239e+09
1.33500e-07 3.13564e+09
1.34500e-07 3.73706e+09
1.35500e-07 4.06313e+09
1.36500e-07 4.55257e+09
1.37500e-07 4.85901e+09
1.38500e-07 5.18091e+09
1.39500e-07 5.86383e+09
1.40500e-07 6.72190e+09
1.41500e-07 7.31023e+09
1.42500e-07 8.03914e+09
1.43500e-07 8.81625e+09
1.44200e-07 1.07954e+10
1.44700e-07 1.04199e+10
1.45500e-07 1.19130e+10
1.46500e-07 1.31984e+10
1.47500e-07 1.45104e+10
1.48500e-07 1.59123e+10
1.49500e-07 1.94398e+10
1.50500e-07 2.23025e+10
1.51200e-07 2.02739e+10
1.51700e-07 2.24717e+10
1.52500e-07 3.71996e+10
1.53500e-07 4.83595e+10
1.54500e-07 4.96641e+10
1.55500e-07 6.14401e+10
1.56500e-07 5.85917e+10
1.57500e-07 8.78062e+10
1.58500e-07 1.01714e+11
1.59500e-07 1.18004e+11
1.60500e-07 1.20096e+11
1.61500e-07 1.27956e+11
1.62500e-07 1.28278e+11
1.63500e-07 1.57641e+11
1.64500e-07 1.99153e+11
1.65500e-07 1.34919e+11
1.66500e-07 2.21264e+11
1.67200e-07 1.57843e+11
1.67700e-07 1.40641e+12
1.68500e-07 1.36443e+12
1.69500e-07 1.08860e+12
1.70500e-07 1.44561e+12
1.71500e-07 2.75180e+12
1.72500e-07 3.23477e+12
1.73500e-07 4.36512e+12
1.74500e-07 4.13039e+12
1.75500e-07 6.16121e+12
1.76500e-07 4.19985e+12
1.77500e-07 5.70053e+12
1.78500e-07 6.36554e+12
1.79500e-07 9.83151e+12
1.80500e-07 7.64926e+12
1.81500e-07 7.56554e+12
1.82500e-07 7.86291e+12
1.83500e-07 7.34133e+12
1.84500e-07 4.78336e+12
1.85500e-07 8.31877e+12
1.86500e-07 1.17994e+13
1.87500e-07 1.06667e+13
1.88500e-07 1.11687e+13
1.89500e-07 1.38606e+13
1.90500e-07 1.29441e+13
1.91500e-07 1.42988e+13
1.92500e-07 1.11597e+13
1.93500e-07 4.57593e+12
1.94500e-07 1.57164e+13
1.95500e-07 1.68217e+13
1.96700e-07 2.07601e+13
1.97600e-07 1.77772e+13
1.98400e-07 2.07944e+13
1.99500e-07 2.16041e+13
2.00500e-07 1.87071e+13
2.01500e-07 1.97411e+13
2.02500e-07 1.52773e+13
2.03500e-07 2.20977e+13
2.04500e-07 2.50152e+13
2.05500e-07 2.34351e+13
2.06500e-07 2.14806e+13
2.07400e-07 2.60520e+13
2.07800e-07 4.04860e+13
2.08500e-07 4.52157e+13
2.09500e-07 4.13174e+13
2.10500e-07 3.66840e+13
2.11500e-07 4.06289e+13
2.12500e-07 3.62470e+13
2.13500e-07 3.18461e+13
2.14500e-07 4.13451e+13
2.15500e-07 4.15521e+13
2.16500e-07 3.57407e+13
2.17500e-07 3.67220e+13
2.18500e-07 4.39225e+13
2.19500e-07 4.54389e+13
2.20500e-07 4.26102e+13
2.21500e-07 3.30664e+13
2.22500e-07 3.58191e+13
2.23500e-07 4.73633e+13
2.24500e-07 4.41027e+13
2.25500e-07 3.37063e+13
2.26500e-07 3.31369e+13
2.27500e-07 3.68831e+13
2.28500e-07 4.63003e+13
2.29500e-07 3.86578e+13
2.30500e-07 4.59406e+13
2.31500e-07 4.03251e+13
2.32500e-07 2.94478e+13
2.33500e-07 2.65884e+13
2.34500e-07 1.66955e+13
2.35500e-07 3.55922e+13
2.36500e-07 1.87118e+13
2.37500e-07 2.67002e+13
2.38500e-07 1.32837e+13
2.39500e-07 1.83176e+13
2.40500e-07 1.82900e+13
2.41500e-07 2.22231e+13
2.42500e-07 3.90848e+13
2.43500e-07 3.81501e+13
2.44500e-07 4.53026e+13
2.45500e-07 4.73983e+13
2.46500e-07 4.36894e+13
2.47500e-07 3.79988e+13
2.48500e-07 2.87555e+13
2.49500e-07 3.04167e+13
2.50500e-07 4.81288e+13
2.51300e-07 1.93932e+13
2.51800e-07 1.34303e+13
2.52500e-07 1.64953e+13
2.53500e-07 2.53162e+13
2.54500e-07 2.77111e+13
2.55500e-07 4.30099e+13
2.56500e-07 3.41336e+13
2.57500e-07 4.22364e+13
2.58500e-07 3.90812e+13
2.59500e-07 3.53652e+13
2.60500e-07 3.10471e+13
2.61500e-07 2.68088e+13
2.62500e-07 3.90299e+13
2.63500e-07 5.56314e+13
2.64500e-07 7.50066e+13
2.65500e-07 8.91665e+13
2.66500e-07 6.30534e+13
2.67500e-07 7.30756e+13
2.68500e-07 7.79722e+13
2.69500e-07 6.29905e+13
2.70500e-07 7.29156e+13
2.71500e-07 5.77421e+13
2.72500e-07 5.61826e+13
2.73500e-07 6.45761e+13
2.74500e-07 3.47031e+13
2.75500e-07 4.51524e+13
2.76500e-07 5.59092e+13
2.77500e-07 6.16320e+13
2.78500e-07 3.72086e+13
2.79500e-07 1.39648e+13
2.80500e-07 1.78573e+13
2.81500e-07 5.63273e+13
2.82500e-07 8.14958e+13
2.83500e-07 8.05891e+13
2.84500e-07 7.24462e+13
2.85500e-07 4.70322e+13
2.86500e-07 8.81354e+13
2.87500e-07 9.46700e+13
2.88500e-07 8.65963e+13
2.89500e-07 9.00941e+13
2.91000e-07 1.11785e+14
2.93000e-07 1.01018e+14
2.95000e-07 9.89867e+13
2.97000e-07 1.06934e+14
2.99000e-07 1.08260e+14
3.01000e-07 1.14806e+14
3.03000e-07 1.13012e+14
3.05000e-07 1.16933e+14
3.07000e-07 1.19040e+14
3.09000e-07 1.21142e+14
3.11000e-07 1.20738e+14
3.13000e-07 1.19977e+14
3.15000e-07 1.17759e+14
3.17000e-07 1.20721e+14
3.19000e-07 1.09623e+14
3.21000e-07 1.20257e+14
3.23000e-07 1.06029e+14
3.25000e-07 1.22405e+14
3.27000e-07 1.33652e+14
3.29000e-07 1.30626e+14
3.31000e-07 1.34554e+14
3.33000e-07 1.33231e+14
3.35000e-07 1.32239e+14
3.37000e-07 1.21642e+14
3.39000e-07 1.27924e+14
3.41000e-07 1.27066e+14
3.43000e-07 1.27417e+14
3.45000e-07 1.31306e+14
3.47000e-07 1.31320e+14
3.49000e-07 1.35343e+14
3.51000e-07 1.38408e+14
3.53000e-07 1.33055e+14
3.55000e-07 1.46080e+14
3.57000e-07 1.28955e+14
3.59000e-07 1.24763e+14
3.61000e-07 1.30797e+14
3.63000e-07 1.31123e+14
3.64000e-07 1.32303e+14
3.65000e-07 1.45252e+14
3.67000e-07 1.40996e+14
3.69000e-07 1.32198e+14
3.71000e-07 1.39787e+14
3.73000e-07 1.30734e+14
3.75000e-07 1.44643e+14
3.77000e-07 1.56214e+14
3.79000e-07 1.69357e+14
3.81000e-07 1.83918e+14
3.83000e-07 1.41499e+14
3.85000e-07 1.89093e+14
3.87000e-07 1.96091e+14
3.89000e-07 1.61989e+14
3.91000e-07 1.92861e+14
3.93000e-07 1.14381e+14
3.95000e-07 1.69489e+14
3.97000e-07 1.18714e+14
3.99000e-07 2.02721e+14
4.01000e-07 2.14866e+14
4.03000e-07 2.17441e+14
4.05000e-07 2.12699e+14
4.07000e-07 2.09381e+14
4.09000e-07 2.06277e+14
4.11000e-07 1.83384e+14
4.13000e-07 2.15157e+14
4.15000e-07 2.21565e+14
4.17000e-07 2.20116e+14
4.19000e-07 2.17097e+14
4.21000e-07 2.16570e+14
4.23000e-07 2.09526e+14
4.25000e-07 2.13409e+14
4.27000e-07 2.07282e+14
4.29000e-07 2.01578e+14
4.31000e-07 1.84166e+14
4.33000e-07 1.94832e+14
4.35000e-07 1.78336e+14
4.37000e-07 2.16172e+14
4.39000e-07 2.09124e+14
4.41000e-07 2.10893e+14
4.43000e-07 2.10701e+14
4.45000e-07 2.10048e+14
4.47000e-07 2.13660e+14
4.49000e-07 2.12115e+14
4.51000e-07 2.23759e+14
4.53000e-07 2.10002e+14
4.55000e-07 2.11817e+14
4.57000e-07 2.20880e+14
4.59000e-07 2.10806e+14
4.61000e-07 2.14228e+14
4.63000e-07 2.09850e+14
4.65000e-07 2.11656e+14
4.67000e-07 2.14390e+14
4.69000e-07 2.09054e+14
4.71000e-07 2.01593e+14
4.73000e-07 2.10315e+14
4.75000e-07 2.10869e+14
4.77000e-07 2.09535e+14
4.79000e-07 2.07871e+14
4.81000e-07 2.05739e+14
4.83000e-07 2.04636e+14
4.85000e-07 1.84373e+14
4.87000e-07 1.58117e+14
4.89000e-07 1.94477e+14
4.91000e-07 1.96225e+14
4.93000e-07 1.93334e+14
4.95000e-07 1.97786e+14
4.97000e-07 1.99370e+14
4.99000e-07 1.89045e+14
5.01000e-07 1.83517e+14
5.03000e-07 1.90920e+14
5.05000e-07 1.89396e+14
5.07000e-07 1.93708e+14
5.09000e-07 1.89368e+14
5.11000e-07 1.90731e+14
5.13000e-07 1.86684e+14
5.15000e-07 1.82140e+14
5.17000e-07 1.76012e+14
5.19000e-07 1.74896e+14
5.21000e-07 1.79746e+14
5.23000e-07 1.80632e+14
5.25000e-07 1.83605e+14
5.27000e-07 1.70223e+14
5.29000e-07 1.80516e+14
5.31000e-07 1.81884e+14
5.33000e-07 1.72088e+14
5.35000e-07 1.78359e+14
5.37000e-07 1.76732e+14
5.39000e-07 1.75410e+14
5.41000e-07 1.71039e+14
5.43000e-07 1.73960e+14
5.45000e-07 1.75171e+14
5.47000e-07 1.72583e+14
5.49000e-07 1.73103e+14
5.51000e-07 1.72047e+14
5.53000e-07 1.71002e+14
5.55000e-07 1.71423e+14
5.57000e-07 1.67705e+14
5.59000e-07 1.66350e+14
5.61000e-07 1.67309e+14
5.63000e-07 1.67691e+14
5.65000e-07 1.66825e+14
5.67000e-07 1.63728e+14
5.69000e-07 1.64662e+14
5.71000e-07 1.62598e+14
5.73000e-07 1.66662e+14
5.75000e-07 1.63055e+14
5.77000e-07 1.63228e+14
5.79000e-07 1.61282e+14
5.81000e-07 1.61513e+14
5.83000e-07 1.61593e+14
5.85000e-07 1.59125e+14
5.87000e-07 1.58578e+14
5.89000e-07 1.53908e+14
5.91000e-07 1.56611e+14
5.93000e-07 1.55674e+14
5.95000e-07 1.55342e+14
5.97000e-07 1.54472e+14
5.99000e-07 1.53107e+14
6.01000e-07 1.51161e+14
6.03000e-07 1.50585e+14
6.05000e-07 1.51546e+14
6.07000e-07 1.50631e+14
6.09000e-07 1.48475e+14
6.11000e-07 1.47041e+14
6.13000e-07 1.43286e+14
6.15000e-07 1.43013e+14
6.17000e-07 1.41434e+14
6.19000e-07 1.44474e+14
6.21000e-07 1.43750e+14
6.23000e-07 1.41460e+14
6.25000e-07 1.37547e+14
6.27000e-07 1.41414e+14
6.29000e-07 1.40802e+14
6.31000e-07 1.37744e+14
6.33000e-07 1.37674e+14
6.35000e-07 1.37033e+14
6.37000e-07 1.36164e+14
6.39000e-07 1.36218e+14
6.41000e-07 1.33269e+14
6.43000e-07 1.33508e+14
6.45000e-07 1.32210e+14
6.47000e-07 1.31601e+14
6.49000e-07 1.29655e+14
6.51000e-07 1.30015e+14
6.53000e-07 1.28027e+14
6.55000e-07 1.17702e+14
6.56125e-07 9.73052e+13
6.59000e-07 1.23035e+14
6.61000e-07 1.26654e+14
6.63000e-07 1.26526e+14
6.65000e-07 1.26064e+14
6.67000e-07 1.24809e+14
6.69000e-07 1.25310e+14
6.71000e-07 1.23895e+14
6.73000e-07 1.23742e+14
6.75000e-07 1.22439e+14
6.77000e-07 1.22251e+14
6.79000e-07 1.21352e+14
6.81000e-07 1.20486e+14
6.83000e-07 1.20016e+14
6.85000e-07 1.18384e+14
6.87000e-07 1.18566e+14
6.89000e-07 1.18093e+14
6.91000e-07 1.17150e+14
6.93000e-07 1.16577e+14
6.95000e-07 1.15946e+14
6.97000e-07 1.15204e+14
6.99000e-07 1.14738e+14
7.01000e-07 1.12375e+14
7.03000e-07 1.12758e+14
7.05000e-07 1.12513e+14
7.07000e-07 1.11719e+14
7.09000e-07 1.10985e+14
7.11000e-07 1.09527e+14
7.13000e-07 1.09010e+14
7.15000e-07 1.08445e+14
7.17000e-07 1.07643e+14
7.19000e-07 1.06185e+14
7.21000e-07 1.06531e+14
7.23000e-07 1.05928e+14
7.25000e-07 1.05703e+14
7.27000e-07 1.05272e+14
7.29000e-07 1.03341e+14
7.31000e-07 1.03601e+14
7.33000e-07 1.03072e+14
7.35000e-07 1.02951e+14
7.37000e-07 1.02476e+14
7.39000e-07 1.00612e+14
7.41000e-07 9.86833e+13
7.43000e-07 9.94767e+13
7.45000e-07 9.93098e+13
7.47000e-07 9.90420e+13
7.49000e-07 9.81982e+13
7.51000e-07 9.78496e+13
7.53000e-07 9.75696e+13
7.55000e-07 9.74169e+13
7.57000e-07 9.64821e+13
7.59000e-07 9.58958e+13
7.61000e-07 9.52558e+13
7.63000e-07 9.49836e+13
7.65000e-07 9.43266e+13
7.67000e-07 9.25610e+13
7.69000e-07 9.31186e+13
7.71000e-07 9.21227e+13
7.73000e-07 9.21826e+13
7.75000e-07 9.09986e+13
7.77000e-07 9.00628e+13
7.79000e-07 9.09729e+13
7.81000e-07 9.02111e+13
7.83000e-07 8.91916e+13
7.85000e-07 8.85116e+13
7.87000e-07 8.87192e+13
7.89000e-07 8.82155e+13
7.91000e-07 8.74268e+13
7.93000e-07 8.60757e+13
7.95000e-07 8.59412e+13
7.97000e-07 8.63823e+13
7.99000e-07 8.58382e+13
8.01000e-07 8.48934e+13
8.03000e-07 8.45412e+13
8.05000e-07 8.38716e+13
8.07000e-07 8.38960e+13
8.09000e-07 8.28601e+13
8.11000e-07 8.30361e+13
8.13000e-07 8.27592e+13
8.15000e-07 8.21777e+13
8.17000e-07 8.16968e+13
8.19000e-07 7.96695e+13
8.21000e-07 7.97457e+13
8.23000e-07 7.92307e+13
8.25000e-07 7.91238e+13
8.27000e-07 7.95017e+13
8.29000e-07 7.89650e+13
8.31000e-07 7.79089e+13
8.33000e-07 7.68132e+13
8.35000e-07 7.71859e+13
8.37000e-07 7.70218e+13
8.39000e-07 7.58951e+13
8.41000e-07 7.60086e+13
8.43000e-07 7.50440e+13
8.45000e-07 7.41880e+13
8.47000e-07 7.37540e+13
8.49000e-07 7.36787e+13
8.51000e-07 7.06642e+13
8.53000e-07 7.34087e+13
8.55000e-07 6.83709e+13
8.57000e-07 7.33457e+13
8.59000e-07 7.10338e+13
8.61000e-07 7.03840e+13
8.63000e-07 7.22080e+13
8.65000e-07 7.11746e+13
8.67000e-07 6.46019e+13
8.69000e-07 6.95381e+13
8.71000e-07 7.05748e+13
8.73000e-07 6.96636e+13
8.75000e-07 6.51630e+13
8.77000e-07 6.87356e+13
8.79000e-07 6.92521e+13
8.81000e-07 6.83896e+13
8.83000e-07 6.79980e+13
8.85000e-07 6.62961e+13
8.87000e-07 6.22003e+13
8.89000e-07 6.71023e+13
8.91000e-07 6.72712e+13
8.93000e-07 6.64458e+13
8.95000e-07 6.66148e+13
8.97000e-07 6.62431e+13
8.99000e-07 6.55385e+13
9.01000e-07 5.94192e+13
9.03000e-07 6.26722e+13
9.05000e-07 6.49622e+13
9.07000e-07 6.35998e+13
9.09000e-07 6.22123e+13
9.11000e-07 6.32695e+13
9.13000e-07 6.38875e+13
9.15000e-07 6.36040e+13
9.17000e-07 6.31028e+13
9.19000e-07 6.27303e+13
9.21000e-07 6.07083e+13
9.23000e-07 5.46039e+13
9.25000e-07 5.93963e+13
9.27000e-07 6.04598e+13
9.29000e-07 6.11820e+13
9.31000e-07 6.10758e+13
9.33000e-07 6.06152e+13
9.35000e-07 6.03389e+13
9.37000e-07 6.01245e+13
9.39000e-07 5.97234e+13
9.41000e-07 5.73766e+13
9.43000e-07 5.87857e+13
9.45000e-07 5.82967e+13
9.47000e-07 5.85086e+13
9.49000e-07 5.82497e+13
9.51000e-07 5.75009e+13
9.53000e-07 5.60776e+13
9.55000e-07 5.00972e+13
9.57000e-07 5.56633e+13
9.59000e-07 5.64841e+13
9.61000e-07 5.59188e+13
9.63000e-07 5.52724e+13
9.65000e-07 5.54805e+13
9.67000e-07 5.48806e+13
9.69000e-07 5.50154e+13
9.71000e-07 5.50567e+13
9.73000e-07 5.47908e+13
9.75000e-07 5.40471e+13
9.77000e-07 5.40747e+13
9.79000e-07 5.38186e+13
9.81000e-07 5.35915e+13
9.83000e-07 5.33269e+13
9.85000e-07 5.29475e+13
9.87000e-07 5.25320e+13
9.89000e-07 5.21618e+13
9.91000e-07 5.19323e+13
9.93000e-07 5.19373e+13
9.95000e-07 5.17287e+13
9.97000e-07 5.14721e+13
9.99000e-07 5.11077e+13
1.00250e-06 4.93083e+13
1.00750e-06 4.75396e+13
1.01250e-06 4.91880e+13
1.01750e-06 4.86221e+13
1.02250e-06 4.82630e+13
1.02750e-06 4.78158e+13
1.03250e-06 4.69616e+13
1.03750e-06 4.64716e+13
1.04250e-06 4.59714e+13
1.04750e-06 4.50014e+13
1.05250e-06 4.47211e+13
1.05750e-06 4.41846e+13
1.06250e-06 4.35395e+13
1.06750e-06 4.22433e+13
1.07250e-06 4.22597e+13
1.07750e-06 4.17646e+13
1.08250e-06 4.11000e+13
1.08750e-06 4.05509e+13
1.09250e-06 3.75418e+13
1.09750e-06 3.89177e+13
1.10250e-06 3.95573e+13
1.10750e-06 3.92838e+13
1.11250e-06 3.87124e+13
1.11750e-06 3.82068e+13
1.12250e-06 3.79120e+13
1.12750e-06 3.68979e+13
1.13250e-06 3.65758e+13
1.13750e-06 3.63976e+13
1.14250e-06 3.57103e+13
1.14750e-06 3.57946e+13
1.15250e-06 3.53882e+13
1.15750e-06 3.48695e+13
1.16250e-06 3.41046e+13
1.16750e-06 3.36418e+13
1.17250e-06 3.38186e+13
1.17750e-06 3.27766e+13
1.18250e-06 3.26320e+13
1.18750e-06 3.21040e+13
1.19250e-06 3.23758e+13
1.19750e-06 3.14020e+13
1.20250e-06 3.14149e+13
1.20750e-06 3.09512e+13
1.21250e-06 3.07477e+13
1.21750e-06 3.05871e+13
1.22250e-06 3.02215e+13
1.22750e-06 2.97958e+13
1.23250e-06 2.95148e+13
1.23750e-06 2.92104e+13
1.24250e-06 2.89074e+13
1.24750e-06 2.86181e+13
1.25250e-06 2.82412e+13
1.25750e-06 2.78360e+13
1.26250e-06 2.75899e+13
1.26750e-06 2.73023e+13
1.27250e-06 2.70417e+13
1.27750e-06 2.64172e+13
1.28250e-06 2.37196e+13
1.28750e-06 2.58948e+13
1.29250e-06 2.58549e+13
1.29750e-06 2.57008e+13
1.30250e-06 2.53706e+13
1.30750e-06 2.51990e+13
1.31250e-06 2.47952e+13
1.31750e-06 2.44794e+13
1.32250e-06 2.44088e+13
1.32750e-06 2.40670e+13
1.33250e-06 2.38719e+13
1.33750e-06 2.35948e+13
1.34250e-06 2.34173e+13
1.34750e-06 2.31650e+13
1.35250e-06 2.28890e+13
1.35750e-06 2.25387e+13
1.36250e-06 2.24223e+13
1.36750e-06 2.21539e+13
1.37250e-06 2.17788e+13
1.37750e-06 2.16686e+13
1.38250e-06 2.14806e+13
1.38750e-06 2.13535e+13
1.39250e-06 2.10547e+13
1.39750e-06 2.08715e+13
1.40250e-06 2.06062e+13
1.40750e-06 2.04771e+13
1.41250e-06 2.01568e+13
1.41750e-06 2.00786e+13
1.42250e-06 1.97068e+13
1.42750e-06 1.94600e+13
1.43250e-06 1.94382e+13
1.43750e-06 1.93178e+13
1.44250e-06 1.85957e+13
1.44750e-06 1.88882e+13
1.45250e-06 1.84226e+13
1.45700e-06 1.84687e+13
1.46200e-06 1.82616e+13
1.46750e-06 1.81214e+13
1.47250e-06 1.78179e+13
1.47750e-06 1.76095e+13
1.48250e-06 1.75200e+13
1.48750e-06 1.71726e+13
1.49250e-06 1.73080e+13
1.49750e-06 1.70179e+13
1.50250e-06 1.66867e+13
1.50750e-06 1.65106e+13
1.51250e-06 1.65569e+13
1.51750e-06 1.64152e+13
1.52250e-06 1.61418e+13
1.52750e-06 1.60557e+13
1.53250e-06 1.58438e+13
1.53750e-06 1.57041e+13
1.54250e-06 1.54846e+13
1.54750e-06 1.53830e+13
1.55250e-06 1.51858e+13
1.55750e-06 1.49516e+13
1.56250e-06 1.50275e+13
1.56750e-06 1.46422e+13
1.57250e-06 1.45029e+13
1.57750e-06 1.43348e+13
1.58250e-06 1.43173e+13
1.58750e-06 1.36920e+13
1.59250e-06 1.39901e+13
1.59750e-06 1.40720e+13
1.60500e-06 1.37100e+13
1.61500e-06 1.32314e+13
1.62500e-06 1.33736e+13
1.63500e-06 1.28657e+13
1.64500e-06 1.23570e+13
1.65500e-06 1.25992e+13
1.66500e-06 1.23641e+13
1.67500e-06 1.18196e+13
1.68500e-06 1.12702e+13
1.69500e-06 1.16325e+13
1.70500e-06 1.13374e+13
1.71500e-06 1.11544e+13
1.72500e-06 1.07940e+13
1.73500e-06 9.94031e+12
1.74500e-06 1.02803e+13
1.75500e-06 1.02289e+13
1.76500e-06 1.00284e+13
1.77500e-06 9.85104e+12
1.78500e-06 9.66625e+12
1.79500e-06 9.49723e+12
1.80500e-06 9.23769e+12
1.81500e-06 8.51451e+12
1.82500e-06 8.74009e+12
1.83500e-06 8.73515e+12
1.84500e-06 8.55052e+12
1.85500e-06 8.39902e+12
1.86500e-06 8.16904e+12
1.87500e-06 7.41197e+12
1.88500e-06 7.84860e+12
1.89500e-06 7.67094e+12
1.90500e-06 7.65975e+12
1.91500e-06 7.50312e+12
1.92500e-06 7.35848e+12
1.93500e-06 7.15061e+12
1.94500e-06 6.54359e+12
1.95500e-06 6.90658e+12
1.96500e-06 6.82358e+12
1.97500e-06 6.69150e+12
1.98500e-06 6.59470e+12
1.99500e-06 6.47726e+12
2.00500e-06 6.37383e+12
2.01500e-06 6.27407e+12
2.02500e-06 6.13472e+12
2.03500e-06 6.00298e+12
2.04500e-06 5.94405e+12
2.05500e-06 5.83344e+12
2.06500e-06 5.70570e+12
2.07500e-06 5.62021e+12
2.08500e-06 5.52587e+12
2.09500e-06 5.41316e+12
2.10500e-06 5.33490e+12
2.11500e-06 5.23387e+12
2.12500e-06 5.14293e+12
2.13500e-06 5.06280e+12
2.14500e-06 4.98410e+12
2.15500e-06 4.87086e+12
2.16500e-06 4.44990e+12
2.17500e-06 4.67474e+12
2.18500e-06 4.63623e+12
2.19500e-06 4.58627e+12
2.20500e-06 4.48502e+12
2.21500e-06 4.42173e+12
2.22500e-06 4.35849e+12
2.23500e-06 4.28744e+12
2.24500e-06 4.21622e+12
2.25500e-06 4.13268e+12
2.26500e-06 4.07453e+12
2.27500e-06 4.01259e+12
2.28500e-06 3.94414e+12
2.29500e-06 3.89861e+12
2.30500e-06 3.84621e+12
2.31500e-06 3.77727e+12
2.32500e-06 3.72185e+12
2.33500e-06 3.65459e+12
2.34500e-06 3.60150e+12
2.35500e-06 3.54027e+12
2.36500e-06 3.48743e+12
2.37500e-06 3.42500e+12
2.38500e-06 3.36699e+12
2.39500e-06 3.32212e+12
2.40500e-06 3.26635e+12
2.41500e-06 3.21488e+12
2.42500e-06 3.16650e+12
2.43500e-06 3.11215e+12
2.44500e-06 3.06998e+12
2.45500e-06 3.01221e+12
2.46500e-06 2.97827e+12
2.47500e-06 2.92903e+12
2.48500e-06 2.87598e+12
2.49500e-06 2.83681e+12
2.50500e-06 2.81961e+12
2.51500e-06 2.76811e+12
2.52500e-06 2.71515e+12
2.53500e-06 2.68380e+12
2.54500e-06 2.64798e+12
2.55500e-06 2.60000e+12
2.56500e-06 2.54363e+12
2.57500e-06 2.53408e+12
2.58500e-06 2.48796e+12
2.59500e-06 2.46424e+12
2.60500e-06 2.41771e+12
2.61500e-06 2.35286e+12
2.62500e-06 2.19031e+12
2.63500e-06 2.30643e+12
2.64500e-06 2.28757e+12
2.65500e-06 2.25973e+12
2.66500e-06 2.21146e+12
2.67500e-06 2.16000e+12
2.68500e-06 2.16573e+12
2.69500e-06 2.14647e+12
2.70500e-06 2.11755e+12
2.71500e-06 2.08782e+12
2.72500e-06 2.05924e+12
2.73500e-06 2.03222e+12
2.74500e-06 1.99919e+12
2.75500e-06 1.92693e+12
2.76500e-06 1.92455e+12
2.77500e-06 1.91995e+12
2.78500e-06 1.89793e+12
2.79500e-06 1.87482e+12
2.80500e-06 1.84927e+12
2.81500e-06 1.82526e+12
2.82500e-06 1.80052e+12
2.83500e-06 1.77809e+12
2.84500e-06 1.75016e+12
2.85500e-06 1.72798e+12
2.86500e-06 1.68955e+12
2.87500e-06 1.62367e+12
2.88500e-06 1.65466e+12
2.89500e-06 1.64109e+12
2.90500e-06 1.62093e+12
2.91500e-06 1.59777e+12
2.92500e-06 1.57757e+12
2.93500e-06 1.55945e+12
2.94500e-06 1.53798e+12
2.95500e-06 1.51986e+12
2.96500e-06 1.50101e+12
2.97500e-06 1.48162e+12
2.98500e-06 1.46312e+12
2.99500e-06 1.44304e+12
3.00500e-06 1.42506e+12
3.01500e-06 1.40767e+12
3.02500e-06 1.38549e+12
3.03500e-06 1.32198e+12
3.04500e-06 1.32790e+12
3.05500e-06 1.33589e+12
3.06500e-06 1.32117e+12
3.07500e-06 1.30717e+12
3.08500e-06 1.28834e+12
3.09500e-06 1.27350e+12
3.10500e-06 1.25890e+12
3.11500e-06 1.23713e+12
3.12500e-06 1.22733e+12
3.13500e-06 1.21350e+12
3.14500e-06 1.19848e+12
3.15500e-06 1.18238e+12
3.16500e-06 1.17071e+12
3.17500e-06 1.15576e+12
3.18500e-06 1.14316e+12
3.19500e-06 1.13019e+12
3.21000e-06 1.10879e+12
3.23000e-06 1.08402e+12
3.25000e-06 1.05820e+12
3.27000e-06 1.03275e+12
3.29000e-06 9.76379e+11
3.31000e-06 9.79676e+11
3.33000e-06 9.63085e+11
3.35000e-06 9.43093e+11
3.37000e-06 9.19958e+11
3.39000e-06 8.99103e+11
3.41000e-06 8.78350e+11
3.43000e-06 8.61092e+11
3.45000e-06 8.43382e+11
3.47000e-06 8.24146e+11
3.49000e-06 8.06407e+11
3.51000e-06 7.89018e+11
3.53000e-06 7.71365e+11
3.55000e-06 7.55075e+11
3.57000e-06 7.37860e+11
3.59000e-06 7.22616e+11
3.61000e-06 7.07578e+11
3.63000e-06 6.93399e+11
3.65000e-06 6.76800e+11
3.67000e-06 6.63430e+11
3.69000e-06 6.45937e+11
3.71000e-06 6.33572e+11
3.73000e-06 6.13285e+11
3.75000e-06 5.93312e+11
3.77000e-06 5.97159e+11
3.79000e-06 5.85575e+11
3.81000e-06 5.72904e+11
3.83000e-06 5.62544e+11
3.85000e-06 5.52877e+11
3.87000e-06 5.40889e+11
3.89000e-06 5.29939e+11
3.91000e-06 5.18075e+11
3.93000e-06 5.10596e+11
3.95000e-06 5.00102e+11
3.97000e-06 4.90941e+11
3.99000e-06 4.79666e+11
4.01000e-06 4.69364e+11
4.03000e-06 4.60611e+11
4.05000e-06 4.40570e+11
4.07000e-06 4.44915e+11
4.09000e-06 4.37152e+11
4.11000e-06 4.29629e+11
4.13000e-06 4.21834e+11
4.15000e-06 4.13031e+11
4.17000e-06 4.02211e+11
4.19000e-06 3.97822e+11
4.21000e-06 3.89970e+11
4.23000e-06 3.84649e+11
4.25000e-06 3.77158e+11
4.27000e-06 3.70740e+11
4.29000e-06 3.63955e+11
4.31000e-06 3.57219e+11
4.33000e-06 3.50551e+11
4.35000e-06 3.43950e+11
4.37000e-06 3.33707e+11
4.39000e-06 3.30849e+11
4.41000e-06 3.25395e+11
4.43000e-06 3.20237e+11
4.45000e-06 3.14797e+11
4.47000e-06 3.09365e+11
4.49000e-06 3.04205e+11
4.51000e-06 2.98975e+11
4.53000e-06 2.93808e+11
4.55000e-06 2.88937e+11
4.57000e-06 2.84015e+11
4.59000e-06 2.79042e+11
4.61000e-06 2.74658e+11
4.63000e-06 2.69865e+11
4.65000e-06 2.57043e+11
4.67000e-06 2.56141e+11
4.69000e-06 2.56479e+11
4.71000e-06 2.52811e+11
4.73000e-06 2.48859e+11
4.75000e-06 2.44697e+11
4.77000e-06 2.40795e+11
4.79000e-06 2.37015e+11
4.81000e-06 2.33094e+11
4.83000e-06 2.29440e+11
4.85000e-06 2.25694e+11
4.87000e-06 2.22144e+11
4.89000e-06 2.18645e+11
4.91000e-06 2.15149e+11
4.93000e-06 2.11794e+11
4.95000e-06 2.08395e+11
4.97000e-06 2.05181e+11
4.99000e-06 2.02087e+11
5.01000e-06 1.98916e+11
5.03000e-06 1.95878e+11
5.05000e-06 1.92793e+11
5.07000e-06 1.89898e+11
5.09000e-06 1.86968e+11
5.11000e-06 1.83690e+11
5.13000e-06 1.77494e+11
5.15000e-06 1.78447e+11
5.17000e-06 1.75998e+11
5.19000e-06 1.73371e+11
5.21000e-06 1.70669e+11
5.23000e-06 1.68154e+11
5.25000e-06 1.65796e+11
5.27000e-06 1.63359e+11
5.29000e-06 1.60928e+11
5.31000e-06 1.58596e+11
5.33000e-06 1.56281e+11
5.35000e-06 1.54009e+11
5.37000e-06 1.51688e+11
5.39000e-06 1.49579e+11
5.41000e-06 1.47484e+11
5.43000e-06 1.45224e+11
5.45000e-06 1.43285e+11
5.47000e-06 1.41030e+11
5.49000e-06 1.39217e+11
5.51000e-06 1.37315e+11
5.53000e-06 1.35338e+11
5.55000e-06 1.33484e+11
5.57000e-06 1.31616e+11
5.59000e-06 1.29567e+11
5.61000e-06 1.27986e+11
5.63000e-06 1.26175e+11
5.65000e-06 1.24517e+11
5.67000e-06 1.22808e+11
5.69000e-06 1.21085e+11
5.71000e-06 1.19476e+11
5.73000e-06 1.17863e+11
5.75000e-06 1.16258e+11
5.77000e-06 1.14661e+11
5.79000e-06 1.13095e+11
5.81000e-06 1.11604e+11
5.83000e-06 1.10142e+11
5.85000e-06 1.08698e+11
5.87000e-06 1.07180e+11
5.89000e-06 1.05398e+11
5.91000e-06 1.02005e+11
5.93000e-06 1.02950e+11
5.95000e-06 1.01496e+11
5.97000e-06 1.00369e+11
5.99000e-06 9.90658e+10
6.01000e-06 9.77202e+10
6.03000e-06 9.65415e+10
6.05000e-06 9.53052e+10
6.07000e-06 9.40402e+10
6.09000e-06 9.27918e+10
6.11000e-06 9.15162e+10
6.13000e-06 9.04929e+10
6.15000e-06 8.93695e+10
6.17000e-06 8.82339e+10
6.19000e-06 8.71209e+10
6.21000e-06 8.60321e+10
6.23000e-06 8.48070e+10
6.25000e-06 8.38427e+10
6.27000e-06 8.27960e+10
6.29000e-06 8.18218e+10
6.31000e-06 8.07098e+10
6.33000e-06 7.98085e+10
6.35000e-06 7.88198e+10
6.37000e-06 7.78400e+10
6.39000e-06 7.68876e+10
6.42000e-06 7.55099e+10
6.46000e-06 7.36614e+10
6.50000e-06 7.18748e+10
6.54000e-06 7.02135e+10
6.58000e-06 6.85593e+10
6.62000e-06 6.69321e+10
6.66000e-06 6.53857e+10
6.70000e-06 6.38520e+10
6.74000e-06 6.23616e+10
6.78000e-06 6.09485e+10
6.82000e-06 5.95545e+10
6.86000e-06 5.81992e+10
6.90000e-06 5.68815e+10
6.94000e-06 5.55933e+10
6.98000e-06 5.43680e+10
7.02000e-06 5.31340e+10
7.06000e-06 5.19811e+10
7.10000e-06 5.08515e+10
7.14000e-06 4.97380e+10
7.18000e-06 4.86526e+10
7.22000e-06 4.75824e+10
7.26000e-06 4.65692e+10
7.30000e-06 4.55915e+10
7.34000e-06 4.46065e+10
7.38000e-06 4.36767e+10
7.42000e-06 4.27377e+10
7.46000e-06 4.13038e+10
7.50000e-06 4.04773e+10
7.54000e-06 4.01192e+10
7.58000e-06 3.93140e+10
7.62000e-06 3.85078e+10
7.66000e-06 3.77260e+10
7.70000e-06 3.69519e+10
7.74000e-06 3.62150e+10
7.78000e-06 3.54888e+10
7.82000e-06 3.47798e+10
7.86000e-06 3.40895e+10
7.90000e-06 3.34144e+10
7.94000e-06 3.27553e+10
7.98000e-06 3.21159e+10
8.02000e-06 3.14813e+10
8.06000e-06 3.08692e+10
8.10000e-06 3.02820e+10
8.14000e-06 2.96872e+10
8.18000e-06 2.91250e+10
8.22000e-06 2.85774e+10
8.26000e-06 2.80335e+10
8.30000e-06 2.75070e+10
8.34000e-06 2.69783e+10
8.38000e-06 2.64778e+10
8.42000e-06 2.59925e+10
8.46000e-06 2.55131e+10
8.50000e-06 2.50441e+10
8.54000e-06 2.45838e+10
8.58000e-06 2.41356e+10
8.62000e-06 2.36946e+10
8.66000e-06 2.32697e+10
8.70000e-06 2.28517e+10
8.74000e-06 2.24408e+10
8.78000e-06 2.20408e+10
8.82000e-06 2.16428e+10
8.86000e-06 2.12631e+10
8.90000e-06 2.08854e+10
8.94000e-06 2.05241e+10
8.98000e-06 2.01590e+10
9.02000e-06 1.98139e+10
9.06000e-06 1.94755e+10
9.10000e-06 1.91322e+10
9.14000e-06 1.88055e+10
9.18000e-06 1.84891e+10
9.22000e-06 1.81761e+10
9.26000e-06 1.78674e+10
9.30000e-06 1.75672e+10
9.34000e-06 1.72707e+10
9.38000e-06 1.69833e+10
9.42000e-06 1.66997e+10
9.46000e-06 1.64228e+10
9.50000e-06 1.61512e+10
9.54000e-06 1.58828e+10
9.58000e-06 1.56264e+10
9.62000e-06 1.53689e+10
9.66000e-06 1.51220e+10
9.70000e-06 1.48774e+10
9.74000e-06 1.46304e+10
9.78000e-06 1.43995e+10
9.82000e-06 1.41703e+10
9.86000e-06 1.39459e+10
9.90000e-06 1.37258e+10
9.94000e-06 1.35065e+10
9.98000e-06 1.32941e+10
1.00200e-05 1.30857e+10
2.00000e-05 8.42605e+08
4.00000e-05 5.26905e+07
6.00000e-05 1.03418e+07
8.00000e-05 3.25089e+06
1.00000e-04 1.32376e+06
1.20000e-04 6.35052e+05
1.40000e-04 3.41210e+05
1.60000e-04 1.99182e+05
