9.09000e-09 0.00000e+00
9.35000e-09 0.00000e+00
9.61000e-09 0.00000e+00
9.77000e-09 0.00000e+00
9.96000e-09 0.00000e+00
1.02000e-08 0.00000e+00
1.03800e-08 0.00000e+00
1.05600e-08 0.00000e+00
1.07700e-08 0.00000e+00
1.10400e-08 0.00000e+00
1.14000e-08 0.00000e+00
1.17800e-08 0.00000e+00
1.21300e-08 0.00000e+00
1.24800e-08 0.00000e+00
1.27100e-08 0.00000e+00
1.28400e-08 0.00000e+00
1.30500e-08 0.00000e+00
1.32400e-08 0.00000e+00
1.33900e-08 0.00000e+00
1.36600e-08 0.00000e+00
1.39800e-08 0.00000e+00
1.43300e-08 0.00000e+00
1.47200e-08 0.00000e+00
1.51000e-08 0.00000e+00
1.55200e-08 0.00000e+00
1.58800e-08 0.00000e+00
1.62000e-08 0.00000e+00
1.66000e-08 0.00000e+00
1.70300e-08 0.00000e+00
1.73400e-08 0.00000e+00
1.76800e-08 0.00000e+00
1.80200e-08 0.00000e+00
1.81700e-08 0.00000e+00
1.86100e-08 0.00000e+00
1.91000e-08 0.00000e+00
1.93900e-08 0.00000e+00
1.98400e-08 0.00000e+00
2.01800e-08 0.00000e+00
2.05000e-08 0.00000e+00
2.10500e-08 0.00000e+00
2.16200e-08 0.00000e+00
2.19800e-08 0.00000e+00
2.23000e-08 0.00000e+00
2.26800e-08 0.00000e+00
2.30000e-08 0.00000e+00
2.34000e-08 0.00000e+00
2.40000e-08 0.00000e+00
2.46500e-08 0.00000e+00
2.52400e-08 0.00000e+00
2.56800e-08 0.00000e+00
2.60000e-08 0.00000e+00
2.64000e-08 0.00000e+00
2.68500e-08 0.00000e+00
2.73500e-08 0.00000e+00
2.78500e-08 0.00000e+00
2.84000e-08 0.00000e+00
2.90000e-08 0.00000e+00
2.96000e-08 0.00000e+00
3.01000e-08 0.00000e+00
3.08000e-08 0.00000e+00
3.18000e-08 0.00000e+00
3.28000e-08 0.00000e+00
3.38000e-08 0.00000e+00
3.48000e-08 0.00000e+00
3.57000e-08 0.00000e+00
3.66000e-08 0.00000e+00
3.75000e-08 0.00000e+00
3.85000e-08 0.00000e+00
3.95000e-08 0.00000e+00
4.05000e-08 0.00000e+00
4.14000e-08 0.00000e+00
4.22000e-08 0.00000e+00
4.30000e-08 0.00000e+00
4.41000e-08 0.00000e+00
4.51000e-08 0.00000e+00
4.60000e-08 0.00000e+00
4.70000e-08 0.00000e+00
4.80000e-08 0.00000e+00
4.90000e-08 0.00000e+00
5.00000e-08 0.00000e+00
5.06000e-08 0.00000e+00
5.12000e-08 0.00000e+00
5.20000e-08 0.00000e+00
5.30000e-08 0.00000e+00
5.40000e-08 0.00000e+00
5.50000e-08 0.00000e+00
5.60000e-08 0.00000e+00
5.70000e-08 0.00000e+00
5.80000e-08 0.00000e+00
5.90000e-08 0.00000e+00
6.00000e-08 0.00000e+00
6.10000e-08 0.00000e+00
6.20000e-08 0.00000e+00
6.30000e-08 0.00000e+00
6.40000e-08 0.00000e+00
6.50000e-08 0.00000e+00
6.58000e-08 0.00000e+00
6.65000e-08 0.00000e+00
6.75000e-08 0.00000e+00
6.85000e-08 0.00000e+00
6.95000e-08 0.00000e+00
7.05000e-08 0.00000e+00
7.16000e-08 0.00000e+00
7.26000e-08 0.00000e+00
7.35000e-08 0.00000e+00
7.45000e-08 0.00000e+00
7.55000e-08 0.00000e+00
7.65000e-08 0.00000e+00
7.75000e-08 0.00000e+00
7.85000e-08 0.00000e+00
7.95000e-08 0.00000e+00
8.05000e-08 0.00000e+00
8.15000e-08 0.00000e+00
8.25000e-08 0.00000e+00
8.35000e-08 0.00000e+00
8.45000e-08 0.00000e+00
8.55000e-08 0.00000e+00
8.65000e-08 0.00000e+00
8.75000e-08 0.00000e+00
8.85000e-08 0.00000e+00
8.95000e-08 0.00000e+00
9.05000e-08 0.00000e+00
9.15000e-08 0.00000e+00
9.25000e-08 4.33258e+01
9.35000e-08 6.20282e+01
9.45000e-08 9.21677e+01
9.55000e-08 1.37809e+02
9.65000e-08 2.01104e+02
9.75000e-08 2.78542e+02
9.85000e-08 3.94699e+02
9.95000e-08 5.48148e+02
1.00500e-07 8.02528e+02
1.01500e-07 1.10555e+03
1.02500e-07 1.38565e+03
1.03500e-07 2.09989e+03
1.04500e-07 2.88513e+03
1.05500e-07 3.81968e+03
1.06500e-07 5.14098e+03
1.07500e-07 6.92907e+03
1.08500e-07 9.26445e+03
1.09500e-07 1.19700e+04
1.10500e-07 3.94618e+04
1.11500e-07 6.33993e+04
1.12500e-07 9.18113e+04
1.13500e-07 1.33924e+05
1.14500e-07 1.78577e+05
1.15500e-07 2.12998e+05
1.16500e-07 2.87955e+05
1.17500e-07 3.70912e+05
1.18500e-07 4.21768e+05
1.19500e-07 3.86327e+05
1.20500e-07 4.40705e+05
1.21500e-07 1.80926e+05
1.22500e-07 6.14643e+05
1.23500e-07 1.09312e+06
1.24500e-07 1.44791e+06
1.25500e-07 1.72990e+06
1.26500e-07 1.89349e+06
1.27500e-07 2.33043e+06
1.28500e-07 2.64018e+06
1.29500e-07 3.22384e+06
1.30500e-07 3.44229e+06
1.31500e-07 4.28206e+06
1.32500e-07 4.53332e+06
1.33500e-07 5.16005e+06
1.34500e-07 6.08092e+06
1.35500e-07 7.13316e+06
1.36500e-07 7.78846e+06
1.37500e-07 8.64639e+06
1.38500e-07 9.75044e+06
1.39500e-07 1.11161e+07
1.40500e-07 1.34180e+07
1.41500e-07 1.54414e+07
1.42500e-07 1.79543e+07
1.43500e-07 2.13006e+07
1.44200e-07 2.66184e+07
1.44700e-07 2.50349e+07
1.45500e-07 2.90793e+07
1.46500e-07 3.65861e+07
1.47500e-07 4.20916e+07
1.48500e-07 4.61085e+07
1.49500e-07 5.82889e+07
1.50500e-07 7.04570e+07
1.51200e-07 5.84719e+07
1.51700e-07 7.14372e+07
1.52500e-07 1.52173e+08
1.53500e-07 2.45843e+08
1.54500e-07 2.07397e+08
1.55500e-07 3.36109e+08
1.56500e-07 3.19046e+08
1.57500e-07 5.83633e+08
1.58500e-07 7.09725e+08
1.59500e-07 8.28843e+08
1.60500e-07 8.94141e+08
1.61500e-07 9.84846e+08
1.62500e-07 1.10929e+09
1.63500e-07 1.29468e+09
1.64500e-07 1.82753e+09
1.65500e-07 1.21437e+09
1.66500e-07 2.12376e+09
1.67200e-07 1.53275e+09
1.67700e-07 5.44655e+09
1.68500e-07 6.13455e+09
1.69500e-07 7.61702e+09
1.70500e-07 8.26273e+09
1.71500e-07 7.79059e+09
1.72500e-07 9.96524e+09
1.73500e-07 1.18614e+10
1.74500e-07 1.63484e+10
1.75500e-07 2.20422e+10
1.76500e-07 2.05270e+10
1.77500e-07 2.24762e+10
1.78500e-07 2.96314e+10
1.79500e-07 3.57657e+10
1.80500e-07 3.82417e+10
1.81500e-07 3.58155e+10
1.82500e-07 4.51799e+10
1.83500e-07 4.72879e+10
1.84500e-07 3.63347e+10
1.85500e-07 5.24134e+10
1.86500e-07 6.18565e+10
1.87500e-07 6.68618e+10
1.88500e-07 7.17693e+10
1.89500e-07 9.36165e+10
1.90500e-07 9.14839e+10
1.91500e-07 1.02359e+11
1.92500e-07 1.03474e+11
1.93500e-07 7.52510e+10
1.94500e-07 1.34180e+11
1.95500e-07 1.40706e+11
1.96700e-07 1.82996e+11
1.97600e-07 1.73816e+11
1.98400e-07 2.05437e+11
1.99500e-07 2.14877e+11
2.00500e-07 2.09300e+11
2.01500e-07 2.31482e+11
2.02500e-07 1.89117e+11
2.03500e-07 2.61350e+11
2.04500e-07 3.02806e+11
2.05500e-07 3.13693e+11
2.06500e-07 3.14629e+11
2.07400e-07 3.41814e+11
2.07800e-07 1.11673e+12
2.08500e-07 1.55780e+12
2.09500e-07 1.41232e+12
2.10500e-07 1.40922e+12
2.11500e-07 1.72438e+12
2.12500e-07 1.50655e+12
2.13500e-07 1.50247e+12
2.14500e-07 2.06918e+12
2.15500e-07 1.90782e+12
2.16500e-07 1.60716e+12
2.17500e-07 1.55888e+12
2.18500e-07 2.42157e+12
2.19500e-07 2.20837e+12
2.20500e-07 2.24495e+12
2.21500e-07 1.58679e+12
2.22500e-07 2.16498e+12
2.23500e-07 3.19079e+12
2.24500e-07 3.03177e+12
2.25500e-07 2.11613e+12
2.26500e-07 1.75587e+12
2.27500e-07 1.88750e+12
2.28500e-07 3.26336e+12
2.29500e-07 2.38862e+12
2.30500e-07 3.27080e+12
2.31500e-07 2.60347e+12
2.32500e-07 2.21858e+12
2.33500e-07 1.91785e+12
2.34500e-07 1.16376e+12
2.35500e-07 2.60205e+12
2.36500e-07 1.40105e+12
2.37500e-07 1.89226e+12
2.38500e-07 1.07120e+12
2.39500e-07 1.39500e+12
2.40500e-07 1.44869e+12
2.41500e-07 1.67061e+12
2.42500e-07 3.31789e+12
2.43500e-07 3.39044e+12
2.44500e-07 4.29312e+12
2.45500e-07 4.75477e+12
2.46500e-07 3.65252e+12
2.47500e-07 3.07405e+12
2.48500e-07 1.25717e+12
2.49500e-07 1.97630e+12
2.50500e-07 3.50991e+12
2.51300e-07 1.30406e+12
2.51800e-07 9.20328e+11
2.52500e-07 1.07578e+12
2.53500e-07 2.41208e+12
2.54500e-07 2.52223e+12
2.55500e-07 6.26324e+12
2.56500e-07 4.23122e+12
2.57500e-07 6.02541e+12
2.58500e-07 5.14804e+12
2.59500e-07 4.52153e+12
2.60500e-07 3.72787e+12
2.61500e-07 3.28755e+12
2.62500e-07 4.79547e+12
2.63500e-07 1.00200e+13
2.64500e-07 1.37746e+13
2.65500e-07 2.08727e+13
2.66500e-07 1.19010e+13
2.67500e-07 1.40328e+13
2.68500e-07 1.70550e+13
2.69500e-07 1.13097e+13
2.70500e-07 1.45033e+13
2.71500e-07 9.77854e+12
2.72500e-07 6.51676e+12
2.73500e-07 9.43309e+12
2.74500e-07 4.91108e+12
2.75500e-07 7.37079e+12
2.76500e-07 1.02214e+13
2.77500e-07 1.04855e+13
2.78500e-07 5.63185e+12
2.79500e-07 2.35538e+12
2.80500e-07 2.94417e+12
2.81500e-07 9.06761e+12
2.82500e-07 1.42462e+13
2.83500e-07 1.29225e+13
2.84500e-07 7.32514e+12
2.85500e-07 3.54017e+12
2.86500e-07 1.17716e+13
2.87500e-07 1.98054e+13
2.88500e-07 1.68472e+13
2.89500e-07 2.26536e+13
2.91000e-07 3.07738e+13
2.93000e-07 2.63416e+13
2.95000e-07 2.41891e+13
2.97000e-07 2.51047e+13
2.99000e-07 2.57488e+13
3.01000e-07 2.55600e+13
3.03000e-07 2.77399e+13
3.05000e-07 2.90588e+13
3.07000e-07 3.15026e+13
3.09000e-07 2.95435e+13
3.11000e-07 3.44908e+13
3.13000e-07 3.22030e+13
3.15000e-07 3.06373e+13
3.17000e-07 3.34974e+13
3.19000e-07 2.93688e+13
3.21000e-07 3.29219e+13
3.23000e-07 2.71102e+13
3.25000e-07 3.84702e+13
3.27000e-07 4.51989e+13
3.29000e-07 4.31753e+13
3.31000e-07 4.09909e+13
3.33000e-07 4.21613e+13
3.35000e-07 4.10484e+13
3.37000e-07 3.05248e+13
3.39000e-07 3.54009e+13
3.41000e-07 3.57159e+13
3.43000e-07 3.71290e+13
3.45000e-07 3.95579e+13
3.47000e-07 4.14404e+13
3.49000e-07 4.59187e+13
3.51000e-07 4.80511e+13
3.53000e-07 4.37502e+13
3.55000e-07 5.06961e+13
3.57000e-07 3.61481e+13
3.59000e-07 3.54015e+13
3.61000e-07 4.34977e+13
3.63000e-07 4.37773e+13
3.64000e-07 4.50668e+13
3.65000e-07 5.14429e+13
3.67000e-07 5.33144e+13
3.69000e-07 4.89586e+13
3.71000e-07 5.23817e+13
3.73000e-07 3.74702e+13
3.75000e-07 4.25287e+13
3.77000e-07 5.22226e+13
3.79000e-07 5.37632e+13
3.81000e-07 5.18377e+13
3.83000e-07 2.89156e+13
3.85000e-07 4.20916e+13
3.87000e-07 4.04780e+13
3.89000e-07 4.88512e+13
3.91000e-07 5.74776e+13
3.93000e-07 2.95508e+13
3.95000e-07 5.00802e+13
3.97000e-07 3.52424e+13
3.99000e-07 6.96024e+13
4.01000e-07 7.38462e+13
4.03000e-07 7.47017e+13
4.05000e-07 7.16368e+13
4.07000e-07 6.88694e+13
4.09000e-07 7.94016e+13
4.11000e-07 7.74064e+13
4.13000e-07 7.77098e+13
4.15000e-07 7.78901e+13
4.17000e-07 7.89516e+13
4.19000e-07 7.47040e+13
4.21000e-07 7.56432e+13
4.23000e-07 7.21757e+13
4.25000e-07 7.27953e+13
4.27000e-07 6.80507e+13
4.29000e-07 6.27505e+13
4.31000e-07 5.19279e+13
4.33000e-07 7.60196e+13
4.35000e-07 7.30267e+13
4.37000e-07 8.03986e+13
4.39000e-07 7.29335e+13
4.41000e-07 7.85419e+13
4.43000e-07 8.39408e+13
4.45000e-07 8.27504e+13
4.47000e-07 8.73832e+13
4.49000e-07 8.79407e+13
4.51000e-07 9.68418e+13
4.53000e-07 8.76117e+13
4.55000e-07 9.06009e+13
4.57000e-07 9.59914e+13
4.59000e-07 9.04396e+13
4.61000e-07 9.23297e+13
4.63000e-07 9.09081e+13
4.65000e-07 9.18039e+13
4.67000e-07 9.43117e+13
4.69000e-07 9.23872e+13
4.71000e-07 8.96242e+13
4.73000e-07 9.34345e+13
4.75000e-07 9.48584e+13
4.77000e-07 9.51111e+13
4.79000e-07 9.45943e+13
4.81000e-07 9.33322e+13
4.83000e-07 9.50349e+13
4.85000e-07 8.89354e+13
4.87000e-07 7.92508e+13
4.89000e-07 8.95739e+13
4.91000e-07 8.96161e+13
4.93000e-07 8.79000e+13
4.95000e-07 9.15023e+13
4.97000e-07 9.22178e+13
4.99000e-07 8.59532e+13
5.01000e-07 8.26912e+13
5.03000e-07 8.71035e+13
5.05000e-07 8.74106e+13
5.07000e-07 9.09799e+13
5.09000e-07 8.73392e+13
5.11000e-07 8.87114e+13
5.13000e-07 8.66210e+13
5.15000e-07 8.34837e+13
5.17000e-07 7.57354e+13
5.19000e-07 7.68829e+13
5.21000e-07 8.40437e+13
5.23000e-07 8.51224e+13
5.25000e-07 8.79044e+13
5.27000e-07 7.80824e+13
5.29000e-07 8.71011e+13
5.31000e-07 9.00550e+13
5.33000e-07 8.15857e+13
5.35000e-07 8.73920e+13
5.37000e-07 8.66652e+13
5.39000e-07 8.57664e+13
5.41000e-07 8.29620e+13
5.43000e-07 8.52268e+13
5.45000e-07 8.70757e+13
5.47000e-07 8.55739e+13
5.49000e-07 8.60715e+13
5.51000e-07 8.53038e+13
5.53000e-07 8.56846e+13
5.55000e-07 8.64245e+13
5.57000e-07 8.40782e+13
5.59000e-07 8.25976e+13
5.61000e-07 8.49125e+13
5.63000e-07 8.49319e+13
5.65000e-07 8.50822e+13
5.67000e-07 8.30828e+13
5.69000e-07 8.41962e+13
5.71000e-07 8.25398e+13
5.73000e-07 8.71705e+13
5.75000e-07 8.43762e+13
5.77000e-07 8.49759e+13
5.79000e-07 8.29841e+13
5.81000e-07 8.44014e+13
5.83000e-07 8.54471e+13
5.85000e-07 8.35285e+13
5.87000e-07 8.36207e+13
5.89000e-07 7.84462e+13
5.91000e-07 8.25368e+13
5.93000e-07 8.23442e+13
5.95000e-07 8.24088e+13
5.97000e-07 8.25023e+13
5.99000e-07 8.15932e+13
6.01000e-07 8.02334e+13
6.03000e-07 8.05640e+13
6.05000e-07 8.18715e+13
6.07000e-07 8.11335e+13
6.09000e-07 7.92698e+13
6.11000e-07 7.86397e+13
6.13000e-07 7.57463e+13
6.15000e-07 7.69029e+13
6.17000e-07 7.45803e+13
6.19000e-07 7.79790e+13
6.21000e-07 7.79747e+13
6.23000e-07 7.59413e+13
6.25000e-07 7.38599e+13
6.27000e-07 7.67128e+13
6.29000e-07 7.67742e+13
6.31000e-07 7.46959e+13
6.33000e-07 7.50022e+13
6.35000e-07 7.51004e+13
6.37000e-07 7.46444e+13
6.39000e-07 7.49621e+13
6.41000e-07 7.30372e+13
6.43000e-07 7.37499e+13
6.45000e-07 7.29871e+13
6.47000e-07 7.24691e+13
6.49000e-07 7.15026e+13
6.51000e-07 7.27476e+13
6.53000e-07 7.24210e+13
6.55000e-07 6.91062e+13
6.56125e-07 6.06924e+13
6.59000e-07 7.03310e+13
6.61000e-07 7.17099e+13
6.63000e-07 7.11484e+13
6.65000e-07 7.09512e+13
6.67000e-07 7.00529e+13
6.69000e-07 7.09647e+13
6.71000e-07 6.93926e+13
6.73000e-07 7.00978e+13
6.75000e-07 6.93151e+13
6.77000e-07 6.92728e+13
6.79000e-07 6.87680e+13
6.81000e-07 6.83306e+13
6.83000e-07 6.85124e+13
6.85000e-07 6.69576e+13
6.87000e-07 6.75757e+13
6.89000e-07 6.75887e+13
6.91000e-07 6.69510e+13
6.93000e-07 6.67236e+13
6.95000e-07 6.63565e+13
6.97000e-07 6.61895e+13
6.99000e-07 6.59184e+13
7.01000e-07 6.40762e+13
7.03000e-07 6.48457e+13
7.05000e-07 6.49482e+13
7.07000e-07 6.42791e+13
7.09000e-07 6.38802e+13
7.11000e-07 6.39715e+13
7.13000e-07 6.29772e+13
7.15000e-07 6.25392e+13
7.17000e-07 6.24334e+13
7.19000e-07 6.07901e+13
7.21000e-07 6.17556e+13
7.23000e-07 6.17243e+13
7.25000e-07 6.18379e+13
7.27000e-07 6.15374e+13
7.29000e-07 5.98596e+13
7.31000e-07 6.06070e+13
7.33000e-07 6.04043e+13
7.35000e-07 6.04052e+13
7.37000e-07 6.03365e+13
7.39000e-07 5.88018e+13
7.41000e-07 5.74330e+13
7.43000e-07 5.85955e+13
7.45000e-07 5.85874e+13
7.47000e-07 5.88534e+13
7.49000e-07 5.82447e+13
7.51000e-07 5.80838e+13
7.53000e-07 5.80707e+13
7.55000e-07 5.80701e+13
7.57000e-07 5.74777e+13
7.59000e-07 5.71693e+13
7.61000e-07 5.68380e+13
7.63000e-07 5.68432e+13
7.65000e-07 5.66720e+13
7.67000e-07 5.50838e+13
7.69000e-07 5.61196e+13
7.71000e-07 5.52838e+13
7.73000e-07 5.53253e+13
7.75000e-07 5.45521e+13
7.77000e-07 5.51022e+13
7.79000e-07 5.50357e+13
7.81000e-07 5.46473e+13
7.83000e-07 5.40078e+13
7.85000e-07 5.37158e+13
7.87000e-07 5.41274e+13
7.89000e-07 5.37935e+13
7.91000e-07 5.30136e+13
7.93000e-07 5.20953e+13
7.95000e-07 5.19832e+13
7.97000e-07 5.26798e+13
7.99000e-07 5.26118e+13
8.01000e-07 5.17816e+13
8.03000e-07 5.16577e+13
8.05000e-07 5.11979e+13
8.07000e-07 5.14367e+13
8.09000e-07 5.04672e+13
8.11000e-07 5.08521e+13
8.13000e-07 5.08690e+13
8.15000e-07 5.04926e+13
8.17000e-07 5.02852e+13
8.19000e-07 4.87750e+13
8.21000e-07 4.88831e+13
8.23000e-07 4.86697e+13
8.25000e-07 4.89217e+13
8.27000e-07 4.92488e+13
8.29000e-07 4.89271e+13
8.31000e-07 4.79968e+13
8.33000e-07 4.75701e+13
8.35000e-07 4.77742e+13
8.37000e-07 4.78339e+13
8.39000e-07 4.68905e+13
8.41000e-07 4.74641e+13
8.43000e-07 4.65415e+13
8.45000e-07 4.67346e+13
8.47000e-07 4.62621e+13
8.49000e-07 4.63663e+13
8.51000e-07 4.44377e+13
8.53000e-07 4.61499e+13
8.55000e-07 4.34946e+13
8.57000e-07 4.61218e+13
8.59000e-07 4.50005e+13
8.61000e-07 4.48217e+13
8.63000e-07 4.52808e+13
8.65000e-07 4.51352e+13
8.67000e-07 4.18324e+13
8.69000e-07 4.36276e+13
8.71000e-07 4.40944e+13
8.73000e-07 4.39682e+13
8.75000e-07 4.29181e+13
8.77000e-07 4.38002e+13
8.79000e-07 4.33968e+13
8.81000e-07 4.23753e+13
8.83000e-07 4.29151e+13
8.85000e-07 4.27748e+13
8.87000e-07 4.14808e+13
8.89000e-07 4.27201e+13
8.91000e-07 4.27516e+13
8.93000e-07 4.18753e+13
8.95000e-07 4.18628e+13
8.97000e-07 4.18463e+13
8.99000e-07 4.18137e+13
9.01000e-07 3.97186e+13
9.03000e-07 4.10370e+13
9.05000e-07 4.16286e+13
9.07000e-07 4.07812e+13
9.09000e-07 3.96860e+13
9.11000e-07 4.01052e+13
9.13000e-07 4.06297e+13
9.15000e-07 4.04235e+13
9.17000e-07 4.02371e+13
9.19000e-07 4.03757e+13
9.21000e-07 3.93429e+13
9.23000e-07 3.82639e+13
9.25000e-07 3.88110e+13
9.27000e-07 3.91404e+13
9.29000e-07 3.92100e+13
9.31000e-07 3.92147e+13
9.33000e-07 3.88762e+13
9.35000e-07 3.87010e+13
9.37000e-07 3.84382e+13
9.39000e-07 3.84425e+13
9.41000e-07 3.69276e+13
9.43000e-07 3.79832e+13
9.45000e-07 3.73763e+13
9.47000e-07 3.78054e+13
9.49000e-07 3.78077e+13
9.51000e-07 3.74314e+13
9.53000e-07 3.71417e+13
9.55000e-07 3.55947e+13
9.57000e-07 3.66344e+13
9.59000e-07 3.69312e+13
9.61000e-07 3.64774e+13
9.63000e-07 3.60693e+13
9.65000e-07 3.58904e+13
9.67000e-07 3.57550e+13
9.69000e-07 3.60055e+13
9.71000e-07 3.57607e+13
9.73000e-07 3.56659e+13
9.75000e-07 3.52336e+13
9.77000e-07 3.51878e+13
9.79000e-07 3.49620e+13
9.81000e-07 3.50564e+13
9.83000e-07 3.48863e+13
9.85000e-07 3.48061e+13
9.87000e-07 3.44447e+13
9.89000e-07 3.42844e+13
9.91000e-07 3.41764e+13
9.93000e-07 3.42731e+13
9.95000e-07 3.41480e+13
9.97000e-07 3.40085e+13
9.99000e-07 3.38023e+13
1.00250e-06 3.33744e+13
1.00750e-06 3.26520e+13
1.01250e-06 3.27889e+13
1.01750e-06 3.22375e+13
1.02250e-06 3.20588e+13
1.02750e-06 3.18853e+13
1.03250e-06 3.12822e+13
1.03750e-06 3.09621e+13
1.04250e-06 3.08374e+13
1.04750e-06 3.03062e+13
1.05250e-06 3.01770e+13
1.05750e-06 2.97684e+13
1.06250e-06 2.93811e+13
1.06750e-06 2.86698e+13
1.07250e-06 2.86900e+13
1.07750e-06 2.82861e+13
1.08250e-06 2.77650e+13
1.08750e-06 2.75835e+13
1.09250e-06 2.70517e+13
1.09750e-06 2.69737e+13
1.10250e-06 2.71176e+13
1.10750e-06 2.69725e+13
1.11250e-06 2.66070e+13
1.11750e-06 2.62724e+13
1.12250e-06 2.61530e+13
1.12750e-06 2.55574e+13
1.13250e-06 2.54400e+13
1.13750e-06 2.52096e+13
1.14250e-06 2.47842e+13
1.14750e-06 2.49461e+13
1.15250e-06 2.46966e+13
1.15750e-06 2.43142e+13
1.16250e-06 2.38794e+13
1.16750e-06 2.37292e+13
1.17250e-06 2.37988e+13
1.17750e-06 2.32077e+13
1.18250e-06 2.29903e+13
1.18750e-06 2.27100e+13
1.19250e-06 2.29463e+13
1.19750e-06 2.20951e+13
1.20250e-06 2.22658e+13
1.20750e-06 2.19557e+13
1.21250e-06 2.19129e+13
1.21750e-06 2.19025e+13
1.22250e-06 2.16801e+13
1.22750e-06 2.13776e+13
1.23250e-06 2.12452e+13
1.23750e-06 2.10460e+13
1.24250e-06 2.08165e+13
1.24750e-06 2.07093e+13
1.25250e-06 2.04580e+13
1.25750e-06 2.02730e+13
1.26250e-06 2.00896e+13
1.26750e-06 1.98407e+13
1.27250e-06 1.97858e+13
1.27750e-06 1.96024e+13
1.28250e-06 1.84370e+13
1.28750e-06 1.91632e+13
1.29250e-06 1.89960e+13
1.29750e-06 1.89504e+13
1.30250e-06 1.86610e+13
1.30750e-06 1.86210e+13
1.31250e-06 1.82653e+13
1.31750e-06 1.80996e+13
1.32250e-06 1.81244e+13
1.32750e-06 1.78034e+13
1.33250e-06 1.77515e+13
1.33750e-06 1.75645e+13
1.34250e-06 1.75380e+13
1.34750e-06 1.73604e+13
1.35250e-06 1.72158e+13
1.35750e-06 1.69015e+13
1.36250e-06 1.68378e+13
1.36750e-06 1.67034e+13
1.37250e-06 1.65637e+13
1.37750e-06 1.64365e+13
1.38250e-06 1.63413e+13
1.38750e-06 1.62241e+13
1.39250e-06 1.60956e+13
1.39750e-06 1.59686e+13
1.40250e-06 1.57177e+13
1.40750e-06 1.57089e+13
1.41250e-06 1.54508e+13
1.41750e-06 1.54897e+13
1.42250e-06 1.51369e+13
1.42750e-06 1.49107e+13
1.43250e-06 1.50392e+13
1.43750e-06 1.50110e+13
1.44250e-06 1.44433e+13
1.44750e-06 1.47189e+13
1.45250e-06 1.43553e+13
1.45700e-06 1.44053e+13
1.46200e-06 1.43160e+13
1.46750e-06 1.42134e+13
1.47250e-06 1.39436e+13
1.47750e-06 1.38555e+13
1.48250e-06 1.37975e+13
1.48750e-06 1.34600e+13
1.49250e-06 1.37152e+13
1.49750e-06 1.34673e+13
1.50250e-06 1.30304e+13
1.50750e-06 1.30096e+13
1.51250e-06 1.31948e+13
1.51750e-06 1.31309e+13
1.52250e-06 1.28974e+13
1.52750e-06 1.29051e+13
1.53250e-06 1.27532e+13
1.53750e-06 1.26748e+13
1.54250e-06 1.25990e+13
1.54750e-06 1.24858e+13
1.55250e-06 1.22784e+13
1.55750e-06 1.21425e+13
1.56250e-06 1.22223e+13
1.56750e-06 1.18900e+13
1.57250e-06 1.19159e+13
1.57750e-06 1.14932e+13
1.58250e-06 1.16249e+13
1.58750e-06 1.11964e+13
1.59250e-06 1.13935e+13
1.59750e-06 1.14376e+13
1.60500e-06 1.12516e+13
1.61500e-06 1.09850e+13
1.62500e-06 1.09540e+13
1.63500e-06 1.06592e+13
1.64500e-06 1.03754e+13
1.65500e-06 1.03753e+13
1.66500e-06 1.01867e+13
1.67500e-06 9.84222e+12
1.68500e-06 9.52420e+12
1.69500e-06 9.62956e+12
1.70500e-06 9.32552e+12
1.71500e-06 9.17776e+12
1.72500e-06 8.92239e+12
1.73500e-06 8.50071e+12
1.74500e-06 8.55981e+12
1.75500e-06 8.46132e+12
1.76500e-06 8.29630e+12
1.77500e-06 8.12835e+12
1.78500e-06 8.00029e+12
1.79500e-06 7.84627e+12
1.80500e-06 7.66325e+12
1.81500e-06 7.30549e+12
1.82500e-06 7.30494e+12
1.83500e-06 7.22766e+12
1.84500e-06 7.03797e+12
1.85500e-06 6.95671e+12
1.86500e-06 6.75472e+12
1.87500e-06 6.34006e+12
1.88500e-06 6.53930e+12
1.89500e-06 6.31163e+12
1.90500e-06 6.34333e+12
1.91500e-06 6.20956e+12
1.92500e-06 6.10150e+12
1.93500e-06 5.93526e+12
1.94500e-06 5.62622e+12
1.95500e-06 5.75668e+12
1.96500e-06 5.65248e+12
1.97500e-06 5.53512e+12
1.98500e-06 5.46027e+12
1.99500e-06 5.36894e+12
2.00500e-06 5.30146e+12
2.01500e-06 5.22828e+12
2.02500e-06 5.09041e+12
2.03500e-06 4.97492e+12
2.04500e-06 4.95368e+12
2.05500e-06 4.85777e+12
2.06500e-06 4.74404e+12
2.07500e-06 4.67865e+12
2.08500e-06 4.60303e+12
2.09500e-06 4.49516e+12
2.10500e-06 4.45391e+12
2.11500e-06 4.37172e+12
2.12500e-06 4.29605e+12
2.13500e-06 4.23375e+12
2.14500e-06 4.16718e+12
2.15500e-06 4.09291e+12
2.16500e-06 3.86397e+12
2.17500e-06 3.92839e+12
2.18500e-06 3.87507e+12
2.19500e-06 3.83594e+12
2.20500e-06 3.73931e+12
2.21500e-06 3.70655e+12
2.22500e-06 3.64051e+12
2.23500e-06 3.58228e+12
2.24500e-06 3.52488e+12
2.25500e-06 3.46472e+12
2.26500e-06 3.40555e+12
2.27500e-06 3.36309e+12
2.28500e-06 3.29410e+12
2.29500e-06 3.22333e+12
2.30500e-06 3.19670e+12
2.31500e-06 3.14095e+12
2.32500e-06 3.05468e+12
2.33500e-06 3.02443e+12
2.34500e-06 3.00040e+12
2.35500e-06 2.89958e+12
2.36500e-06 2.89390e+12
2.37500e-06 2.84861e+12
2.38500e-06 2.75914e+12
2.39500e-06 2.75473e+12
2.40500e-06 2.71643e+12
2.41500e-06 2.64560e+12
2.42500e-06 2.62280e+12
2.43500e-06 2.58364e+12
2.44500e-06 2.53722e+12
2.45500e-06 2.48534e+12
2.46500e-06 2.47947e+12
2.47500e-06 2.42768e+12
2.48500e-06 2.37023e+12
2.49500e-06 2.35980e+12
2.50500e-06 2.33992e+12
2.51500e-06 2.28704e+12
2.52500e-06 2.26713e+12
2.53500e-06 2.23298e+12
2.54500e-06 2.19529e+12
2.55500e-06 2.16088e+12
2.56500e-06 2.12649e+12
2.57500e-06 2.11466e+12
2.58500e-06 2.05622e+12
2.59500e-06 2.04801e+12
2.60500e-06 2.02277e+12
2.61500e-06 1.98496e+12
2.62500e-06 1.89294e+12
2.63500e-06 1.92993e+12
2.64500e-06 1.90061e+12
2.65500e-06 1.87846e+12
2.66500e-06 1.83888e+12
2.67500e-06 1.82789e+12
2.68500e-06 1.81300e+12
2.69500e-06 1.78696e+12
2.70500e-06 1.76409e+12
2.71500e-06 1.73865e+12
2.72500e-06 1.71511e+12
2.73500e-06 1.69368e+12
2.74500e-06 1.67306e+12
2.75500e-06 1.63706e+12
2.76500e-06 1.61790e+12
2.77500e-06 1.60151e+12
2.78500e-06 1.58212e+12
2.79500e-06 1.56450e+12
2.80500e-06 1.54268e+12
2.81500e-06 1.52333e+12
2.82500e-06 1.50208e+12
2.83500e-06 1.48490e+12
2.84500e-06 1.46051e+12
2.85500e-06 1.44392e+12
2.86500e-06 1.42142e+12
2.87500e-06 1.39159e+12
2.88500e-06 1.38684e+12
2.89500e-06 1.37117e+12
2.90500e-06 1.35340e+12
2.91500e-06 1.33588e+12
2.92500e-06 1.31500e+12
2.93500e-06 1.30217e+12
2.94500e-06 1.28244e+12
2.95500e-06 1.26876e+12
2.96500e-06 1.25371e+12
2.97500e-06 1.23763e+12
2.98500e-06 1.22191e+12
2.99500e-06 1.20453e+12
3.00500e-06 1.18989e+12
3.01500e-06 1.17670e+12
3.02500e-06 1.16033e+12
3.03500e-06 1.13213e+12
3.04500e-06 1.12730e+12
3.05500e-06 1.11792e+12
3.06500e-06 1.10290e+12
3.07500e-06 1.09239e+12
3.08500e-06 1.07617e+12
3.09500e-06 1.06372e+12
3.10500e-06 1.05309e+12
3.11500e-06 1.03256e+12
3.12500e-06 1.02635e+12
3.13500e-06 1.01529e+12
3.14500e-06 1.00294e+12
3.15500e-06 9.87240e+11
3.16500e-06 9.77852e+11
3.17500e-06 9.66433e+11
3.18500e-06 9.55435e+11
3.19500e-06 9.45440e+11
3.21000e-06 9.26936e+11
3.23000e-06 9.06429e+11
3.25000e-06 8.84679e+11
3.27000e-06 8.63884e+11
3.29000e-06 8.35628e+11
3.31000e-06 8.23291e+11
3.33000e-06 8.04360e+11
3.35000e-06 7.88306e+11
3.37000e-06 7.69622e+11
3.39000e-06 7.51225e+11
3.41000e-06 7.33692e+11
3.43000e-06 7.20261e+11
3.45000e-06 7.05477e+11
3.47000e-06 6.89484e+11
3.49000e-06 6.74676e+11
3.51000e-06 6.60466e+11
3.53000e-06 6.45112e+11
3.55000e-06 6.32244e+11
3.57000e-06 6.17878e+11
3.59000e-06 6.04816e+11
3.61000e-06 5.93363e+11
3.63000e-06 5.80953e+11
3.65000e-06 5.67167e+11
3.67000e-06 5.54989e+11
3.69000e-06 5.40937e+11
3.71000e-06 5.29674e+11
3.73000e-06 5.19487e+11
3.75000e-06 5.04075e+11
3.77000e-06 5.00173e+11
3.79000e-06 4.89767e+11
3.81000e-06 4.80902e+11
3.83000e-06 4.72271e+11
3.85000e-06 4.63336e+11
3.87000e-06 4.53101e+11
3.89000e-06 4.44371e+11
3.91000e-06 4.36386e+11
3.93000e-06 4.28102e+11
3.95000e-06 4.18466e+11
3.97000e-06 4.11153e+11
3.99000e-06 4.01244e+11
4.01000e-06 3.94534e+11
4.03000e-06 3.88238e+11
4.05000e-06 3.76558e+11
4.07000e-06 3.73367e+11
4.09000e-06 3.66594e+11
4.11000e-06 3.60180e+11
4.13000e-06 3.53873e+11
4.15000e-06 3.46642e+11
4.17000e-06 3.40184e+11
4.19000e-06 3.33897e+11
4.21000e-06 3.26630e+11
4.23000e-06 3.22874e+11
4.25000e-06 3.16151e+11
4.27000e-06 3.11110e+11
4.29000e-06 3.00498e+11
4.31000e-06 2.91916e+11
4.33000e-06 2.88884e+11
4.35000e-06 2.77951e+11
4.37000e-06 2.72336e+11
4.39000e-06 2.69293e+11
4.41000e-06 2.58759e+11
4.43000e-06 2.56658e+11
4.45000e-06 2.52948e+11
4.47000e-06 2.43808e+11
4.49000e-06 2.43080e+11
4.51000e-06 2.38484e+11
4.53000e-06 2.31059e+11
4.55000e-06 2.29632e+11
4.57000e-06 2.27032e+11
4.59000e-06 2.19818e+11
4.61000e-06 2.18518e+11
4.63000e-06 2.14824e+11
4.65000e-06 2.10819e+11
4.67000e-06 2.08413e+11
4.69000e-06 2.05714e+11
4.71000e-06 2.02459e+11
4.73000e-06 2.00684e+11
4.75000e-06 1.96793e+11
4.77000e-06 1.93557e+11
4.79000e-06 1.91090e+11
4.81000e-06 1.87143e+11
4.83000e-06 1.85887e+11
4.85000e-06 1.82596e+11
4.87000e-06 1.79463e+11
4.89000e-06 1.76958e+11
4.91000e-06 1.74238e+11
4.93000e-06 1.71572e+11
4.95000e-06 1.68804e+11
4.97000e-06 1.66411e+11
4.99000e-06 1.63930e+11
5.01000e-06 1.61948e+11
5.03000e-06 1.59576e+11
5.05000e-06 1.56365e+11
5.07000e-06 1.54459e+11
5.09000e-06 1.52666e+11
5.11000e-06 1.49728e+11
5.13000e-06 1.47532e+11
5.15000e-06 1.45564e+11
5.17000e-06 1.44285e+11
5.19000e-06 1.41525e+11
5.21000e-06 1.39469e+11
5.23000e-06 1.37319e+11
5.25000e-06 1.35809e+11
5.27000e-06 1.34229e+11
5.29000e-06 1.31508e+11
5.31000e-06 1.30037e+11
5.33000e-06 1.28144e+11
5.35000e-06 1.26552e+11
5.37000e-06 1.24763e+11
5.39000e-06 1.23106e+11
5.41000e-06 1.21405e+11
5.43000e-06 1.19176e+11
5.45000e-06 1.18088e+11
5.47000e-06 1.16338e+11
5.49000e-06 1.14691e+11
5.51000e-06 1.13346e+11
5.53000e-06 1.12202e+11
5.55000e-06 1.10027e+11
5.57000e-06 1.09184e+11
5.59000e-06 1.07242e+11
5.61000e-06 1.05929e+11
5.63000e-06 1.04417e+11
5.65000e-06 1.03429e+11
5.67000e-06 1.02077e+11
5.69000e-06 1.00345e+11
5.71000e-06 9.94085e+10
5.73000e-06 9.80491e+10
5.75000e-06 9.67666e+10
5.77000e-06 9.54531e+10
5.79000e-06 9.43329e+10
5.81000e-06 9.29882e+10
5.83000e-06 9.18591e+10
5.85000e-06 9.07698e+10
5.87000e-06 8.93837e+10
5.89000e-06 8.81500e+10
5.91000e-06 8.70162e+10
5.93000e-06 8.61624e+10
5.95000e-06 8.48903e+10
5.97000e-06 8.40466e+10
5.99000e-06 8.29760e+10
6.01000e-06 8.19115e+10
6.03000e-06 8.09142e+10
6.05000e-06 7.98470e+10
6.07000e-06 7.88145e+10
6.09000e-06 7.78162e+10
6.11000e-06 7.67284e+10
6.13000e-06 7.59368e+10
6.15000e-06 7.50363e+10
6.17000e-06 7.41271e+10
6.19000e-06 7.32497e+10
6.21000e-06 7.23595e+10
6.23000e-06 7.12842e+10
6.25000e-06 7.04661e+10
6.27000e-06 6.96282e+10
6.29000e-06 6.88385e+10
6.31000e-06 6.79014e+10
6.33000e-06 6.72351e+10
6.35000e-06 6.63685e+10
6.37000e-06 6.55986e+10
6.39000e-06 6.47744e+10
6.42000e-06 6.36348e+10
6.46000e-06 6.20800e+10
6.50000e-06 6.06041e+10
6.54000e-06 5.92238e+10
6.58000e-06 5.78638e+10
6.62000e-06 5.64858e+10
6.66000e-06 5.52029e+10
6.70000e-06 5.39172e+10
6.74000e-06 5.26538e+10
6.78000e-06 5.14820e+10
6.82000e-06 5.03056e+10
6.86000e-06 4.91795e+10
6.90000e-06 4.80729e+10
6.94000e-06 4.69869e+10
6.98000e-06 4.59651e+10
7.02000e-06 4.49084e+10
7.06000e-06 4.39542e+10
7.10000e-06 4.29978e+10
7.14000e-06 4.20666e+10
7.18000e-06 4.11549e+10
7.22000e-06 4.02665e+10
7.26000e-06 3.93938e+10
7.30000e-06 3.85744e+10
7.34000e-06 3.77370e+10
7.38000e-06 3.69589e+10
7.42000e-06 3.61612e+10
7.46000e-06 3.53020e+10
7.50000e-06 3.46230e+10
7.54000e-06 3.39512e+10
7.58000e-06 3.32797e+10
7.62000e-06 3.25965e+10
7.66000e-06 3.19391e+10
7.70000e-06 3.12802e+10
7.74000e-06 3.06622e+10
7.78000e-06 3.00502e+10
7.82000e-06 2.94504e+10
7.86000e-06 2.88672e+10
7.90000e-06 2.82973e+10
7.94000e-06 2.77399e+10
7.98000e-06 2.72010e+10
8.02000e-06 2.66609e+10
8.06000e-06 2.61412e+10
8.10000e-06 2.56505e+10
8.14000e-06 2.51426e+10
8.18000e-06 2.46721e+10
8.22000e-06 2.42107e+10
8.26000e-06 2.37493e+10
8.30000e-06 2.33054e+10
8.34000e-06 2.28571e+10
8.38000e-06 2.24366e+10
8.42000e-06 2.20279e+10
8.46000e-06 2.16201e+10
8.50000e-06 2.12236e+10
8.54000e-06 2.08336e+10
8.58000e-06 2.04566e+10
8.62000e-06 2.00826e+10
8.66000e-06 1.97238e+10
8.70000e-06 1.93701e+10
8.74000e-06 1.90226e+10
8.78000e-06 1.86840e+10
8.82000e-06 1.83449e+10
8.86000e-06 1.80232e+10
8.90000e-06 1.77027e+10
8.94000e-06 1.73994e+10
8.98000e-06 1.70878e+10
9.02000e-06 1.67986e+10
9.06000e-06 1.65143e+10
9.10000e-06 1.62188e+10
9.14000e-06 1.59451e+10
9.18000e-06 1.56781e+10
9.22000e-06 1.54147e+10
9.26000e-06 1.51531e+10
9.30000e-06 1.48989e+10
9.34000e-06 1.46472e+10
9.38000e-06 1.44039e+10
9.42000e-06 1.41647e+10
9.46000e-06 1.39294e+10
9.50000e-06 1.36996e+10
9.54000e-06 1.34732e+10
9.58000e-06 1.32555e+10
9.62000e-06 1.30372e+10
9.66000e-06 1.28281e+10
9.70000e-06 1.26216e+10
9.74000e-06 1.24086e+10
9.78000e-06 1.22147e+10
9.82000e-06 1.20224e+10
9.86000e-06 1.18324e+10
9.90000e-06 1.16463e+10
9.94000e-06 1.14597e+10
9.98000e-06 1.12807e+10
1.00200e-05 1.11041e+10
2.00000e-05 7.17653e+08
4.00000e-05 4.50052e+07
6.00000e-05 8.84312e+06
8.00000e-05 2.78098e+06
1.00000e-04 1.13253e+06
1.20000e-04 5.43277e+05
1.40000e-04 2.91851e+05
1.60000e-04 1.70323e+05
