9.09000e-09 0.00000e+00
9.35000e-09 0.00000e+00
9.61000e-09 0.00000e+00
9.77000e-09 0.00000e+00
9.96000e-09 0.00000e+00
1.02000e-08 0.00000e+00
1.03800e-08 0.00000e+00
1.05600e-08 0.00000e+00
1.07700e-08 0.00000e+00
1.10400e-08 0.00000e+00
1.14000e-08 0.00000e+00
1.17800e-08 0.00000e+00
1.21300e-08 0.00000e+00
1.24800e-08 0.00000e+00
1.27100e-08 0.00000e+00
1.28400e-08 0.00000e+00
1.30500e-08 0.00000e+00
1.32400e-08 0.00000e+00
1.33900e-08 0.00000e+00
1.36600e-08 0.00000e+00
1.39800e-08 0.00000e+00
1.43300e-08 0.00000e+00
1.47200e-08 0.00000e+00
1.51000e-08 0.00000e+00
1.55200e-08 0.00000e+00
1.58800e-08 0.00000e+00
1.62000e-08 0.00000e+00
1.66000e-08 0.00000e+00
1.70300e-08 0.00000e+00
1.73400e-08 0.00000e+00
1.76800e-08 0.00000e+00
1.80200e-08 0.00000e+00
1.81700e-08 0.00000e+00
1.86100e-08 0.00000e+00
1.91000e-08 0.00000e+00
1.93900e-08 0.00000e+00
1.98400e-08 0.00000e+00
2.01800e-08 0.00000e+00
2.05000e-08 0.00000e+00
2.10500e-08 0.00000e+00
2.16200e-08 0.00000e+00
2.19800e-08 0.00000e+00
2.23000e-08 0.00000e+00
2.26800e-08 0.00000e+00
2.30000e-08 3.26324e+01
2.34000e-08 7.72505e+01
2.40000e-08 2.03330e+02
2.46500e-08 5.42593e+02
2.52400e-08 1.27024e+03
2.56800e-08 2.27474e+03
2.60000e-08 3.59750e+03
2.64000e-08 6.04641e+03
2.68500e-08 1.06060e+04
2.73500e-08 1.93235e+04
2.78500e-08 3.47227e+04
2.84000e-08 6.50693e+04
2.90000e-08 1.23792e+05
2.96000e-08 2.28452e+05
3.01000e-08 3.74760e+05
3.08000e-08 7.22771e+05
3.18000e-08 1.81905e+06
3.28000e-08 4.15831e+06
3.38000e-08 9.33384e+06
3.48000e-08 1.96939e+07
3.57000e-08 4.05140e+07
3.66000e-08 7.52780e+07
3.75000e-08 1.31026e+08
3.85000e-08 2.39575e+08
3.95000e-08 4.24068e+08
4.05000e-08 7.24866e+08
4.14000e-08 1.16189e+09
4.22000e-08 1.71023e+09
4.30000e-08 2.50406e+09
4.41000e-08 4.14793e+09
4.51000e-08 6.41828e+09
4.60000e-08 9.29168e+09
4.70000e-08 1.38880e+10
4.80000e-08 2.03114e+10
4.90000e-08 2.94339e+10
5.00000e-08 4.18126e+10
5.06000e-08 9.84114e+11
5.12000e-08 6.01762e+12
5.20000e-08 7.38679e+12
5.30000e-08 9.91368e+12
5.40000e-08 1.10000e+13
5.50000e-08 1.65238e+13
5.60000e-08 1.96666e+13
5.70000e-08 2.50887e+13
5.80000e-08 2.51146e+13
5.90000e-08 3.40324e+13
6.00000e-08 4.13671e+13
6.10000e-08 5.07366e+13
6.20000e-08 5.77915e+13
6.30000e-08 6.73986e+13
6.40000e-08 7.28913e+13
6.50000e-08 8.61094e+13
6.58000e-08 9.88456e+13
6.65000e-08 1.05951e+14
6.75000e-08 1.14303e+14
6.85000e-08 1.26927e+14
6.95000e-08 1.53055e+14
7.05000e-08 1.66102e+14
7.16000e-08 1.89050e+14
7.26000e-08 2.06350e+14
7.35000e-08 2.22130e+14
7.45000e-08 2.53885e+14
7.55000e-08 2.80771e+14
7.65000e-08 3.09508e+14
7.75000e-08 3.41088e+14
7.85000e-08 3.72711e+14
7.95000e-08 3.96720e+14
8.05000e-08 4.27520e+14
8.15000e-08 4.55593e+14
8.25000e-08 5.01892e+14
8.35000e-08 4.94806e+14
8.45000e-08 5.57953e+14
8.55000e-08 5.93678e+14
8.65000e-08 6.42112e+14
8.75000e-08 6.95816e+14
8.85000e-08 7.57237e+14
8.95000e-08 8.05689e+14
9.05000e-08 8.17650e+14
9.15000e-08 1.16836e+15
9.25000e-08 5.11143e+15
9.35000e-08 1.48628e+16
9.45000e-08 5.00535e+16
9.55000e-08 9.44816e+16
9.65000e-08 1.23547e+17
9.75000e-08 1.64067e+16
9.85000e-08 1.26968e+17
9.95000e-08 1.21540e+17
1.00500e-07 1.64470e+17
1.01500e-07 1.46502e+17
1.02500e-07 3.42459e+16
1.03500e-07 9.92060e+16
1.04500e-07 1.95071e+17
1.05500e-07 1.83328e+17
1.06500e-07 1.43069e+17
1.07500e-07 1.70043e+17
1.08500e-07 1.35226e+17
1.09500e-07 1.71030e+17
1.10500e-07 1.52620e+17
1.11500e-07 1.43277e+17
1.12500e-07 1.24102e+17
1.13500e-07 1.56336e+17
1.14500e-07 1.36195e+17
1.15500e-07 1.43900e+17
1.16500e-07 1.45466e+17
1.17500e-07 9.75208e+16
1.18500e-07 1.43003e+17
1.19500e-07 1.14062e+17
1.20500e-07 7.66654e+16
1.21500e-07 3.43165e+16
1.22500e-07 9.51225e+16
1.23500e-07 1.31903e+17
1.24500e-07 1.34627e+17
1.25500e-07 1.27101e+17
1.26500e-07 1.16518e+17
1.27500e-07 1.31309e+17
1.28500e-07 1.30437e+17
1.29500e-07 1.00500e+17
1.30500e-07 1.04718e+17
1.31500e-07 1.23904e+17
1.32500e-07 1.13485e+17
1.33500e-07 1.03412e+17
1.34500e-07 1.13242e+17
1.35500e-07 1.09993e+17
1.36500e-07 9.87286e+16
1.37500e-07 9.85432e+16
1.38500e-07 9.86710e+16
1.39500e-07 8.10580e+16
1.40500e-07 8.50362e+16
1.41500e-07 8.78255e+16
1.42500e-07 8.75953e+16
1.43500e-07 8.83802e+16
1.44200e-07 9.06423e+16
1.44700e-07 8.87556e+16
1.45500e-07 8.64441e+16
1.46500e-07 7.90033e+16
1.47500e-07 7.94682e+16
1.48500e-07 7.77147e+16
1.49500e-07 7.69684e+16
1.50500e-07 6.97834e+16
1.51200e-07 6.15040e+16
1.51700e-07 6.39788e+16
1.52500e-07 6.61280e+16
1.53500e-07 5.69391e+16
1.54500e-07 5.74196e+16
1.55500e-07 5.52953e+16
1.56500e-07 5.81887e+16
1.57500e-07 6.15176e+16
1.58500e-07 6.15356e+16
1.59500e-07 6.14698e+16
1.60500e-07 6.21731e+16
1.61500e-07 6.14590e+16
1.62500e-07 5.93281e+16
1.63500e-07 6.24914e+16
1.64500e-07 6.18662e+16
1.65500e-07 5.95446e+16
1.66500e-07 6.25998e+16
1.67200e-07 5.99961e+16
1.67700e-07 6.22698e+16
1.68500e-07 6.22239e+16
1.69500e-07 5.88890e+16
1.70500e-07 5.63186e+16
1.71500e-07 5.31788e+16
1.72500e-07 5.23058e+16
1.73500e-07 5.47883e+16
1.74500e-07 5.25711e+16
1.75500e-07 5.40029e+16
1.76500e-07 5.10962e+16
1.77500e-07 4.98274e+16
1.78500e-07 5.04672e+16
1.79500e-07 5.22531e+16
1.80500e-07 5.23742e+16
1.81500e-07 4.67587e+16
1.82500e-07 4.88708e+16
1.83500e-07 4.65584e+16
1.84500e-07 4.25290e+16
1.85500e-07 4.18834e+16
1.86500e-07 4.25587e+16
1.87500e-07 4.56025e+16
1.88500e-07 4.05354e+16
1.89500e-07 3.76486e+16
1.90500e-07 4.10477e+16
1.91500e-07 3.82121e+16
1.92500e-07 3.67690e+16
1.93500e-07 3.86981e+16
1.94500e-07 3.94842e+16
1.95500e-07 3.59410e+16
1.96700e-07 3.89292e+16
1.97600e-07 4.04462e+16
1.98400e-07 3.73155e+16
1.99500e-07 3.65634e+16
2.00500e-07 3.76916e+16
2.01500e-07 3.67876e+16
2.02500e-07 3.84252e+16
2.03500e-07 3.50774e+16
2.04500e-07 3.56478e+16
2.05500e-07 3.46138e+16
2.06500e-07 3.48687e+16
2.07400e-07 3.64182e+16
2.07800e-07 3.31277e+16
2.08500e-07 3.46787e+16
2.09500e-07 3.26747e+16
2.10500e-07 3.36913e+16
2.11500e-07 3.35798e+16
2.12500e-07 3.40095e+16
2.13500e-07 3.30850e+16
2.14500e-07 3.16228e+16
2.15500e-07 3.28258e+16
2.16500e-07 3.24389e+16
2.17500e-07 3.19900e+16
2.18500e-07 3.10350e+16
2.19500e-07 3.15348e+16
2.20500e-07 3.09542e+16
2.21500e-07 3.03482e+16
2.22500e-07 2.93524e+16
2.23500e-07 2.95270e+16
2.24500e-07 2.94611e+16
2.25500e-07 2.84469e+16
2.26500e-07 2.88763e+16
2.27500e-07 2.85713e+16
2.28500e-07 2.86010e+16
2.29500e-07 2.72293e+16
2.30500e-07 2.74821e+16
2.31500e-07 2.65640e+16
2.32500e-07 2.23977e+16
2.33500e-07 2.51878e+16
2.34500e-07 2.50598e+16
2.35500e-07 2.51612e+16
2.36500e-07 2.45650e+16
2.37500e-07 2.43966e+16
2.38500e-07 2.39560e+16
2.39500e-07 2.42017e+16
2.40500e-07 2.33964e+16
2.41500e-07 2.33884e+16
2.42500e-07 2.34579e+16
2.43500e-07 2.26036e+16
2.44500e-07 2.28325e+16
2.45500e-07 2.27875e+16
2.46500e-07 2.22725e+16
2.47500e-07 2.19361e+16
2.48500e-07 2.19911e+16
2.49500e-07 2.09207e+16
2.50500e-07 2.15477e+16
2.51300e-07 2.04640e+16
2.51800e-07 2.12141e+16
2.52500e-07 2.06239e+16
2.53500e-07 2.03308e+16
2.54500e-07 1.98886e+16
2.55500e-07 2.02278e+16
2.56500e-07 1.99616e+16
2.57500e-07 2.00506e+16
2.58500e-07 1.99510e+16
2.59500e-07 1.97304e+16
2.60500e-07 1.93677e+16
2.61500e-07 1.91852e+16
2.62500e-07 1.90098e+16
2.63500e-07 1.88630e+16
2.64500e-07 1.90179e+16
2.65500e-07 1.89134e+16
2.66500e-07 1.83002e+16
2.67500e-07 1.84068e+16
2.68500e-07 1.82705e+16
2.69500e-07 1.77747e+16
2.70500e-07 1.76471e+16
2.71500e-07 1.74376e+16
2.72500e-07 1.71978e+16
2.73500e-07 1.72742e+16
2.74500e-07 1.65921e+16
2.75500e-07 1.65453e+16
2.76500e-07 1.64692e+16
2.77500e-07 1.66296e+16
2.78500e-07 1.63807e+16
2.79500e-07 1.55432e+16
2.80500e-07 1.58420e+16
2.81500e-07 1.60006e+16
2.82500e-07 1.57336e+16
2.83500e-07 1.50618e+16
2.84500e-07 1.52484e+16
2.85500e-07 1.51616e+16
2.86500e-07 1.52056e+16
2.87500e-07 1.49847e+16
2.88500e-07 1.48402e+16
2.89500e-07 1.46911e+16
2.91000e-07 1.44689e+16
2.93000e-07 1.41593e+16
2.95000e-07 1.37722e+16
2.97000e-07 1.36280e+16
2.99000e-07 1.33177e+16
3.01000e-07 1.30282e+16
3.03000e-07 1.29048e+16
3.05000e-07 1.26426e+16
3.07000e-07 1.23993e+16
3.09000e-07 1.20949e+16
3.11000e-07 1.19063e+16
3.13000e-07 1.16723e+16
3.15000e-07 1.14642e+16
3.17000e-07 1.12079e+16
3.19000e-07 1.09153e+16
3.21000e-07 1.08265e+16
3.23000e-07 1.06304e+16
3.25000e-07 1.04400e+16
3.27000e-07 1.02479e+16
3.29000e-07 1.00499e+16
3.31000e-07 9.89132e+15
3.33000e-07 9.70322e+15
3.35000e-07 9.51083e+15
3.37000e-07 9.35349e+15
3.39000e-07 9.19559e+15
3.41000e-07 9.03394e+15
3.43000e-07 8.73964e+15
3.45000e-07 8.58638e+15
3.47000e-07 8.53681e+15
3.49000e-07 8.39997e+15
3.51000e-07 8.27547e+15
3.53000e-07 8.13903e+15
3.55000e-07 8.00065e+15
3.57000e-07 7.89441e+15
3.59000e-07 7.69210e+15
3.61000e-07 7.56751e+15
3.63000e-07 7.44918e+15
3.64000e-07 7.44214e+15
3.65000e-07 7.37173e+15
3.67000e-07 7.27538e+15
3.69000e-07 6.97345e+15
3.71000e-07 6.62093e+15
3.73000e-07 6.41094e+15
3.75000e-07 6.82843e+15
3.77000e-07 6.81846e+15
3.79000e-07 7.26809e+15
3.81000e-07 7.72323e+15
3.83000e-07 6.69665e+15
3.85000e-07 7.91483e+15
3.87000e-07 8.06617e+15
3.89000e-07 6.17573e+15
3.91000e-07 8.01705e+15
3.93000e-07 7.83712e+15
3.95000e-07 7.75264e+15
3.97000e-07 5.75294e+15
3.99000e-07 7.41246e+15
4.01000e-07 7.49520e+15
4.03000e-07 7.14310e+15
4.05000e-07 7.30952e+15
4.07000e-07 7.03704e+15
4.09000e-07 6.35019e+15
4.11000e-07 5.49726e+15
4.13000e-07 6.60414e+15
4.15000e-07 6.61195e+15
4.17000e-07 6.58226e+15
4.19000e-07 6.52107e+15
4.21000e-07 6.44438e+15
4.23000e-07 6.31516e+15
4.25000e-07 6.18787e+15
4.27000e-07 5.95978e+15
4.29000e-07 5.96555e+15
4.31000e-07 5.79269e+15
4.33000e-07 5.10495e+15
4.35000e-07 4.62648e+15
4.37000e-07 5.48735e+15
4.39000e-07 5.42046e+15
4.41000e-07 5.41906e+15
4.43000e-07 5.32858e+15
4.45000e-07 5.28326e+15
4.47000e-07 4.95422e+15
4.49000e-07 5.08677e+15
4.51000e-07 5.05954e+15
4.53000e-07 4.96557e+15
4.55000e-07 4.89545e+15
4.57000e-07 4.82040e+15
4.59000e-07 4.74523e+15
4.61000e-07 4.65150e+15
4.63000e-07 4.57572e+15
4.65000e-07 4.48940e+15
4.67000e-07 4.45414e+15
4.69000e-07 4.40767e+15
4.71000e-07 4.24142e+15
4.73000e-07 4.23662e+15
4.75000e-07 4.17430e+15
4.77000e-07 4.15973e+15
4.79000e-07 4.08517e+15
4.81000e-07 3.99558e+15
4.83000e-07 3.91153e+15
4.85000e-07 3.52427e+15
4.87000e-07 3.11796e+15
4.89000e-07 3.73200e+15
4.91000e-07 3.72416e+15
4.93000e-07 3.58426e+15
4.95000e-07 3.63423e+15
4.97000e-07 3.59360e+15
4.99000e-07 3.53656e+15
5.01000e-07 3.38951e+15
5.03000e-07 3.42902e+15
5.05000e-07 3.33086e+15
5.07000e-07 3.34200e+15
5.09000e-07 3.29398e+15
5.11000e-07 3.24069e+15
5.13000e-07 3.17567e+15
5.15000e-07 3.13373e+15
5.17000e-07 3.11517e+15
5.19000e-07 3.07274e+15
5.21000e-07 3.01200e+15
5.23000e-07 2.98887e+15
5.25000e-07 2.95029e+15
5.27000e-07 2.90623e+15
5.29000e-07 2.87366e+15
5.31000e-07 2.83242e+15
5.33000e-07 2.79330e+15
5.35000e-07 2.74981e+15
5.37000e-07 2.72440e+15
5.39000e-07 2.68775e+15
5.41000e-07 2.65196e+15
5.43000e-07 2.61074e+15
5.45000e-07 2.57817e+15
5.47000e-07 2.54462e+15
5.49000e-07 2.51486e+15
5.51000e-07 2.48336e+15
5.53000e-07 2.45015e+15
5.55000e-07 2.42164e+15
5.57000e-07 2.38923e+15
5.59000e-07 2.36059e+15
5.61000e-07 2.32858e+15
5.63000e-07 2.30208e+15
5.65000e-07 2.25785e+15
5.67000e-07 2.22613e+15
5.69000e-07 2.20085e+15
5.71000e-07 2.18268e+15
5.73000e-07 2.15714e+15
5.75000e-07 2.12895e+15
5.77000e-07 2.10686e+15
5.79000e-07 2.08030e+15
5.81000e-07 2.05440e+15
5.83000e-07 2.02758e+15
5.85000e-07 2.00417e+15
5.87000e-07 1.90952e+15
5.89000e-07 1.94011e+15
5.91000e-07 1.92927e+15
5.93000e-07 1.90503e+15
5.95000e-07 1.87799e+15
5.97000e-07 1.86352e+15
5.99000e-07 1.83598e+15
6.01000e-07 1.81940e+15
6.03000e-07 1.79657e+15
6.05000e-07 1.77576e+15
6.07000e-07 1.75529e+15
6.09000e-07 1.73402e+15
6.11000e-07 1.71421e+15
6.13000e-07 1.69473e+15
6.15000e-07 1.66689e+15
6.17000e-07 1.65323e+15
6.19000e-07 1.63568e+15
6.21000e-07 1.61705e+15
6.23000e-07 1.59815e+15
6.25000e-07 1.57626e+15
6.27000e-07 1.56057e+15
6.29000e-07 1.54333e+15
6.31000e-07 1.52448e+15
6.33000e-07 1.50866e+15
6.35000e-07 1.48216e+15
6.37000e-07 1.46925e+15
6.39000e-07 1.45693e+15
6.41000e-07 1.43969e+15
6.43000e-07 1.42601e+15
6.45000e-07 1.40885e+15
6.47000e-07 1.39016e+15
6.49000e-07 1.37535e+15
6.51000e-07 1.35784e+15
6.53000e-07 1.33549e+15
6.55000e-07 1.25701e+15
6.56125e-07 1.10056e+15
6.59000e-07 1.26860e+15
6.61000e-07 1.28301e+15
6.63000e-07 1.27425e+15
6.65000e-07 1.26217e+15
6.67000e-07 1.23438e+15
6.69000e-07 1.22103e+15
6.71000e-07 1.22196e+15
6.73000e-07 1.20781e+15
6.75000e-07 1.19586e+15
6.77000e-07 1.18363e+15
6.79000e-07 1.16351e+15
6.81000e-07 1.15701e+15
6.83000e-07 1.14532e+15
6.85000e-07 1.13382e+15
6.87000e-07 1.12204e+15
6.89000e-07 1.10983e+15
6.91000e-07 1.09828e+15
6.93000e-07 1.08599e+15
6.95000e-07 1.07569e+15
6.97000e-07 1.06472e+15
6.99000e-07 1.05332e+15
7.01000e-07 1.04233e+15
7.03000e-07 1.03161e+15
7.05000e-07 1.02038e+15
7.07000e-07 9.93060e+14
7.09000e-07 1.00051e+15
7.11000e-07 9.86315e+14
7.13000e-07 9.76787e+14
7.15000e-07 9.69562e+14
7.17000e-07 9.59910e+14
7.19000e-07 9.50642e+14
7.21000e-07 9.41027e+14
7.23000e-07 9.19684e+14
7.25000e-07 9.21570e+14
7.27000e-07 9.12942e+14
7.29000e-07 8.95392e+14
7.31000e-07 8.94589e+14
7.33000e-07 8.85857e+14
7.35000e-07 8.77277e+14
7.37000e-07 8.68569e+14
7.39000e-07 8.60011e+14
7.41000e-07 8.51601e+14
7.43000e-07 8.42382e+14
7.45000e-07 8.34743e+14
7.47000e-07 8.25553e+14
7.49000e-07 8.18330e+14
7.51000e-07 8.10169e+14
7.53000e-07 8.02483e+14
7.55000e-07 7.95131e+14
7.57000e-07 7.87516e+14
7.59000e-07 7.79775e+14
7.61000e-07 7.72364e+14
7.63000e-07 7.65020e+14
7.65000e-07 7.57742e+14
7.67000e-07 7.50657e+14
7.69000e-07 7.43381e+14
7.71000e-07 7.36298e+14
7.73000e-07 7.29403e+14
7.75000e-07 7.22444e+14
7.77000e-07 7.10680e+14
7.79000e-07 7.09084e+14
7.81000e-07 7.01813e+14
7.83000e-07 6.95959e+14
7.85000e-07 6.88566e+14
7.87000e-07 6.81117e+14
7.89000e-07 6.73795e+14
7.91000e-07 6.69730e+14
7.93000e-07 6.63420e+14
7.95000e-07 6.56272e+14
7.97000e-07 6.51144e+14
7.99000e-07 6.44052e+14
8.01000e-07 6.39196e+14
8.03000e-07 6.34029e+14
8.05000e-07 6.28325e+14
8.07000e-07 6.23248e+14
8.09000e-07 6.16198e+14
8.11000e-07 6.10585e+14
8.13000e-07 6.06445e+14
8.15000e-07 5.99842e+14
8.17000e-07 5.95724e+14
8.19000e-07 5.89560e+14
8.21000e-07 5.80767e+14
8.23000e-07 5.76279e+14
8.25000e-07 5.73267e+14
8.27000e-07 5.65650e+14
8.29000e-07 5.63088e+14
8.31000e-07 5.58417e+14
8.33000e-07 5.53350e+14
8.35000e-07 5.47245e+14
8.37000e-07 5.41352e+14
8.39000e-07 5.38453e+14
8.41000e-07 5.33498e+14
8.43000e-07 5.24815e+14
8.45000e-07 5.15860e+14
8.47000e-07 5.14860e+14
8.49000e-07 5.08617e+14
8.51000e-07 5.02535e+14
8.53000e-07 5.01554e+14
8.55000e-07 4.86806e+14
8.57000e-07 5.01335e+14
8.59000e-07 4.77034e+14
8.61000e-07 4.75171e+14
8.63000e-07 4.95258e+14
8.65000e-07 4.76320e+14
8.67000e-07 4.45838e+14
8.69000e-07 4.79812e+14
8.71000e-07 4.86585e+14
8.73000e-07 4.67373e+14
8.75000e-07 4.22647e+14
8.77000e-07 4.50962e+14
8.79000e-07 4.71639e+14
8.81000e-07 4.70539e+14
8.83000e-07 4.62080e+14
8.85000e-07 4.28435e+14
8.87000e-07 3.97766e+14
8.89000e-07 4.43112e+14
8.91000e-07 4.51081e+14
8.93000e-07 4.49384e+14
8.95000e-07 4.47336e+14
8.97000e-07 4.41452e+14
8.99000e-07 4.23176e+14
9.01000e-07 3.75403e+14
9.03000e-07 3.92532e+14
9.05000e-07 4.21382e+14
9.07000e-07 4.20355e+14
9.09000e-07 4.20983e+14
9.11000e-07 4.19786e+14
9.13000e-07 4.16751e+14
9.15000e-07 4.13145e+14
9.17000e-07 4.07380e+14
9.19000e-07 4.01424e+14
9.21000e-07 3.79341e+14
9.23000e-07 3.32682e+14
9.25000e-07 3.71286e+14
9.27000e-07 3.84697e+14
9.29000e-07 3.88887e+14
9.31000e-07 3.85397e+14
9.33000e-07 3.84192e+14
9.35000e-07 3.81766e+14
9.37000e-07 3.79104e+14
9.39000e-07 3.75957e+14
9.41000e-07 3.71493e+14
9.43000e-07 3.70071e+14
9.45000e-07 3.66612e+14
9.47000e-07 3.60747e+14
9.49000e-07 3.58860e+14
9.51000e-07 3.49242e+14
9.53000e-07 3.29182e+14
9.55000e-07 2.92978e+14
9.57000e-07 3.31795e+14
9.59000e-07 3.42354e+14
9.61000e-07 3.41677e+14
9.63000e-07 3.38110e+14
9.65000e-07 3.39315e+14
9.67000e-07 3.36568e+14
9.69000e-07 3.33719e+14
9.71000e-07 3.30308e+14
9.73000e-07 3.29031e+14
9.75000e-07 3.26395e+14
9.77000e-07 3.23998e+14
9.79000e-07 3.21481e+14
9.81000e-07 3.18950e+14
9.83000e-07 3.16452e+14
9.85000e-07 3.14128e+14
9.87000e-07 3.11599e+14
9.89000e-07 3.09012e+14
9.91000e-07 3.05245e+14
9.93000e-07 3.04655e+14
9.95000e-07 3.01989e+14
9.97000e-07 2.98983e+14
9.99000e-07 2.95978e+14
1.00250e-06 2.76946e+14
1.00750e-06 2.67137e+14
1.01250e-06 2.80682e+14
1.01750e-06 2.77705e+14
1.02250e-06 2.72628e+14
1.02750e-06 2.67797e+14
1.03250e-06 2.61718e+14
1.03750e-06 2.58173e+14
1.04250e-06 2.53532e+14
1.04750e-06 2.48962e+14
1.05250e-06 2.44446e+14
1.05750e-06 2.40145e+14
1.06250e-06 2.35928e+14
1.06750e-06 2.31052e+14
1.07250e-06 2.27671e+14
1.07750e-06 2.23675e+14
1.08250e-06 2.16955e+14
1.08750e-06 2.14442e+14
1.09250e-06 1.91809e+14
1.09750e-06 2.01353e+14
1.10250e-06 2.03303e+14
1.10750e-06 2.01536e+14
1.11250e-06 1.98188e+14
1.11750e-06 1.94835e+14
1.12250e-06 1.91432e+14
1.12750e-06 1.87895e+14
1.13250e-06 1.84891e+14
1.13750e-06 1.82154e+14
1.14250e-06 1.79059e+14
1.14750e-06 1.76212e+14
1.15250e-06 1.73316e+14
1.15750e-06 1.70411e+14
1.16250e-06 1.67632e+14
1.16750e-06 1.64947e+14
1.17250e-06 1.62327e+14
1.17750e-06 1.59566e+14
1.18250e-06 1.57182e+14
1.18750e-06 1.54659e+14
1.19250e-06 1.52239e+14
1.19750e-06 1.48766e+14
1.20250e-06 1.47477e+14
1.20750e-06 1.45165e+14
1.21250e-06 1.42894e+14
1.21750e-06 1.40673e+14
1.22250e-06 1.38499e+14
1.22750e-06 1.36355e+14
1.23250e-06 1.34256e+14
1.23750e-06 1.32204e+14
1.24250e-06 1.30198e+14
1.24750e-06 1.28106e+14
1.25250e-06 1.25969e+14
1.25750e-06 1.24309e+14
1.26250e-06 1.22480e+14
1.26750e-06 1.20664e+14
1.27250e-06 1.18541e+14
1.27750e-06 1.14189e+14
1.28250e-06 1.04503e+14
1.28750e-06 1.12277e+14
1.29250e-06 1.11795e+14
1.29750e-06 1.09734e+14
1.30250e-06 1.08762e+14
1.30750e-06 1.07184e+14
1.31250e-06 1.05637e+14
1.31750e-06 1.04073e+14
1.32250e-06 1.02617e+14
1.32750e-06 1.01149e+14
1.33250e-06 9.97036e+13
1.33750e-06 9.82899e+13
1.34250e-06 9.67941e+13
1.34750e-06 9.55252e+13
1.35250e-06 9.41776e+13
1.35750e-06 9.28637e+13
1.36250e-06 9.15624e+13
1.36750e-06 9.02857e+13
1.37250e-06 8.90351e+13
1.37750e-06 8.78161e+13
1.38250e-06 8.66085e+13
1.38750e-06 8.54179e+13
1.39250e-06 8.42072e+13
1.39750e-06 8.30810e+13
1.40250e-06 8.19745e+13
1.40750e-06 8.08645e+13
1.41250e-06 7.97700e+13
1.41750e-06 7.87020e+13
1.42250e-06 7.76489e+13
1.42750e-06 7.66122e+13
1.43250e-06 7.55919e+13
1.43750e-06 7.45856e+13
1.44250e-06 7.35824e+13
1.44750e-06 7.26255e+13
1.45250e-06 7.16710e+13
1.45700e-06 7.08368e+13
1.46200e-06 6.99230e+13
1.46750e-06 6.89363e+13
1.47250e-06 6.80467e+13
1.47750e-06 6.71659e+13
1.48250e-06 6.63176e+13
1.48750e-06 6.54690e+13
1.49250e-06 6.46370e+13
1.49750e-06 6.38012e+13
1.50250e-06 6.29868e+13
1.50750e-06 6.20442e+13
1.51250e-06 6.13366e+13
1.51750e-06 6.05175e+13
1.52250e-06 5.97209e+13
1.52750e-06 5.89301e+13
1.53250e-06 5.81035e+13
1.53750e-06 5.74298e+13
1.54250e-06 5.65308e+13
1.54750e-06 5.59962e+13
1.55250e-06 5.52250e+13
1.55750e-06 5.42684e+13
1.56250e-06 5.42303e+13
1.56750e-06 5.30048e+13
1.57250e-06 5.21457e+13
1.57750e-06 5.24197e+13
1.58250e-06 5.16452e+13
1.58750e-06 4.96865e+13
1.59250e-06 5.00865e+13
1.59750e-06 5.02178e+13
1.60500e-06 4.88341e+13
1.61500e-06 4.69558e+13
1.62500e-06 4.70830e+13
1.63500e-06 4.53335e+13
1.64500e-06 4.35478e+13
1.65500e-06 4.39432e+13
1.66500e-06 4.29699e+13
1.67500e-06 4.12163e+13
1.68500e-06 3.95038e+13
1.69500e-06 4.00697e+13
1.70500e-06 3.90244e+13
1.71500e-06 3.83618e+13
1.72500e-06 3.73841e+13
1.73500e-06 3.47880e+13
1.74500e-06 3.55398e+13
1.75500e-06 3.50907e+13
1.76500e-06 3.43338e+13
1.77500e-06 3.35857e+13
1.78500e-06 3.28439e+13
1.79500e-06 3.21680e+13
1.80500e-06 3.13743e+13
1.81500e-06 2.92615e+13
1.82500e-06 2.97075e+13
1.83500e-06 2.95132e+13
1.84500e-06 2.89153e+13
1.85500e-06 2.82814e+13
1.86500e-06 2.74504e+13
1.87500e-06 2.57267e+13
1.88500e-06 2.65115e+13
1.89500e-06 2.60541e+13
1.90500e-06 2.54481e+13
1.91500e-06 2.50289e+13
1.92500e-06 2.45286e+13
1.93500e-06 2.38974e+13
1.94500e-06 2.21844e+13
1.95500e-06 2.29299e+13
1.96500e-06 2.26484e+13
1.97500e-06 2.22071e+13
1.98500e-06 2.17755e+13
1.99500e-06 2.13542e+13
2.00500e-06 2.09440e+13
2.01500e-06 2.05427e+13
2.02500e-06 2.01520e+13
2.03500e-06 1.97698e+13
2.04500e-06 1.93886e+13
2.05500e-06 1.89898e+13
2.06500e-06 1.86765e+13
2.07500e-06 1.83289e+13
2.08500e-06 1.79889e+13
2.09500e-06 1.76570e+13
2.10500e-06 1.73332e+13
2.11500e-06 1.69457e+13
2.12500e-06 1.67065e+13
2.13500e-06 1.64032e+13
2.14500e-06 1.61008e+13
2.15500e-06 1.57368e+13
2.16500e-06 1.46248e+13
2.17500e-06 1.51254e+13
2.18500e-06 1.49762e+13
2.19500e-06 1.47251e+13
2.20500e-06 1.44679e+13
2.21500e-06 1.42154e+13
2.22500e-06 1.39647e+13
2.23500e-06 1.37261e+13
2.24500e-06 1.34890e+13
2.25500e-06 1.32577e+13
2.26500e-06 1.30308e+13
2.27500e-06 1.28087e+13
2.28500e-06 1.26067e+13
2.29500e-06 1.24491e+13
2.30500e-06 1.22357e+13
2.31500e-06 1.20339e+13
2.32500e-06 1.18331e+13
2.33500e-06 1.16214e+13
2.34500e-06 1.14128e+13
2.35500e-06 1.12170e+13
2.36500e-06 1.10273e+13
2.37500e-06 1.08398e+13
2.38500e-06 1.06604e+13
2.39500e-06 1.04816e+13
2.40500e-06 1.03040e+13
2.41500e-06 1.01342e+13
2.42500e-06 9.97076e+12
2.43500e-06 9.81025e+12
2.44500e-06 9.64320e+12
2.45500e-06 9.50042e+12
2.46500e-06 9.33793e+12
2.47500e-06 9.18452e+12
2.48500e-06 9.06621e+12
2.49500e-06 8.89020e+12
2.50500e-06 8.83557e+12
2.51500e-06 8.66419e+12
2.52500e-06 8.46157e+12
2.53500e-06 8.38439e+12
2.54500e-06 8.28141e+12
2.55500e-06 8.12380e+12
2.56500e-06 7.92487e+12
2.57500e-06 7.89128e+12
2.58500e-06 7.79820e+12
2.59500e-06 7.67500e+12
2.60500e-06 7.50127e+12
2.61500e-06 7.27488e+12
2.62500e-06 6.91503e+12
2.63500e-06 7.17517e+12
2.64500e-06 7.12640e+12
2.65500e-06 7.01617e+12
2.66500e-06 6.88140e+12
2.67500e-06 6.64683e+12
2.68500e-06 6.67998e+12
2.69500e-06 6.63205e+12
2.70500e-06 6.54398e+12
2.71500e-06 6.44986e+12
2.72500e-06 6.35746e+12
2.73500e-06 6.26472e+12
2.74500e-06 6.14816e+12
2.75500e-06 5.90507e+12
2.76500e-06 5.90777e+12
2.77500e-06 5.90587e+12
2.78500e-06 5.83682e+12
2.79500e-06 5.75558e+12
2.80500e-06 5.67488e+12
2.81500e-06 5.59660e+12
2.82500e-06 5.51928e+12
2.83500e-06 5.44292e+12
2.84500e-06 5.36842e+12
2.85500e-06 5.28234e+12
2.86500e-06 5.15099e+12
2.87500e-06 4.94430e+12
2.88500e-06 5.05085e+12
2.89500e-06 5.00972e+12
2.90500e-06 4.94627e+12
2.91500e-06 4.87959e+12
2.92500e-06 4.81458e+12
2.93500e-06 4.75034e+12
2.94500e-06 4.68729e+12
2.95500e-06 4.62542e+12
2.96500e-06 4.56470e+12
2.97500e-06 4.50470e+12
2.98500e-06 4.44539e+12
2.99500e-06 4.38762e+12
3.00500e-06 4.33051e+12
3.01500e-06 4.27282e+12
3.02500e-06 4.19974e+12
3.03500e-06 4.00708e+12
3.04500e-06 4.00819e+12
3.05500e-06 4.04460e+12
3.06500e-06 4.00642e+12
3.07500e-06 3.95443e+12
3.08500e-06 3.90453e+12
3.09500e-06 3.85594e+12
3.10500e-06 3.80735e+12
3.11500e-06 3.75918e+12
3.12500e-06 3.71182e+12
3.13500e-06 3.66602e+12
3.14500e-06 3.62035e+12
3.15500e-06 3.57541e+12
3.16500e-06 3.53112e+12
3.17500e-06 3.48757e+12
3.18500e-06 3.44472e+12
3.19500e-06 3.40245e+12
3.21000e-06 3.34027e+12
3.23000e-06 3.25960e+12
3.25000e-06 3.18130e+12
3.27000e-06 3.10290e+12
3.29000e-06 2.93112e+12
3.31000e-06 2.93831e+12
3.33000e-06 2.89727e+12
3.35000e-06 2.83039e+12
3.37000e-06 2.76458e+12
3.39000e-06 2.70095e+12
3.41000e-06 2.63900e+12
3.43000e-06 2.57866e+12
3.45000e-06 2.52018e+12
3.47000e-06 2.45970e+12
3.49000e-06 2.40264e+12
3.51000e-06 2.34889e+12
3.53000e-06 2.29623e+12
3.55000e-06 2.24481e+12
3.57000e-06 2.19504e+12
3.59000e-06 2.14753e+12
3.61000e-06 2.10019e+12
3.63000e-06 2.05535e+12
3.65000e-06 2.00973e+12
3.67000e-06 1.96912e+12
3.69000e-06 1.92290e+12
3.71000e-06 1.88279e+12
3.73000e-06 1.81467e+12
3.75000e-06 1.76223e+12
3.77000e-06 1.77006e+12
3.79000e-06 1.73758e+12
3.81000e-06 1.69315e+12
3.83000e-06 1.65959e+12
3.85000e-06 1.63426e+12
3.87000e-06 1.60124e+12
3.89000e-06 1.56358e+12
3.91000e-06 1.52239e+12
3.93000e-06 1.50430e+12
3.95000e-06 1.47662e+12
3.97000e-06 1.44760e+12
3.99000e-06 1.41912e+12
4.01000e-06 1.37972e+12
4.03000e-06 1.34729e+12
4.05000e-06 1.29440e+12
4.07000e-06 1.30912e+12
4.09000e-06 1.28670e+12
4.11000e-06 1.26212e+12
4.13000e-06 1.23701e+12
4.15000e-06 1.21107e+12
4.17000e-06 1.17084e+12
4.19000e-06 1.16542e+12
4.21000e-06 1.14753e+12
4.23000e-06 1.12622e+12
4.25000e-06 1.10480e+12
4.27000e-06 1.08503e+12
4.29000e-06 1.06317e+12
4.31000e-06 1.04568e+12
4.33000e-06 1.02668e+12
4.35000e-06 1.00666e+12
4.37000e-06 9.70228e+11
4.39000e-06 9.63950e+11
4.41000e-06 9.54664e+11
4.43000e-06 9.37886e+11
4.45000e-06 9.21294e+11
4.47000e-06 9.06281e+11
4.49000e-06 8.90376e+11
4.51000e-06 8.74829e+11
4.53000e-06 8.59594e+11
4.55000e-06 8.44720e+11
4.57000e-06 8.30146e+11
4.59000e-06 8.15900e+11
4.61000e-06 8.01656e+11
4.63000e-06 7.86046e+11
4.65000e-06 7.43373e+11
4.67000e-06 7.37468e+11
4.69000e-06 7.43370e+11
4.71000e-06 7.36374e+11
4.73000e-06 7.24232e+11
4.75000e-06 7.12169e+11
4.77000e-06 7.00431e+11
4.79000e-06 6.88896e+11
4.81000e-06 6.77594e+11
4.83000e-06 6.66536e+11
4.85000e-06 6.55685e+11
4.87000e-06 6.45052e+11
4.89000e-06 6.34651e+11
4.91000e-06 6.24444e+11
4.93000e-06 6.14443e+11
4.95000e-06 6.04644e+11
4.97000e-06 5.95045e+11
4.99000e-06 5.85624e+11
5.01000e-06 5.76395e+11
5.03000e-06 5.67339e+11
5.05000e-06 5.58467e+11
5.07000e-06 5.49775e+11
5.09000e-06 5.41232e+11
5.11000e-06 5.29616e+11
5.13000e-06 5.06227e+11
5.15000e-06 5.14447e+11
5.17000e-06 5.08713e+11
5.19000e-06 5.00981e+11
5.21000e-06 4.93381e+11
5.23000e-06 4.85924e+11
5.25000e-06 4.78607e+11
5.27000e-06 4.71427e+11
5.29000e-06 4.64382e+11
5.31000e-06 4.57470e+11
5.33000e-06 4.50688e+11
5.35000e-06 4.44021e+11
5.37000e-06 4.37480e+11
5.39000e-06 4.31062e+11
5.41000e-06 4.24766e+11
5.43000e-06 4.18577e+11
5.45000e-06 4.12504e+11
5.47000e-06 4.06534e+11
5.49000e-06 4.00678e+11
5.51000e-06 3.94920e+11
5.53000e-06 3.89273e+11
5.55000e-06 3.83720e+11
5.57000e-06 3.78274e+11
5.59000e-06 3.72920e+11
5.61000e-06 3.67656e+11
5.63000e-06 3.62481e+11
5.65000e-06 3.57406e+11
5.67000e-06 3.52416e+11
5.69000e-06 3.47511e+11
5.71000e-06 3.42689e+11
5.73000e-06 3.37960e+11
5.75000e-06 3.33300e+11
5.77000e-06 3.28731e+11
5.79000e-06 3.24227e+11
5.81000e-06 3.19811e+11
5.83000e-06 3.15460e+11
5.85000e-06 3.11435e+11
5.87000e-06 3.07119e+11
5.89000e-06 3.00791e+11
5.91000e-06 2.86915e+11
5.93000e-06 2.93575e+11
5.95000e-06 2.91105e+11
5.97000e-06 2.87244e+11
5.99000e-06 2.83450e+11
6.01000e-06 2.79710e+11
6.03000e-06 2.76034e+11
6.05000e-06 2.72421e+11
6.07000e-06 2.68860e+11
6.09000e-06 2.65360e+11
6.11000e-06 2.61910e+11
6.13000e-06 2.58530e+11
6.15000e-06 2.55198e+11
6.17000e-06 2.51913e+11
6.19000e-06 2.48685e+11
6.21000e-06 2.45513e+11
6.23000e-06 2.42386e+11
6.25000e-06 2.39304e+11
6.27000e-06 2.36285e+11
6.29000e-06 2.33299e+11
6.31000e-06 2.30366e+11
6.33000e-06 2.27483e+11
6.35000e-06 2.24632e+11
6.37000e-06 2.21840e+11
6.39000e-06 2.19079e+11
6.42000e-06 2.15035e+11
6.46000e-06 2.09771e+11
6.50000e-06 2.04674e+11
6.54000e-06 1.99729e+11
6.58000e-06 1.94924e+11
6.62000e-06 1.90272e+11
6.66000e-06 1.85760e+11
6.70000e-06 1.81374e+11
6.74000e-06 1.77113e+11
6.78000e-06 1.72981e+11
6.82000e-06 1.68973e+11
6.86000e-06 1.65071e+11
6.90000e-06 1.61288e+11
6.94000e-06 1.57611e+11
6.98000e-06 1.54039e+11
7.02000e-06 1.50561e+11
7.06000e-06 1.47189e+11
7.10000e-06 1.43906e+11
7.14000e-06 1.40710e+11
7.18000e-06 1.37612e+11
7.22000e-06 1.34595e+11
7.26000e-06 1.31658e+11
7.30000e-06 1.28798e+11
7.34000e-06 1.26021e+11
7.38000e-06 1.23309e+11
7.42000e-06 1.20369e+11
7.46000e-06 1.14905e+11
7.50000e-06 1.12262e+11
7.54000e-06 1.12976e+11
7.58000e-06 1.10830e+11
7.62000e-06 1.08521e+11
7.66000e-06 1.06280e+11
7.70000e-06 1.04092e+11
7.74000e-06 1.01956e+11
7.78000e-06 9.98832e+10
7.82000e-06 9.78537e+10
7.86000e-06 9.58846e+10
7.90000e-06 9.39562e+10
7.94000e-06 9.20798e+10
7.98000e-06 9.02538e+10
8.02000e-06 8.84655e+10
8.06000e-06 8.67256e+10
8.10000e-06 8.50270e+10
8.14000e-06 8.33690e+10
8.18000e-06 8.17506e+10
8.22000e-06 8.01763e+10
8.26000e-06 7.86341e+10
8.30000e-06 7.71288e+10
8.34000e-06 7.56596e+10
8.38000e-06 7.42309e+10
8.42000e-06 7.28312e+10
8.46000e-06 7.14598e+10
8.50000e-06 7.01266e+10
8.54000e-06 6.88204e+10
8.58000e-06 6.75507e+10
8.62000e-06 6.63067e+10
8.66000e-06 6.50878e+10
8.70000e-06 6.38983e+10
8.74000e-06 6.27378e+10
8.78000e-06 6.16005e+10
8.82000e-06 6.04910e+10
8.86000e-06 5.94085e+10
8.90000e-06 5.83478e+10
8.94000e-06 5.73083e+10
8.98000e-06 5.62944e+10
9.02000e-06 5.53054e+10
9.06000e-06 5.43316e+10
9.10000e-06 5.33819e+10
9.14000e-06 5.24557e+10
9.18000e-06 5.15481e+10
9.22000e-06 5.06586e+10
9.26000e-06 4.97869e+10
9.30000e-06 4.89371e+10
9.34000e-06 4.81042e+10
9.38000e-06 4.72880e+10
9.42000e-06 4.64882e+10
9.46000e-06 4.57086e+10
9.50000e-06 4.49405e+10
9.54000e-06 4.41919e+10
9.58000e-06 4.34583e+10
9.62000e-06 4.27394e+10
9.66000e-06 4.20350e+10
9.70000e-06 4.13446e+10
9.74000e-06 4.06682e+10
9.78000e-06 4.00093e+10
9.82000e-06 3.93598e+10
9.86000e-06 3.87233e+10
9.90000e-06 3.81005e+10
9.94000e-06 3.74902e+10
9.98000e-06 3.68918e+10
1.00200e-05 3.63056e+10
2.00000e-05 2.26387e+09
4.00000e-05 1.39308e+08
6.00000e-05 2.72470e+07
8.00000e-05 8.55590e+06
1.00000e-04 3.48223e+06
1.20000e-04 1.66973e+06
1.40000e-04 8.96561e+05
1.60000e-04 5.23022e+05
