9.09000e-09 0.00000e+00
9.35000e-09 0.00000e+00
9.61000e-09 0.00000e+00
9.77000e-09 0.00000e+00
9.96000e-09 0.00000e+00
1.02000e-08 0.00000e+00
1.03800e-08 0.00000e+00
1.05600e-08 0.00000e+00
1.07700e-08 0.00000e+00
1.10400e-08 0.00000e+00
1.14000e-08 0.00000e+00
1.17800e-08 0.00000e+00
1.21300e-08 0.00000e+00
1.24800e-08 0.00000e+00
1.27100e-08 0.00000e+00
1.28400e-08 0.00000e+00
1.30500e-08 0.00000e+00
1.32400e-08 0.00000e+00
1.33900e-08 0.00000e+00
1.36600e-08 0.00000e+00
1.39800e-08 0.00000e+00
1.43300e-08 0.00000e+00
1.47200e-08 0.00000e+00
1.51000e-08 0.00000e+00
1.55200e-08 0.00000e+00
1.58800e-08 0.00000e+00
1.62000e-08 0.00000e+00
1.66000e-08 0.00000e+00
1.70300e-08 0.00000e+00
1.73400e-08 0.00000e+00
1.76800e-08 0.00000e+00
1.80200e-08 0.00000e+00
1.81700e-08 0.00000e+00
1.86100e-08 0.00000e+00
1.91000e-08 0.00000e+00
1.93900e-08 0.00000e+00
1.98400e-08 0.00000e+00
2.01800e-08 0.00000e+00
2.05000e-08 0.00000e+00
2.10500e-08 0.00000e+00
2.16200e-08 0.00000e+00
2.19800e-08 0.00000e+00
2.23000e-08 0.00000e+00
2.26800e-08 0.00000e+00
2.30000e-08 0.00000e+00
2.34000e-08 0.00000e+00
2.40000e-08 0.00000e+00
2.46500e-08 0.00000e+00
2.52400e-08 0.00000e+00
2.56800e-08 0.00000e+00
2.60000e-08 0.00000e+00
2.64000e-08 0.00000e+00
2.68500e-08 0.00000e+00
2.73500e-08 0.00000e+00
2.78500e-08 0.00000e+00
2.84000e-08 0.00000e+00
2.90000e-08 0.00000e+00
2.96000e-08 0.00000e+00
3.01000e-08 0.00000e+00
3.08000e-08 0.00000e+00
3.18000e-08 0.00000e+00
3.28000e-08 0.00000e+00
3.38000e-08 0.00000e+00
3.48000e-08 0.00000e+00
3.57000e-08 0.00000e+00
3.66000e-08 0.00000e+00
3.75000e-08 0.00000e+00
3.85000e-08 0.00000e+00
3.95000e-08 0.00000e+00
4.05000e-08 0.00000e+00
4.14000e-08 0.00000e+00
4.22000e-08 0.00000e+00
4.30000e-08 0.00000e+00
4.41000e-08 0.00000e+00
4.51000e-08 0.00000e+00
4.60000e-08 0.00000e+00
4.70000e-08 0.00000e+00
4.80000e-08 0.00000e+00
4.90000e-08 0.00000e+00
5.00000e-08 0.00000e+00
5.06000e-08 0.00000e+00
5.12000e-08 0.00000e+00
5.20000e-08 0.00000e+00
5.30000e-08 0.00000e+00
5.40000e-08 0.00000e+00
5.50000e-08 0.00000e+00
5.60000e-08 0.00000e+00
5.70000e-08 0.00000e+00
5.80000e-08 0.00000e+00
5.90000e-08 0.00000e+00
6.00000e-08 0.00000e+00
6.10000e-08 0.00000e+00
6.20000e-08 0.00000e+00
6.30000e-08 0.00000e+00
6.40000e-08 0.00000e+00
6.50000e-08 0.00000e+00
6.58000e-08 0.00000e+00
6.65000e-08 0.00000e+00
6.75000e-08 0.00000e+00
6.85000e-08 0.00000e+00
6.95000e-08 0.00000e+00
7.05000e-08 0.00000e+00
7.16000e-08 0.00000e+00
7.26000e-08 0.00000e+00
7.35000e-08 0.00000e+00
7.45000e-08 0.00000e+00
7.55000e-08 0.00000e+00
7.65000e-08 0.00000e+00
7.75000e-08 0.00000e+00
7.85000e-08 0.00000e+00
7.95000e-08 0.00000e+00
8.05000e-08 0.00000e+00
8.15000e-08 0.00000e+00
8.25000e-08 0.00000e+00
8.35000e-08 0.00000e+00
8.45000e-08 0.00000e+00
8.55000e-08 0.00000e+00
8.65000e-08 0.00000e+00
8.75000e-08 0.00000e+00
8.85000e-08 0.00000e+00
8.95000e-08 0.00000e+00
9.05000e-08 0.00000e+00
9.15000e-08 0.00000e+00
9.25000e-08 5.63230e-05
9.35000e-08 8.32386e-05
9.45000e-08 1.35438e-04
9.55000e-08 1.34648e-04
9.65000e-08 3.18436e-04
9.75000e-08 3.27373e-04
9.85000e-08 5.64460e-04
9.95000e-08 9.62275e-04
1.00500e-07 1.31696e-03
1.01500e-07 1.91407e-03
1.02500e-07 2.84076e-03
1.03500e-07 6.63237e-03
1.04500e-07 9.92655e-03
1.05500e-07 1.07093e-02
1.06500e-07 2.59753e-02
1.07500e-07 3.79167e-02
1.08500e-07 7.06243e-02
1.09500e-07 1.01602e-01
1.10500e-07 1.35376e-01
1.11500e-07 1.89895e-01
1.12500e-07 4.32565e-01
1.13500e-07 7.54762e-01
1.14500e-07 1.22066e+00
1.15500e-07 1.80082e+00
1.16500e-07 2.29951e+00
1.17500e-07 3.63489e+00
1.18500e-07 4.38858e+00
1.19500e-07 4.92828e+00
1.20500e-07 4.02098e+00
1.21500e-07 2.12782e+00
1.22500e-07 6.66209e+00
1.23500e-07 1.85699e+01
1.24500e-07 2.82568e+01
1.25500e-07 4.02677e+01
1.26500e-07 5.10939e+01
1.27500e-07 7.04806e+01
1.28500e-07 7.35106e+01
1.29500e-07 9.37072e+01
1.30500e-07 1.17692e+02
1.31500e-07 1.48681e+02
1.32500e-07 1.72865e+02
1.33500e-07 1.97021e+02
1.34500e-07 2.68393e+02
1.35500e-07 3.45352e+02
1.36500e-07 3.98138e+02
1.37500e-07 4.38377e+02
1.38500e-07 5.31014e+02
1.39500e-07 6.07000e+02
1.40500e-07 8.30590e+02
1.41500e-07 1.04381e+03
1.42500e-07 1.17591e+03
1.43500e-07 1.63670e+03
1.44200e-07 2.22719e+03
1.44700e-07 1.95993e+03
1.45500e-07 2.30573e+03
1.46500e-07 3.38723e+03
1.47500e-07 4.06510e+03
1.48500e-07 4.43215e+03
1.49500e-07 6.40367e+03
1.50500e-07 8.70612e+03
1.51200e-07 5.75063e+03
1.51700e-07 8.20092e+03
1.52500e-07 1.37134e+04
1.53500e-07 1.91049e+04
1.54500e-07 1.50473e+04
1.55500e-07 2.28248e+04
1.56500e-07 2.26156e+04
1.57500e-07 4.32068e+04
1.58500e-07 4.51346e+04
1.59500e-07 4.47022e+04
1.60500e-07 4.73336e+04
1.61500e-07 5.10030e+04
1.62500e-07 5.25614e+04
1.63500e-07 6.70884e+04
1.64500e-07 8.67725e+04
1.65500e-07 8.30051e+04
1.66500e-07 1.17587e+05
1.67200e-07 1.08698e+05
1.67700e-07 1.46576e+05
1.68500e-07 1.91349e+05
1.69500e-07 2.59683e+05
1.70500e-07 2.79286e+05
1.71500e-07 3.06523e+05
1.72500e-07 4.03226e+05
1.73500e-07 4.65984e+05
1.74500e-07 6.22918e+05
1.75500e-07 6.46797e+05
1.76500e-07 8.30634e+05
1.77500e-07 7.63846e+05
1.78500e-07 1.34483e+06
1.79500e-07 1.17450e+06
1.80500e-07 1.93220e+06
1.81500e-07 1.46039e+06
1.82500e-07 2.24220e+06
1.83500e-07 2.02707e+06
1.84500e-07 2.80288e+06
1.85500e-07 2.34784e+06
1.86500e-07 3.74886e+06
1.87500e-07 3.55275e+06
1.88500e-07 4.41604e+06
1.89500e-07 5.40753e+06
1.90500e-07 5.75888e+06
1.91500e-07 8.04800e+06
1.92500e-07 6.93088e+06
1.93500e-07 5.42010e+06
1.94500e-07 9.55841e+06
1.95500e-07 1.31697e+07
1.96700e-07 1.41809e+07
1.97600e-07 1.64072e+07
1.98400e-07 2.05475e+07
1.99500e-07 1.86528e+07
2.00500e-07 2.14829e+07
2.01500e-07 2.43460e+07
2.02500e-07 2.31709e+07
2.03500e-07 2.86003e+07
2.04500e-07 3.00482e+07
2.05500e-07 3.54533e+07
2.06500e-07 3.41840e+07
2.07400e-07 3.30875e+07
2.07800e-07 5.55968e+07
2.08500e-07 7.09667e+07
2.09500e-07 7.71636e+07
2.10500e-07 7.04901e+07
2.11500e-07 7.12484e+07
2.12500e-07 8.09304e+07
2.13500e-07 1.02567e+08
2.14500e-07 8.30342e+07
2.15500e-07 9.87492e+07
2.16500e-07 9.86027e+07
2.17500e-07 1.07183e+08
2.18500e-07 1.00104e+08
2.19500e-07 1.59762e+08
2.20500e-07 1.35760e+08
2.21500e-07 1.64138e+08
2.22500e-07 1.48679e+08
2.23500e-07 2.37748e+08
2.24500e-07 2.64129e+08
2.25500e-07 3.20297e+08
2.26500e-07 1.82402e+08
2.27500e-07 3.31992e+08
2.28500e-07 3.28414e+08
2.29500e-07 5.20203e+08
2.30500e-07 2.22187e+08
2.31500e-07 6.42264e+08
2.32500e-07 5.16148e+08
2.33500e-07 7.82589e+08
2.34500e-07 5.02552e+08
2.35500e-07 4.49181e+08
2.36500e-07 5.95484e+08
2.37500e-07 5.77128e+08
2.38500e-07 9.51591e+08
2.39500e-07 8.75487e+08
2.40500e-07 1.49018e+09
2.41500e-07 9.79642e+08
2.42500e-07 1.23155e+09
2.43500e-07 1.72721e+09
2.44500e-07 2.31369e+09
2.45500e-07 2.65260e+09
2.46500e-07 1.76702e+09
2.47500e-07 3.01612e+09
2.48500e-07 1.22611e+09
2.49500e-07 1.42352e+09
2.50500e-07 2.67462e+09
2.51300e-07 1.94564e+09
2.51800e-07 2.05016e+09
2.52500e-07 2.43246e+09
2.53500e-07 4.96462e+09
2.54500e-07 6.00603e+09
2.55500e-07 6.63085e+09
2.56500e-07 3.89521e+09
2.57500e-07 5.92940e+09
2.58500e-07 4.63258e+09
2.59500e-07 5.43835e+09
2.60500e-07 7.24035e+09
2.61500e-07 6.72506e+09
2.62500e-07 9.72467e+09
2.63500e-07 1.42462e+10
2.64500e-07 1.20089e+10
2.65500e-07 1.55042e+10
2.66500e-07 1.43760e+10
2.67500e-07 1.24450e+10
2.68500e-07 1.64091e+10
2.69500e-07 1.21837e+10
2.70500e-07 1.81424e+10
2.71500e-07 1.80683e+10
2.72500e-07 1.61389e+10
2.73500e-07 1.70516e+10
2.74500e-07 2.27812e+10
2.75500e-07 2.19764e+10
2.76500e-07 2.83183e+10
2.77500e-07 3.65712e+10
2.78500e-07 2.59896e+10
2.79500e-07 3.16511e+10
2.80500e-07 3.27656e+10
2.81500e-07 3.52726e+10
2.82500e-07 3.76899e+10
2.83500e-07 3.43670e+10
2.84500e-07 2.76347e+10
2.85500e-07 1.51866e+10
2.86500e-07 3.95854e+10
2.87500e-07 4.25133e+10
2.88500e-07 5.82439e+10
2.89500e-07 6.73357e+10
2.91000e-07 9.18993e+10
2.93000e-07 8.73051e+10
2.95000e-07 8.22075e+10
2.97000e-07 8.11511e+10
2.99000e-07 9.27867e+10
3.01000e-07 9.77617e+10
3.03000e-07 1.13320e+11
3.05000e-07 1.33177e+11
3.07000e-07 1.51417e+11
3.09000e-07 1.49030e+11
3.11000e-07 2.29604e+11
3.13000e-07 2.17408e+11
3.15000e-07 3.25634e+11
3.17000e-07 4.74882e+11
3.19000e-07 3.43933e+11
3.21000e-07 4.05244e+11
3.23000e-07 3.90925e+11
3.25000e-07 7.17651e+11
3.27000e-07 9.94278e+11
3.29000e-07 1.21350e+12
3.31000e-07 9.45256e+11
3.33000e-07 1.05080e+12
3.35000e-07 9.89486e+11
3.37000e-07 5.61966e+11
3.39000e-07 7.16608e+11
3.41000e-07 7.71111e+11
3.43000e-07 8.84115e+11
3.45000e-07 8.38761e+11
3.47000e-07 8.19421e+11
3.49000e-07 1.17209e+12
3.51000e-07 1.64540e+12
3.53000e-07 1.49406e+12
3.55000e-07 2.12407e+12
3.57000e-07 8.53880e+11
3.59000e-07 8.05808e+11
3.61000e-07 1.30542e+12
3.63000e-07 1.65946e+12
3.64000e-07 1.93142e+12
3.65000e-07 2.47023e+12
3.67000e-07 3.21743e+12
3.69000e-07 2.16818e+12
3.71000e-07 1.68118e+12
3.73000e-07 7.72664e+11
3.75000e-07 9.57411e+11
3.77000e-07 2.30424e+12
3.79000e-07 2.56518e+12
3.81000e-07 2.14228e+12
3.83000e-07 8.89376e+11
3.85000e-07 1.58729e+12
3.87000e-07 1.44020e+12
3.89000e-07 1.68820e+12
3.91000e-07 2.58150e+12
3.93000e-07 1.03317e+12
3.95000e-07 2.18821e+12
3.97000e-07 1.48210e+12
3.99000e-07 4.72141e+12
4.01000e-07 5.88684e+12
4.03000e-07 4.93619e+12
4.05000e-07 4.91007e+12
4.07000e-07 4.12780e+12
4.09000e-07 7.02289e+12
4.11000e-07 4.91250e+12
4.13000e-07 5.24714e+12
4.15000e-07 4.91297e+12
4.17000e-07 5.14760e+12
4.19000e-07 5.19943e+12
4.21000e-07 4.40643e+12
4.23000e-07 2.57521e+12
4.25000e-07 4.48176e+12
4.27000e-07 4.34504e+12
4.29000e-07 4.41413e+12
4.31000e-07 4.49677e+12
4.33000e-07 7.06346e+12
4.35000e-07 8.01322e+12
4.37000e-07 8.46519e+12
4.39000e-07 6.65472e+12
4.41000e-07 6.83121e+12
4.43000e-07 7.67133e+12
4.45000e-07 8.14472e+12
4.47000e-07 9.45347e+12
4.49000e-07 9.85063e+12
4.51000e-07 1.22389e+13
4.53000e-07 9.34166e+12
4.55000e-07 1.07586e+13
4.57000e-07 1.20352e+13
4.59000e-07 1.12741e+13
4.61000e-07 1.16537e+13
4.63000e-07 1.16494e+13
4.65000e-07 1.11901e+13
4.67000e-07 1.24668e+13
4.69000e-07 1.18647e+13
4.71000e-07 1.10405e+13
4.73000e-07 1.09071e+13
4.75000e-07 1.05797e+13
4.77000e-07 9.31838e+12
4.79000e-07 1.00397e+13
4.81000e-07 1.18791e+13
4.83000e-07 1.19238e+13
4.85000e-07 1.23867e+13
4.87000e-07 1.13703e+13
4.89000e-07 1.19201e+13
4.91000e-07 1.18558e+13
4.93000e-07 1.08633e+13
4.95000e-07 1.08807e+13
4.97000e-07 1.02758e+13
4.99000e-07 9.07463e+12
5.01000e-07 7.93757e+12
5.03000e-07 8.66419e+12
5.05000e-07 8.02963e+12
5.07000e-07 7.65848e+12
5.09000e-07 7.36576e+12
5.11000e-07 7.56719e+12
5.13000e-07 7.13811e+12
5.15000e-07 6.62000e+12
5.17000e-07 6.36042e+12
5.19000e-07 7.12423e+12
5.21000e-07 8.54857e+12
5.23000e-07 1.20675e+13
5.25000e-07 1.35132e+13
5.27000e-07 1.03482e+13
5.29000e-07 1.37248e+13
5.31000e-07 1.51809e+13
5.33000e-07 1.22971e+13
5.35000e-07 1.40018e+13
5.37000e-07 1.35606e+13
5.39000e-07 1.33072e+13
5.41000e-07 1.30004e+13
5.43000e-07 1.29125e+13
5.45000e-07 1.30462e+13
5.47000e-07 1.39117e+13
5.49000e-07 1.43442e+13
5.51000e-07 1.38171e+13
5.53000e-07 1.49862e+13
5.55000e-07 1.51952e+13
5.57000e-07 1.47475e+13
5.59000e-07 1.38862e+13
5.61000e-07 1.49605e+13
5.63000e-07 1.54831e+13
5.65000e-07 1.60995e+13
5.67000e-07 1.55678e+13
5.69000e-07 1.58972e+13
5.71000e-07 1.51286e+13
5.73000e-07 1.66112e+13
5.75000e-07 1.63898e+13
5.77000e-07 1.64993e+13
5.79000e-07 1.56821e+13
5.81000e-07 1.64894e+13
5.83000e-07 1.70681e+13
5.85000e-07 1.64376e+13
5.87000e-07 1.65280e+13
5.89000e-07 1.43407e+13
5.91000e-07 1.64819e+13
5.93000e-07 1.64898e+13
5.95000e-07 1.64994e+13
5.97000e-07 1.68393e+13
5.99000e-07 1.66284e+13
6.01000e-07 1.64136e+13
6.03000e-07 1.68706e+13
6.05000e-07 1.71102e+13
6.07000e-07 1.69578e+13
6.09000e-07 1.64474e+13
6.11000e-07 1.64983e+13
6.13000e-07 1.53061e+13
6.15000e-07 1.62794e+13
6.17000e-07 1.45481e+13
6.19000e-07 1.64522e+13
6.21000e-07 1.61666e+13
6.23000e-07 1.57340e+13
6.25000e-07 1.52177e+13
6.27000e-07 1.58414e+13
6.29000e-07 1.63046e+13
6.31000e-07 1.58645e+13
6.33000e-07 1.61330e+13
6.35000e-07 1.62763e+13
6.37000e-07 1.62513e+13
6.39000e-07 1.66157e+13
6.41000e-07 1.61610e+13
6.43000e-07 1.62593e+13
6.45000e-07 1.58815e+13
6.47000e-07 1.57547e+13
6.49000e-07 1.55736e+13
6.51000e-07 1.62888e+13
6.53000e-07 1.66256e+13
6.55000e-07 1.62836e+13
6.56125e-07 1.61314e+13
6.59000e-07 1.63642e+13
6.61000e-07 1.65084e+13
6.63000e-07 1.65058e+13
6.65000e-07 1.65217e+13
6.67000e-07 1.61332e+13
6.69000e-07 1.62397e+13
6.71000e-07 1.55180e+13
6.73000e-07 1.60655e+13
6.75000e-07 1.56951e+13
6.77000e-07 1.58475e+13
6.79000e-07 1.55900e+13
6.81000e-07 1.57455e+13
6.83000e-07 1.60064e+13
6.85000e-07 1.56601e+13
6.87000e-07 1.58221e+13
6.89000e-07 1.59899e+13
6.91000e-07 1.60308e+13
6.93000e-07 1.59502e+13
6.95000e-07 1.59856e+13
6.97000e-07 1.62531e+13
6.99000e-07 1.59682e+13
7.01000e-07 1.59738e+13
7.03000e-07 1.61781e+13
7.05000e-07 1.63161e+13
7.07000e-07 1.58870e+13
7.09000e-07 1.53501e+13
7.11000e-07 1.48279e+13
7.13000e-07 1.44121e+13
7.15000e-07 1.40921e+13
7.17000e-07 1.46907e+13
7.19000e-07 1.44050e+13
7.21000e-07 1.44890e+13
7.23000e-07 1.51614e+13
7.25000e-07 1.51502e+13
7.27000e-07 1.54305e+13
7.29000e-07 1.54090e+13
7.31000e-07 1.55652e+13
7.33000e-07 1.54306e+13
7.35000e-07 1.54758e+13
7.37000e-07 1.58046e+13
7.39000e-07 1.56329e+13
7.41000e-07 1.54512e+13
7.43000e-07 1.57360e+13
7.45000e-07 1.56428e+13
7.47000e-07 1.58130e+13
7.49000e-07 1.57454e+13
7.51000e-07 1.58667e+13
7.53000e-07 1.59600e+13
7.55000e-07 1.60090e+13
7.57000e-07 1.59239e+13
7.59000e-07 1.57878e+13
7.61000e-07 1.57413e+13
7.63000e-07 1.56997e+13
7.65000e-07 1.55591e+13
7.67000e-07 1.47275e+13
7.69000e-07 1.53040e+13
7.71000e-07 1.48533e+13
7.73000e-07 1.51107e+13
7.75000e-07 1.49250e+13
7.77000e-07 1.52083e+13
7.79000e-07 1.52054e+13
7.81000e-07 1.51727e+13
7.83000e-07 1.49570e+13
7.85000e-07 1.48779e+13
7.87000e-07 1.52330e+13
7.89000e-07 1.51032e+13
7.91000e-07 1.48957e+13
7.93000e-07 1.48644e+13
7.95000e-07 1.46669e+13
7.97000e-07 1.51147e+13
7.99000e-07 1.50739e+13
8.01000e-07 1.50158e+13
8.03000e-07 1.49843e+13
8.05000e-07 1.49524e+13
8.07000e-07 1.49599e+13
8.09000e-07 1.48555e+13
8.11000e-07 1.49805e+13
8.13000e-07 1.51206e+13
8.15000e-07 1.50998e+13
8.17000e-07 1.50559e+13
8.19000e-07 1.41737e+13
8.21000e-07 1.47056e+13
8.23000e-07 1.48250e+13
8.25000e-07 1.48113e+13
8.27000e-07 1.50196e+13
8.29000e-07 1.49247e+13
8.31000e-07 1.46238e+13
8.33000e-07 1.43593e+13
8.35000e-07 1.45289e+13
8.37000e-07 1.45294e+13
8.39000e-07 1.37779e+13
8.41000e-07 1.44715e+13
8.43000e-07 1.38007e+13
8.45000e-07 1.40404e+13
8.47000e-07 1.39899e+13
8.49000e-07 1.41028e+13
8.51000e-07 1.35221e+13
8.53000e-07 1.41194e+13
8.55000e-07 1.34170e+13
8.57000e-07 1.42419e+13
8.59000e-07 1.40796e+13
8.61000e-07 1.40331e+13
8.63000e-07 1.41406e+13
8.65000e-07 1.42953e+13
8.67000e-07 1.32171e+13
8.69000e-07 1.35554e+13
8.71000e-07 1.40698e+13
8.73000e-07 1.40657e+13
8.75000e-07 1.40202e+13
8.77000e-07 1.39749e+13
8.79000e-07 1.40425e+13
8.81000e-07 1.35100e+13
8.83000e-07 1.37392e+13
8.85000e-07 1.39312e+13
8.87000e-07 1.38158e+13
8.89000e-07 1.40363e+13
8.91000e-07 1.40384e+13
8.93000e-07 1.37994e+13
8.95000e-07 1.36950e+13
8.97000e-07 1.37562e+13
8.99000e-07 1.38111e+13
9.01000e-07 1.32255e+13
9.03000e-07 1.36035e+13
9.05000e-07 1.38613e+13
9.07000e-07 1.38108e+13
9.09000e-07 1.33347e+13
9.11000e-07 1.34320e+13
9.13000e-07 1.36181e+13
9.15000e-07 1.35892e+13
9.17000e-07 1.35686e+13
9.19000e-07 1.36702e+13
9.21000e-07 1.34074e+13
9.23000e-07 1.34900e+13
9.25000e-07 1.32878e+13
9.27000e-07 1.32827e+13
9.29000e-07 1.31876e+13
9.31000e-07 1.33492e+13
9.33000e-07 1.32950e+13
9.35000e-07 1.32020e+13
9.37000e-07 1.30032e+13
9.39000e-07 1.31932e+13
9.41000e-07 1.29223e+13
9.43000e-07 1.31476e+13
9.45000e-07 1.28490e+13
9.47000e-07 1.30871e+13
9.49000e-07 1.31069e+13
9.51000e-07 1.30273e+13
9.53000e-07 1.29743e+13
9.55000e-07 1.27300e+13
9.57000e-07 1.27678e+13
9.59000e-07 1.29784e+13
9.61000e-07 1.27416e+13
9.63000e-07 1.28431e+13
9.65000e-07 1.23834e+13
9.67000e-07 1.24200e+13
9.69000e-07 1.26878e+13
9.71000e-07 1.25377e+13
9.73000e-07 1.23923e+13
9.75000e-07 1.24247e+13
9.77000e-07 1.24970e+13
9.79000e-07 1.21913e+13
9.81000e-07 1.26189e+13
9.83000e-07 1.24580e+13
9.85000e-07 1.26059e+13
9.87000e-07 1.25065e+13
9.89000e-07 1.24837e+13
9.91000e-07 1.24606e+13
9.93000e-07 1.24384e+13
9.95000e-07 1.24230e+13
9.97000e-07 1.24077e+13
9.99000e-07 1.23845e+13
1.00250e-06 1.22671e+13
1.00750e-06 1.21627e+13
1.01250e-06 1.21553e+13
1.01750e-06 1.20296e+13
1.02250e-06 1.19706e+13
1.02750e-06 1.19547e+13
1.03250e-06 1.17434e+13
1.03750e-06 1.16819e+13
1.04250e-06 1.17168e+13
1.04750e-06 1.15770e+13
1.05250e-06 1.15894e+13
1.05750e-06 1.14373e+13
1.06250e-06 1.14100e+13
1.06750e-06 1.12455e+13
1.07250e-06 1.12100e+13
1.07750e-06 1.11237e+13
1.08250e-06 1.09289e+13
1.08750e-06 1.09768e+13
1.09250e-06 1.10195e+13
1.09750e-06 1.08924e+13
1.10250e-06 1.08865e+13
1.10750e-06 1.08699e+13
1.11250e-06 1.07839e+13
1.11750e-06 1.06683e+13
1.12250e-06 1.06659e+13
1.12750e-06 1.04506e+13
1.13250e-06 1.04654e+13
1.13750e-06 1.03140e+13
1.14250e-06 1.01641e+13
1.14750e-06 1.03330e+13
1.15250e-06 1.03280e+13
1.15750e-06 1.01926e+13
1.16250e-06 9.99750e+12
1.16750e-06 1.00259e+13
1.17250e-06 1.00993e+13
1.17750e-06 9.87103e+12
1.18250e-06 9.80740e+12
1.18750e-06 9.69666e+12
1.19250e-06 9.88017e+12
1.19750e-06 9.50544e+12
1.20250e-06 9.70480e+12
1.20750e-06 9.58946e+12
1.21250e-06 9.63046e+12
1.21750e-06 9.62345e+12
1.22250e-06 9.56506e+12
1.22750e-06 9.48904e+12
1.23250e-06 9.43726e+12
1.23750e-06 9.41256e+12
1.24250e-06 9.31695e+12
1.24750e-06 9.32448e+12
1.25250e-06 9.21152e+12
1.25750e-06 9.22203e+12
1.26250e-06 9.16000e+12
1.26750e-06 9.06982e+12
1.27250e-06 9.07965e+12
1.27750e-06 9.07612e+12
1.28250e-06 8.79340e+12
1.28750e-06 8.89727e+12
1.29250e-06 8.77670e+12
1.29750e-06 8.88373e+12
1.30250e-06 8.79101e+12
1.30750e-06 8.81492e+12
1.31250e-06 8.53597e+12
1.31750e-06 8.58460e+12
1.32250e-06 8.67619e+12
1.32750e-06 8.54190e+12
1.33250e-06 8.55515e+12
1.33750e-06 8.54458e+12
1.34250e-06 8.56237e+12
1.34750e-06 8.52031e+12
1.35250e-06 8.48668e+12
1.35750e-06 8.38380e+12
1.36250e-06 8.31304e+12
1.36750e-06 8.36719e+12
1.37250e-06 8.38134e+12
1.37750e-06 8.31941e+12
1.38250e-06 8.31749e+12
1.38750e-06 8.21597e+12
1.39250e-06 8.27209e+12
1.39750e-06 8.24985e+12
1.40250e-06 8.13099e+12
1.40750e-06 8.19827e+12
1.41250e-06 8.11219e+12
1.41750e-06 8.16175e+12
1.42250e-06 8.04639e+12
1.42750e-06 7.84018e+12
1.43250e-06 8.04477e+12
1.43750e-06 8.05399e+12
1.44250e-06 7.87243e+12
1.44750e-06 8.00405e+12
1.45250e-06 7.89565e+12
1.45700e-06 7.89842e+12
1.46200e-06 7.93843e+12
1.46750e-06 7.91787e+12
1.47250e-06 7.80129e+12
1.47750e-06 7.80898e+12
1.48250e-06 7.82067e+12
1.48750e-06 7.62006e+12
1.49250e-06 7.85880e+12
1.49750e-06 7.76239e+12
1.50250e-06 7.30463e+12
1.50750e-06 7.50773e+12
1.51250e-06 7.73451e+12
1.51750e-06 7.70113e+12
1.52250e-06 7.68053e+12
1.52750e-06 7.71559e+12
1.53250e-06 7.66965e+12
1.53750e-06 7.70702e+12
1.54250e-06 7.72143e+12
1.54750e-06 7.69285e+12
1.55250e-06 7.58664e+12
1.55750e-06 7.55804e+12
1.56250e-06 7.61421e+12
1.56750e-06 7.47832e+12
1.57250e-06 7.51143e+12
1.57750e-06 7.17504e+12
1.58250e-06 7.39469e+12
1.58750e-06 7.23592e+12
1.59250e-06 7.35811e+12
1.59750e-06 7.37546e+12
1.60500e-06 7.39560e+12
1.61500e-06 7.28365e+12
1.62500e-06 7.24878e+12
1.63500e-06 7.18772e+12
1.64500e-06 7.06495e+12
1.65500e-06 6.98300e+12
1.66500e-06 6.84460e+12
1.67500e-06 6.62334e+12
1.68500e-06 6.55478e+12
1.69500e-06 6.49287e+12
1.70500e-06 6.28747e+12
1.71500e-06 6.16518e+12
1.72500e-06 6.03832e+12
1.73500e-06 5.93525e+12
1.74500e-06 5.82771e+12
1.75500e-06 5.72821e+12
1.76500e-06 5.63725e+12
1.77500e-06 5.50372e+12
1.78500e-06 5.44151e+12
1.79500e-06 5.32435e+12
1.80500e-06 5.20296e+12
1.81500e-06 5.11776e+12
1.82500e-06 5.01059e+12
1.83500e-06 4.90903e+12
1.84500e-06 4.76764e+12
1.85500e-06 4.74451e+12
1.86500e-06 4.60918e+12
1.87500e-06 4.50164e+12
1.88500e-06 4.47012e+12
1.89500e-06 4.28574e+12
1.90500e-06 4.31934e+12
1.91500e-06 4.22668e+12
1.92500e-06 4.16143e+12
1.93500e-06 4.01882e+12
1.94500e-06 3.92940e+12
1.95500e-06 3.91040e+12
1.96500e-06 3.86358e+12
1.97500e-06 3.72797e+12
1.98500e-06 3.67588e+12
1.99500e-06 3.63893e+12
2.00500e-06 3.63280e+12
2.01500e-06 3.57568e+12
2.02500e-06 3.47513e+12
2.03500e-06 3.42150e+12
2.04500e-06 3.39218e+12
2.05500e-06 3.32739e+12
2.06500e-06 3.25416e+12
2.07500e-06 3.20984e+12
2.08500e-06 3.15468e+12
2.09500e-06 3.07228e+12
2.10500e-06 3.05149e+12
2.11500e-06 2.99011e+12
2.12500e-06 2.94802e+12
2.13500e-06 2.91047e+12
2.14500e-06 2.86120e+12
2.15500e-06 2.81394e+12
2.16500e-06 2.76020e+12
2.17500e-06 2.70565e+12
2.18500e-06 2.67147e+12
2.19500e-06 2.62975e+12
2.20500e-06 2.53443e+12
2.21500e-06 2.55445e+12
2.22500e-06 2.47781e+12
2.23500e-06 2.45230e+12
2.24500e-06 2.41801e+12
2.25500e-06 2.39210e+12
2.26500e-06 2.32623e+12
2.27500e-06 2.31965e+12
2.28500e-06 2.26490e+12
2.29500e-06 2.03864e+12
2.30500e-06 2.11622e+12
2.31500e-06 2.09994e+12
2.32500e-06 1.88413e+12
2.33500e-06 1.95613e+12
2.34500e-06 1.98182e+12
2.35500e-06 1.77625e+12
2.36500e-06 1.87219e+12
2.37500e-06 1.87396e+12
2.38500e-06 1.69774e+12
2.39500e-06 1.77028e+12
2.40500e-06 1.78191e+12
2.41500e-06 1.64426e+12
2.42500e-06 1.68742e+12
2.43500e-06 1.69862e+12
2.44500e-06 1.61285e+12
2.45500e-06 1.59292e+12
2.46500e-06 1.63273e+12
2.47500e-06 1.57762e+12
2.48500e-06 1.51937e+12
2.49500e-06 1.54764e+12
2.50500e-06 1.55969e+12
2.51500e-06 1.47590e+12
2.52500e-06 1.49767e+12
2.53500e-06 1.48946e+12
2.54500e-06 1.45218e+12
2.55500e-06 1.43703e+12
2.56500e-06 1.42670e+12
2.57500e-06 1.42252e+12
2.58500e-06 1.37077e+12
2.59500e-06 1.37304e+12
2.60500e-06 1.36641e+12
2.61500e-06 1.34782e+12
2.62500e-06 1.32046e+12
2.63500e-06 1.31219e+12
2.64500e-06 1.29540e+12
2.65500e-06 1.28186e+12
2.66500e-06 1.25131e+12
2.67500e-06 1.26287e+12
2.68500e-06 1.24512e+12
2.69500e-06 1.22444e+12
2.70500e-06 1.21344e+12
2.71500e-06 1.19941e+12
2.72500e-06 1.18494e+12
2.73500e-06 1.16874e+12
2.74500e-06 1.15789e+12
2.75500e-06 1.14567e+12
2.76500e-06 1.12676e+12
2.77500e-06 1.11141e+12
2.78500e-06 1.10034e+12
2.79500e-06 1.09002e+12
2.80500e-06 1.07488e+12
2.81500e-06 1.05956e+12
2.82500e-06 1.04782e+12
2.83500e-06 1.03735e+12
2.84500e-06 1.02225e+12
2.85500e-06 1.00983e+12
2.86500e-06 9.97473e+11
2.87500e-06 9.86444e+11
2.88500e-06 9.73552e+11
2.89500e-06 9.61489e+11
2.90500e-06 9.48408e+11
2.91500e-06 9.37346e+11
2.92500e-06 9.16064e+11
2.93500e-06 9.13287e+11
2.94500e-06 9.02230e+11
2.95500e-06 8.91820e+11
2.96500e-06 8.82043e+11
2.97500e-06 8.71697e+11
2.98500e-06 8.59736e+11
2.99500e-06 8.48292e+11
3.00500e-06 8.38650e+11
3.01500e-06 8.29657e+11
3.02500e-06 8.17717e+11
3.03500e-06 8.08288e+11
3.04500e-06 8.00144e+11
3.05500e-06 7.89465e+11
3.06500e-06 7.79188e+11
3.07500e-06 7.71340e+11
3.08500e-06 7.58708e+11
3.09500e-06 7.52161e+11
3.10500e-06 7.44159e+11
3.11500e-06 7.29954e+11
3.12500e-06 7.26293e+11
3.13500e-06 7.17680e+11
3.14500e-06 7.09277e+11
3.15500e-06 6.99716e+11
3.16500e-06 6.90751e+11
3.17500e-06 6.84725e+11
3.18500e-06 6.76718e+11
3.19500e-06 6.69204e+11
3.21000e-06 6.57115e+11
3.23000e-06 6.41636e+11
3.25000e-06 6.27165e+11
3.27000e-06 6.12505e+11
3.29000e-06 5.98851e+11
3.31000e-06 5.84931e+11
3.33000e-06 5.70927e+11
3.35000e-06 5.60035e+11
3.37000e-06 5.47204e+11
3.39000e-06 5.34178e+11
3.41000e-06 5.21548e+11
3.43000e-06 5.12281e+11
3.45000e-06 5.01674e+11
3.47000e-06 4.90683e+11
3.49000e-06 4.80250e+11
3.51000e-06 4.70389e+11
3.53000e-06 4.59784e+11
3.55000e-06 4.50582e+11
3.57000e-06 4.40848e+11
3.59000e-06 4.31623e+11
3.61000e-06 4.23125e+11
3.63000e-06 4.14387e+11
3.65000e-06 4.05249e+11
3.67000e-06 3.96452e+11
3.69000e-06 3.87408e+11
3.71000e-06 3.79355e+11
3.73000e-06 3.73105e+11
3.75000e-06 3.64662e+11
3.77000e-06 3.58497e+11
3.79000e-06 3.51182e+11
3.81000e-06 3.44624e+11
3.83000e-06 3.38287e+11
3.85000e-06 3.31757e+11
3.87000e-06 3.23708e+11
3.89000e-06 3.18546e+11
3.91000e-06 3.12880e+11
3.93000e-06 3.06874e+11
3.95000e-06 2.99863e+11
3.97000e-06 2.94866e+11
3.99000e-06 2.87752e+11
4.01000e-06 2.83460e+11
4.03000e-06 2.78914e+11
4.05000e-06 2.72858e+11
4.07000e-06 2.68386e+11
4.09000e-06 2.63629e+11
4.11000e-06 2.58728e+11
4.13000e-06 2.54262e+11
4.15000e-06 2.49433e+11
4.17000e-06 2.44923e+11
4.19000e-06 2.39522e+11
4.21000e-06 2.34956e+11
4.23000e-06 2.32213e+11
4.25000e-06 2.27571e+11
4.27000e-06 2.23998e+11
4.29000e-06 2.10492e+11
4.31000e-06 1.97718e+11
4.33000e-06 1.97732e+11
4.35000e-06 1.86282e+11
4.37000e-06 1.79554e+11
4.39000e-06 1.75517e+11
4.41000e-06 1.66506e+11
4.43000e-06 1.63238e+11
4.45000e-06 1.60516e+11
4.47000e-06 1.52974e+11
4.49000e-06 1.53532e+11
4.51000e-06 1.48500e+11
4.53000e-06 1.44150e+11
4.55000e-06 1.44076e+11
4.57000e-06 1.43102e+11
4.59000e-06 1.37409e+11
4.61000e-06 1.38588e+11
4.63000e-06 1.35985e+11
4.65000e-06 1.35489e+11
4.67000e-06 1.35144e+11
4.69000e-06 1.32554e+11
4.71000e-06 1.29946e+11
4.73000e-06 1.31178e+11
4.75000e-06 1.27548e+11
4.77000e-06 1.26021e+11
4.79000e-06 1.25186e+11
4.81000e-06 1.21297e+11
4.83000e-06 1.22762e+11
4.85000e-06 1.20517e+11
4.87000e-06 1.17462e+11
4.89000e-06 1.15760e+11
4.91000e-06 1.14870e+11
4.93000e-06 1.12626e+11
4.95000e-06 1.10569e+11
4.97000e-06 1.10078e+11
4.99000e-06 1.08434e+11
5.01000e-06 1.07059e+11
5.03000e-06 1.05852e+11
5.05000e-06 1.03189e+11
5.07000e-06 1.02697e+11
5.09000e-06 1.01565e+11
5.11000e-06 9.92953e+10
5.13000e-06 9.94674e+10
5.15000e-06 9.71850e+10
5.17000e-06 9.71181e+10
5.19000e-06 9.49949e+10
5.21000e-06 9.43558e+10
5.23000e-06 9.24427e+10
5.25000e-06 9.20309e+10
5.27000e-06 9.15806e+10
5.29000e-06 8.90801e+10
5.31000e-06 8.82713e+10
5.33000e-06 8.75558e+10
5.35000e-06 8.65588e+10
5.37000e-06 8.57467e+10
5.39000e-06 8.47835e+10
5.41000e-06 8.37562e+10
5.43000e-06 8.18895e+10
5.45000e-06 8.18146e+10
5.47000e-06 8.06723e+10
5.49000e-06 7.96056e+10
5.51000e-06 7.87297e+10
5.53000e-06 7.89792e+10
5.55000e-06 7.66058e+10
5.57000e-06 7.67476e+10
5.59000e-06 7.53772e+10
5.61000e-06 7.46300e+10
5.63000e-06 7.33591e+10
5.65000e-06 7.30519e+10
5.67000e-06 7.22105e+10
5.69000e-06 7.08683e+10
5.71000e-06 7.06558e+10
5.73000e-06 6.96654e+10
5.75000e-06 6.89082e+10
5.77000e-06 6.79097e+10
5.79000e-06 6.75088e+10
5.81000e-06 6.63350e+10
5.83000e-06 6.56556e+10
5.85000e-06 6.49807e+10
5.87000e-06 6.39231e+10
5.89000e-06 6.32226e+10
5.91000e-06 6.26455e+10
5.93000e-06 6.19001e+10
5.95000e-06 6.10909e+10
5.97000e-06 6.05586e+10
5.99000e-06 5.98074e+10
6.01000e-06 5.91211e+10
6.03000e-06 5.83887e+10
6.05000e-06 5.75226e+10
6.07000e-06 5.68640e+10
6.09000e-06 5.62331e+10
6.11000e-06 5.54589e+10
6.13000e-06 5.49232e+10
6.15000e-06 5.43066e+10
6.17000e-06 5.36928e+10
6.19000e-06 5.30937e+10
6.21000e-06 5.25071e+10
6.23000e-06 5.18114e+10
6.25000e-06 5.11206e+10
6.27000e-06 5.04730e+10
6.29000e-06 5.00011e+10
6.31000e-06 4.93611e+10
6.33000e-06 4.89265e+10
6.35000e-06 4.82619e+10
6.37000e-06 4.78117e+10
6.39000e-06 4.71632e+10
6.42000e-06 4.63715e+10
6.46000e-06 4.52800e+10
6.50000e-06 4.42420e+10
6.54000e-06 4.32383e+10
6.58000e-06 4.22678e+10
6.62000e-06 4.12875e+10
6.66000e-06 4.03548e+10
6.70000e-06 3.94438e+10
6.74000e-06 3.85367e+10
6.78000e-06 3.76752e+10
6.82000e-06 3.68182e+10
6.86000e-06 3.60146e+10
6.90000e-06 3.52129e+10
6.94000e-06 3.44328e+10
6.98000e-06 3.36804e+10
7.02000e-06 3.29247e+10
7.06000e-06 3.22186e+10
7.10000e-06 3.15225e+10
7.14000e-06 3.08444e+10
7.18000e-06 3.01780e+10
7.22000e-06 2.95374e+10
7.26000e-06 2.89076e+10
7.30000e-06 2.82983e+10
7.34000e-06 2.76900e+10
7.38000e-06 2.71181e+10
7.42000e-06 2.65220e+10
7.46000e-06 2.59804e+10
7.50000e-06 2.54456e+10
7.54000e-06 2.49086e+10
7.58000e-06 2.44366e+10
7.62000e-06 2.39387e+10
7.66000e-06 2.34550e+10
7.70000e-06 2.29774e+10
7.74000e-06 2.25224e+10
7.78000e-06 2.20741e+10
7.82000e-06 2.16364e+10
7.86000e-06 2.12088e+10
7.90000e-06 2.07917e+10
7.94000e-06 2.03862e+10
7.98000e-06 1.99906e+10
8.02000e-06 1.95884e+10
8.06000e-06 1.92176e+10
8.10000e-06 1.88538e+10
8.14000e-06 1.84915e+10
8.18000e-06 1.81462e+10
8.22000e-06 1.78033e+10
8.26000e-06 1.74673e+10
8.30000e-06 1.71396e+10
8.34000e-06 1.68126e+10
8.38000e-06 1.64958e+10
8.42000e-06 1.62008e+10
8.46000e-06 1.59000e+10
8.50000e-06 1.56115e+10
8.54000e-06 1.53298e+10
8.58000e-06 1.50531e+10
8.62000e-06 1.47814e+10
8.66000e-06 1.45165e+10
8.70000e-06 1.42549e+10
8.74000e-06 1.40024e+10
8.78000e-06 1.37535e+10
8.82000e-06 1.35084e+10
8.86000e-06 1.32720e+10
8.90000e-06 1.30374e+10
8.94000e-06 1.28135e+10
8.98000e-06 1.25824e+10
9.02000e-06 1.23738e+10
9.06000e-06 1.21610e+10
9.10000e-06 1.19393e+10
9.14000e-06 1.17462e+10
9.18000e-06 1.15434e+10
9.22000e-06 1.13544e+10
9.26000e-06 1.11625e+10
9.30000e-06 1.09757e+10
9.34000e-06 1.07916e+10
9.38000e-06 1.06124e+10
9.42000e-06 1.04367e+10
9.46000e-06 1.02636e+10
9.50000e-06 1.00951e+10
9.54000e-06 9.92993e+09
9.58000e-06 9.76837e+09
9.62000e-06 9.60955e+09
9.66000e-06 9.45423e+09
9.70000e-06 9.30195e+09
9.74000e-06 9.14548e+09
9.78000e-06 9.00505e+09
9.82000e-06 8.86308e+09
9.86000e-06 8.72273e+09
9.90000e-06 8.58512e+09
9.94000e-06 8.44982e+09
9.98000e-06 8.31754e+09
1.00200e-05 8.18785e+09
2.00000e-05 5.32160e+08
4.00000e-05 3.36091e+07
6.00000e-05 6.63475e+06
8.00000e-05 2.09280e+06
1.00000e-04 8.54048e+05
1.20000e-04 4.10322e+05
1.40000e-04 2.20676e+05
1.60000e-04 1.28902e+05
