9.09000e-09 0.00000e+00
9.35000e-09 0.00000e+00
9.61000e-09 0.00000e+00
9.77000e-09 0.00000e+00
9.96000e-09 0.00000e+00
1.02000e-08 0.00000e+00
1.03800e-08 0.00000e+00
1.05600e-08 0.00000e+00
1.07700e-08 0.00000e+00
1.10400e-08 0.00000e+00
1.14000e-08 0.00000e+00
1.17800e-08 0.00000e+00
1.21300e-08 0.00000e+00
1.24800e-08 0.00000e+00
1.27100e-08 0.00000e+00
1.28400e-08 0.00000e+00
1.30500e-08 0.00000e+00
1.32400e-08 0.00000e+00
1.33900e-08 0.00000e+00
1.36600e-08 0.00000e+00
1.39800e-08 0.00000e+00
1.43300e-08 0.00000e+00
1.47200e-08 0.00000e+00
1.51000e-08 0.00000e+00
1.55200e-08 0.00000e+00
1.58800e-08 0.00000e+00
1.62000e-08 0.00000e+00
1.66000e-08 0.00000e+00
1.70300e-08 0.00000e+00
1.73400e-08 0.00000e+00
1.76800e-08 0.00000e+00
1.80200e-08 0.00000e+00
1.81700e-08 0.00000e+00
1.86100e-08 0.00000e+00
1.91000e-08 0.00000e+00
1.93900e-08 0.00000e+00
1.98400e-08 0.00000e+00
2.01800e-08 0.00000e+00
2.05000e-08 0.00000e+00
2.10500e-08 0.00000e+00
2.16200e-08 0.00000e+00
2.19800e-08 0.00000e+00
2.23000e-08 0.00000e+00
2.26800e-08 0.00000e+00
2.30000e-08 7.77817e+05
2.34000e-08 1.70807e+06
2.40000e-08 3.61210e+06
2.46500e-08 7.88711e+06
2.52400e-08 1.56154e+07
2.56800e-08 2.39762e+07
2.60000e-08 3.77271e+07
2.64000e-08 5.64317e+07
2.68500e-08 8.96568e+07
2.73500e-08 1.45258e+08
2.78500e-08 2.30141e+08
2.84000e-08 4.04242e+08
2.90000e-08 6.67677e+08
2.96000e-08 1.09120e+09
3.01000e-08 1.59697e+09
3.08000e-08 2.73660e+09
3.18000e-08 6.02290e+09
3.28000e-08 1.14342e+10
3.38000e-08 2.22568e+10
3.48000e-08 4.03346e+10
3.57000e-08 1.35192e+11
3.66000e-08 2.47863e+11
3.75000e-08 3.57777e+11
3.85000e-08 5.68533e+11
3.95000e-08 9.78231e+11
4.05000e-08 1.41553e+12
4.14000e-08 2.02591e+12
4.22000e-08 2.66168e+12
4.30000e-08 3.61836e+12
4.41000e-08 5.20365e+12
4.51000e-08 6.90947e+12
4.60000e-08 8.79530e+12
4.70000e-08 1.19111e+13
4.80000e-08 1.56299e+13
4.90000e-08 2.04087e+13
5.00000e-08 2.59371e+13
5.06000e-08 1.21983e+14
5.12000e-08 7.06758e+14
5.20000e-08 7.63687e+14
5.30000e-08 8.51097e+14
5.40000e-08 8.26275e+14
5.50000e-08 1.21929e+15
5.60000e-08 1.41827e+15
5.70000e-08 1.62774e+15
5.80000e-08 1.54993e+15
5.90000e-08 1.95465e+15
6.00000e-08 2.09316e+15
6.10000e-08 2.41802e+15
6.20000e-08 2.65867e+15
6.30000e-08 2.86378e+15
6.40000e-08 2.84590e+15
6.50000e-08 3.22722e+15
6.58000e-08 3.48813e+15
6.65000e-08 3.62959e+15
6.75000e-08 3.58263e+15
6.85000e-08 3.65904e+15
6.95000e-08 4.46906e+15
7.05000e-08 4.39494e+15
7.16000e-08 4.93789e+15
7.26000e-08 5.08727e+15
7.35000e-08 5.16659e+15
7.45000e-08 5.77437e+15
7.55000e-08 6.06060e+15
7.65000e-08 6.38934e+15
7.75000e-08 6.74273e+15
7.85000e-08 7.15343e+15
7.95000e-08 7.29886e+15
8.05000e-08 7.52792e+15
8.15000e-08 7.64946e+15
8.25000e-08 8.22954e+15
8.35000e-08 7.00860e+15
8.45000e-08 8.38961e+15
8.55000e-08 8.50165e+15
8.65000e-08 8.96580e+15
8.75000e-08 9.43616e+15
8.85000e-08 1.00534e+16
8.95000e-08 1.04009e+16
9.05000e-08 1.03310e+16
9.15000e-08 1.22060e+16
9.25000e-08 6.10562e+16
9.35000e-08 1.47624e+17
9.45000e-08 3.11686e+17
9.55000e-08 3.94214e+17
9.65000e-08 4.69930e+17
9.75000e-08 8.05039e+16
9.85000e-08 3.74123e+17
9.95000e-08 3.43558e+17
1.00500e-07 4.37295e+17
1.01500e-07 4.36875e+17
1.02500e-07 2.09650e+17
1.03500e-07 3.59876e+17
1.04500e-07 5.18234e+17
1.05500e-07 4.77350e+17
1.06500e-07 3.84428e+17
1.07500e-07 4.31359e+17
1.08500e-07 3.75730e+17
1.09500e-07 4.33624e+17
1.10500e-07 3.99616e+17
1.11500e-07 3.90662e+17
1.12500e-07 3.16476e+17
1.13500e-07 3.88099e+17
1.14500e-07 3.52815e+17
1.15500e-07 3.56673e+17
1.16500e-07 3.46912e+17
1.17500e-07 2.11043e+17
1.18500e-07 3.22691e+17
1.19500e-07 2.98609e+17
1.20500e-07 2.42714e+17
1.21500e-07 1.58680e+17
1.22500e-07 2.69501e+17
1.23500e-07 3.06675e+17
1.24500e-07 3.05098e+17
1.25500e-07 2.90544e+17
1.26500e-07 2.94232e+17
1.27500e-07 3.05139e+17
1.28500e-07 3.01480e+17
1.29500e-07 2.53306e+17
1.30500e-07 2.61186e+17
1.31500e-07 2.90648e+17
1.32500e-07 2.70956e+17
1.33500e-07 2.61416e+17
1.34500e-07 2.62896e+17
1.35500e-07 2.58947e+17
1.36500e-07 2.38870e+17
1.37500e-07 2.31702e+17
1.38500e-07 2.25933e+17
1.39500e-07 1.62526e+17
1.40500e-07 1.68708e+17
1.41500e-07 2.01609e+17
1.42500e-07 1.92148e+17
1.43500e-07 1.99559e+17
1.44200e-07 2.02482e+17
1.44700e-07 1.98422e+17
1.45500e-07 1.91691e+17
1.46500e-07 1.76041e+17
1.47500e-07 1.78666e+17
1.48500e-07 1.76302e+17
1.49500e-07 1.72502e+17
1.50500e-07 1.55306e+17
1.51200e-07 1.37643e+17
1.51700e-07 1.41796e+17
1.52500e-07 1.46231e+17
1.53500e-07 1.21550e+17
1.54500e-07 1.14314e+17
1.55500e-07 1.12376e+17
1.56500e-07 1.23888e+17
1.57500e-07 1.32023e+17
1.58500e-07 1.32130e+17
1.59500e-07 1.30551e+17
1.60500e-07 1.31860e+17
1.61500e-07 1.27570e+17
1.62500e-07 1.26109e+17
1.63500e-07 1.32914e+17
1.64500e-07 1.32031e+17
1.65500e-07 1.31288e+17
1.66500e-07 1.31846e+17
1.67200e-07 1.25175e+17
1.67700e-07 1.37748e+17
1.68500e-07 1.32635e+17
1.69500e-07 1.25842e+17
1.70500e-07 1.22130e+17
1.71500e-07 1.15754e+17
1.72500e-07 1.12894e+17
1.73500e-07 1.17142e+17
1.74500e-07 1.14514e+17
1.75500e-07 1.14963e+17
1.76500e-07 1.12870e+17
1.77500e-07 1.05760e+17
1.78500e-07 1.07750e+17
1.79500e-07 1.09675e+17
1.80500e-07 1.10066e+17
1.81500e-07 9.89370e+16
1.82500e-07 1.02229e+17
1.83500e-07 9.89749e+16
1.84500e-07 8.96953e+16
1.85500e-07 9.12664e+16
1.86500e-07 9.24793e+16
1.87500e-07 9.51989e+16
1.88500e-07 8.48634e+16
1.89500e-07 7.84823e+16
1.90500e-07 8.51494e+16
1.91500e-07 8.00105e+16
1.92500e-07 7.55143e+16
1.93500e-07 8.04972e+16
1.94500e-07 8.27856e+16
1.95500e-07 7.38434e+16
1.96700e-07 7.98068e+16
1.97600e-07 8.34956e+16
1.98400e-07 7.69864e+16
1.99500e-07 7.57706e+16
2.00500e-07 7.79162e+16
2.01500e-07 7.71920e+16
2.02500e-07 7.89856e+16
2.03500e-07 7.19533e+16
2.04500e-07 7.29269e+16
2.05500e-07 6.94052e+16
2.06500e-07 6.98805e+16
2.07400e-07 7.46581e+16
2.07800e-07 6.77979e+16
2.08500e-07 7.05248e+16
2.09500e-07 6.62480e+16
2.10500e-07 6.88135e+16
2.11500e-07 6.87202e+16
2.12500e-07 6.91762e+16
2.13500e-07 6.76660e+16
2.14500e-07 6.42567e+16
2.15500e-07 6.67281e+16
2.16500e-07 6.61019e+16
2.17500e-07 6.50758e+16
2.18500e-07 6.32584e+16
2.19500e-07 6.37913e+16
2.20500e-07 6.33116e+16
2.21500e-07 6.22759e+16
2.22500e-07 6.05995e+16
2.23500e-07 5.94898e+16
2.24500e-07 5.97982e+16
2.25500e-07 5.81703e+16
2.26500e-07 5.84325e+16
2.27500e-07 5.74912e+16
2.28500e-07 5.71616e+16
2.29500e-07 5.34086e+16
2.30500e-07 5.52259e+16
2.31500e-07 5.35794e+16
2.32500e-07 4.80912e+16
2.33500e-07 5.14832e+16
2.34500e-07 5.18911e+16
2.35500e-07 5.13984e+16
2.36500e-07 5.08434e+16
2.37500e-07 4.96060e+16
2.38500e-07 4.92942e+16
2.39500e-07 4.86207e+16
2.40500e-07 4.78141e+16
2.41500e-07 4.73001e+16
2.42500e-07 4.70876e+16
2.43500e-07 4.57949e+16
2.44500e-07 4.56864e+16
2.45500e-07 4.55756e+16
2.46500e-07 4.48110e+16
2.47500e-07 4.41422e+16
2.48500e-07 4.33404e+16
2.49500e-07 3.77782e+16
2.50500e-07 4.19319e+16
2.51300e-07 4.00779e+16
2.51800e-07 4.14816e+16
2.52500e-07 4.11468e+16
2.53500e-07 4.07190e+16
2.54500e-07 3.95685e+16
2.55500e-07 3.96350e+16
2.56500e-07 3.91983e+16
2.57500e-07 3.89825e+16
2.58500e-07 3.84797e+16
2.59500e-07 3.80198e+16
2.60500e-07 3.75308e+16
2.61500e-07 3.69826e+16
2.62500e-07 3.66844e+16
2.63500e-07 3.63257e+16
2.64500e-07 3.59320e+16
2.65500e-07 3.57110e+16
2.66500e-07 3.44404e+16
2.67500e-07 3.44493e+16
2.68500e-07 3.43457e+16
2.69500e-07 3.31214e+16
2.70500e-07 3.25160e+16
2.71500e-07 3.24885e+16
2.72500e-07 3.23905e+16
2.73500e-07 3.21259e+16
2.74500e-07 3.13873e+16
2.75500e-07 3.12422e+16
2.76500e-07 3.07988e+16
2.77500e-07 3.09735e+16
2.78500e-07 3.04678e+16
2.79500e-07 2.92732e+16
2.80500e-07 2.94828e+16
2.81500e-07 2.95880e+16
2.82500e-07 2.91202e+16
2.83500e-07 2.80555e+16
2.84500e-07 2.84530e+16
2.85500e-07 2.79670e+16
2.86500e-07 2.78694e+16
2.87500e-07 2.75546e+16
2.88500e-07 2.72168e+16
2.89500e-07 2.68286e+16
2.91000e-07 2.62667e+16
2.93000e-07 2.58966e+16
2.95000e-07 2.50921e+16
2.97000e-07 2.47323e+16
2.99000e-07 2.41556e+16
3.01000e-07 2.33071e+16
3.03000e-07 2.31519e+16
3.05000e-07 2.27399e+16
3.07000e-07 2.23390e+16
3.09000e-07 2.15186e+16
3.11000e-07 2.13560e+16
3.13000e-07 2.07775e+16
3.15000e-07 2.04503e+16
3.17000e-07 1.99314e+16
3.19000e-07 1.94757e+16
3.21000e-07 1.92422e+16
3.23000e-07 1.87887e+16
3.25000e-07 1.84822e+16
3.27000e-07 1.80496e+16
3.29000e-07 1.76847e+16
3.31000e-07 1.73581e+16
3.33000e-07 1.69878e+16
3.35000e-07 1.66651e+16
3.37000e-07 1.63398e+16
3.39000e-07 1.60637e+16
3.41000e-07 1.57520e+16
3.43000e-07 1.52528e+16
3.45000e-07 1.49426e+16
3.47000e-07 1.48022e+16
3.49000e-07 1.45322e+16
3.51000e-07 1.42961e+16
3.53000e-07 1.40662e+16
3.55000e-07 1.37952e+16
3.57000e-07 1.35860e+16
3.59000e-07 1.31910e+16
3.61000e-07 1.29678e+16
3.63000e-07 1.27567e+16
3.64000e-07 1.27413e+16
3.65000e-07 1.25760e+16
3.67000e-07 1.24189e+16
3.69000e-07 1.20134e+16
3.71000e-07 1.13678e+16
3.73000e-07 1.09673e+16
3.75000e-07 1.13495e+16
3.77000e-07 1.11904e+16
3.79000e-07 1.16588e+16
3.81000e-07 1.21585e+16
3.83000e-07 1.07593e+16
3.85000e-07 1.22462e+16
3.87000e-07 1.22342e+16
3.89000e-07 9.98384e+15
3.91000e-07 1.21660e+16
3.93000e-07 1.18445e+16
3.95000e-07 1.16659e+16
3.97000e-07 9.26690e+15
3.99000e-07 1.12380e+16
4.01000e-07 1.12376e+16
4.03000e-07 1.07729e+16
4.05000e-07 1.08723e+16
4.07000e-07 1.03839e+16
4.09000e-07 9.60152e+15
4.11000e-07 8.58544e+15
4.13000e-07 9.87562e+15
4.15000e-07 9.83097e+15
4.17000e-07 9.78240e+15
4.19000e-07 9.66155e+15
4.21000e-07 9.56551e+15
4.23000e-07 9.35462e+15
4.25000e-07 9.11453e+15
4.27000e-07 8.80496e+15
4.29000e-07 8.74864e+15
4.31000e-07 8.46584e+15
4.33000e-07 7.73177e+15
4.35000e-07 7.10278e+15
4.37000e-07 8.05525e+15
4.39000e-07 8.03148e+15
4.41000e-07 7.96345e+15
4.43000e-07 7.87155e+15
4.45000e-07 7.74293e+15
4.47000e-07 7.36024e+15
4.49000e-07 7.50486e+15
4.51000e-07 7.43493e+15
4.53000e-07 7.31508e+15
4.55000e-07 7.20123e+15
4.57000e-07 7.08260e+15
4.59000e-07 6.95396e+15
4.61000e-07 6.79430e+15
4.63000e-07 6.69725e+15
4.65000e-07 6.49497e+15
4.67000e-07 6.50078e+15
4.69000e-07 6.44152e+15
4.71000e-07 6.19537e+15
4.73000e-07 6.21836e+15
4.75000e-07 6.11885e+15
4.77000e-07 6.09878e+15
4.79000e-07 5.98901e+15
4.81000e-07 5.86327e+15
4.83000e-07 5.74004e+15
4.85000e-07 5.31835e+15
4.87000e-07 4.76915e+15
4.89000e-07 5.48866e+15
4.91000e-07 5.44763e+15
4.93000e-07 5.26541e+15
4.95000e-07 5.28307e+15
4.97000e-07 5.24475e+15
4.99000e-07 5.15725e+15
5.01000e-07 4.93905e+15
5.03000e-07 5.00110e+15
5.05000e-07 4.88682e+15
5.07000e-07 4.86960e+15
5.09000e-07 4.79214e+15
5.11000e-07 4.71459e+15
5.13000e-07 4.61635e+15
5.15000e-07 4.56025e+15
5.17000e-07 4.52123e+15
5.19000e-07 4.46268e+15
5.21000e-07 4.39420e+15
5.23000e-07 4.33697e+15
5.25000e-07 4.27774e+15
5.27000e-07 4.20980e+15
5.29000e-07 4.16174e+15
5.31000e-07 4.10012e+15
5.33000e-07 4.04699e+15
5.35000e-07 3.98704e+15
5.37000e-07 3.93924e+15
5.39000e-07 3.88348e+15
5.41000e-07 3.83435e+15
5.43000e-07 3.77971e+15
5.45000e-07 3.72678e+15
5.47000e-07 3.67628e+15
5.49000e-07 3.62705e+15
5.51000e-07 3.58538e+15
5.53000e-07 3.53091e+15
5.55000e-07 3.49169e+15
5.57000e-07 3.44322e+15
5.59000e-07 3.40115e+15
5.61000e-07 3.35456e+15
5.63000e-07 3.31294e+15
5.65000e-07 3.25884e+15
5.67000e-07 3.20203e+15
5.69000e-07 3.15186e+15
5.71000e-07 3.13225e+15
5.73000e-07 3.09573e+15
5.75000e-07 3.04712e+15
5.77000e-07 3.02354e+15
5.79000e-07 2.98302e+15
5.81000e-07 2.94589e+15
5.83000e-07 2.90244e+15
5.85000e-07 2.87008e+15
5.87000e-07 2.74876e+15
5.89000e-07 2.77595e+15
5.91000e-07 2.75666e+15
5.93000e-07 2.71710e+15
5.95000e-07 2.68215e+15
5.97000e-07 2.66495e+15
5.99000e-07 2.62073e+15
6.01000e-07 2.59685e+15
6.03000e-07 2.56058e+15
6.05000e-07 2.53113e+15
6.07000e-07 2.50445e+15
6.09000e-07 2.47422e+15
6.11000e-07 2.44422e+15
6.13000e-07 2.41647e+15
6.15000e-07 2.37647e+15
6.17000e-07 2.35209e+15
6.19000e-07 2.32845e+15
6.21000e-07 2.30273e+15
6.23000e-07 2.27604e+15
6.25000e-07 2.24471e+15
6.27000e-07 2.22006e+15
6.29000e-07 2.19578e+15
6.31000e-07 2.16873e+15
6.33000e-07 2.14527e+15
6.35000e-07 2.11346e+15
6.37000e-07 2.09381e+15
6.39000e-07 2.06983e+15
6.41000e-07 2.04594e+15
6.43000e-07 2.02421e+15
6.45000e-07 1.99990e+15
6.47000e-07 1.97073e+15
6.49000e-07 1.94814e+15
6.51000e-07 1.92898e+15
6.53000e-07 1.89810e+15
6.55000e-07 1.81364e+15
6.56125e-07 1.60450e+15
6.59000e-07 1.81000e+15
6.61000e-07 1.81734e+15
6.63000e-07 1.80374e+15
6.65000e-07 1.78328e+15
6.67000e-07 1.74779e+15
6.69000e-07 1.72835e+15
6.71000e-07 1.72701e+15
6.73000e-07 1.70312e+15
6.75000e-07 1.68866e+15
6.77000e-07 1.67122e+15
6.79000e-07 1.64039e+15
6.81000e-07 1.63215e+15
6.83000e-07 1.61485e+15
6.85000e-07 1.59877e+15
6.87000e-07 1.58141e+15
6.89000e-07 1.56233e+15
6.91000e-07 1.54446e+15
6.93000e-07 1.53062e+15
6.95000e-07 1.51480e+15
6.97000e-07 1.49867e+15
6.99000e-07 1.48240e+15
7.01000e-07 1.46667e+15
7.03000e-07 1.45087e+15
7.05000e-07 1.43567e+15
7.07000e-07 1.39764e+15
7.09000e-07 1.40580e+15
7.11000e-07 1.38323e+15
7.13000e-07 1.37021e+15
7.15000e-07 1.36190e+15
7.17000e-07 1.34771e+15
7.19000e-07 1.33411e+15
7.21000e-07 1.32026e+15
7.23000e-07 1.28911e+15
7.25000e-07 1.29126e+15
7.27000e-07 1.27967e+15
7.29000e-07 1.25529e+15
7.31000e-07 1.25337e+15
7.33000e-07 1.24037e+15
7.35000e-07 1.22826e+15
7.37000e-07 1.21591e+15
7.39000e-07 1.20361e+15
7.41000e-07 1.19143e+15
7.43000e-07 1.17895e+15
7.45000e-07 1.16747e+15
7.47000e-07 1.15205e+15
7.49000e-07 1.14375e+15
7.51000e-07 1.13219e+15
7.53000e-07 1.12067e+15
7.55000e-07 1.11058e+15
7.57000e-07 1.09959e+15
7.59000e-07 1.08857e+15
7.61000e-07 1.07648e+15
7.63000e-07 1.06709e+15
7.65000e-07 1.05676e+15
7.67000e-07 1.04664e+15
7.69000e-07 1.03617e+15
7.71000e-07 1.02592e+15
7.73000e-07 1.01602e+15
7.75000e-07 1.00645e+15
7.77000e-07 9.92918e+14
7.79000e-07 9.87268e+14
7.81000e-07 9.76968e+14
7.83000e-07 9.68419e+14
7.85000e-07 9.58967e+14
7.87000e-07 9.47591e+14
7.89000e-07 9.37165e+14
7.91000e-07 9.30686e+14
7.93000e-07 9.21264e+14
7.95000e-07 9.12760e+14
7.97000e-07 9.04389e+14
7.99000e-07 8.95973e+14
8.01000e-07 8.87159e+14
8.03000e-07 8.79765e+14
8.05000e-07 8.71969e+14
8.07000e-07 8.64529e+14
8.09000e-07 8.54849e+14
8.11000e-07 8.43936e+14
8.13000e-07 8.40929e+14
8.15000e-07 8.31419e+14
8.17000e-07 8.25547e+14
8.19000e-07 8.15286e+14
8.21000e-07 8.04276e+14
8.23000e-07 7.96757e+14
8.25000e-07 7.93341e+14
8.27000e-07 7.80089e+14
8.29000e-07 7.78687e+14
8.31000e-07 7.72270e+14
8.33000e-07 7.65254e+14
8.35000e-07 7.56298e+14
8.37000e-07 7.48708e+14
8.39000e-07 7.45250e+14
8.41000e-07 7.37342e+14
8.43000e-07 7.27327e+14
8.45000e-07 7.15868e+14
8.47000e-07 7.14067e+14
8.49000e-07 7.04853e+14
8.51000e-07 6.97382e+14
8.53000e-07 6.93546e+14
8.55000e-07 6.78040e+14
8.57000e-07 6.90319e+14
8.59000e-07 6.61937e+14
8.61000e-07 6.59984e+14
8.63000e-07 6.78983e+14
8.65000e-07 6.57016e+14
8.67000e-07 6.23165e+14
8.69000e-07 6.58514e+14
8.71000e-07 6.63042e+14
8.73000e-07 6.41273e+14
8.75000e-07 5.90566e+14
8.77000e-07 6.21183e+14
8.79000e-07 6.41861e+14
8.81000e-07 6.39144e+14
8.83000e-07 6.29197e+14
8.85000e-07 5.90811e+14
8.87000e-07 5.53817e+14
8.89000e-07 6.05956e+14
8.91000e-07 6.12350e+14
8.93000e-07 6.08949e+14
8.95000e-07 6.05478e+14
8.97000e-07 5.98379e+14
8.99000e-07 5.77028e+14
9.01000e-07 5.19756e+14
9.03000e-07 5.41388e+14
9.05000e-07 5.73036e+14
9.07000e-07 5.69504e+14
9.09000e-07 5.69645e+14
9.11000e-07 5.67419e+14
9.13000e-07 5.63490e+14
9.15000e-07 5.57834e+14
9.17000e-07 5.50789e+14
9.19000e-07 5.44067e+14
9.21000e-07 5.18301e+14
9.23000e-07 4.59411e+14
9.25000e-07 5.08457e+14
9.27000e-07 5.23012e+14
9.29000e-07 5.25171e+14
9.31000e-07 5.19962e+14
9.33000e-07 5.17216e+14
9.35000e-07 5.14187e+14
9.37000e-07 5.10406e+14
9.39000e-07 5.06354e+14
9.41000e-07 5.01566e+14
9.43000e-07 4.98001e+14
9.45000e-07 4.93701e+14
9.47000e-07 4.86199e+14
9.49000e-07 4.83650e+14
9.51000e-07 4.72204e+14
9.53000e-07 4.49442e+14
9.55000e-07 4.02099e+14
9.57000e-07 4.52028e+14
9.59000e-07 4.62392e+14
9.61000e-07 4.59939e+14
9.63000e-07 4.55675e+14
9.65000e-07 4.56134e+14
9.67000e-07 4.52477e+14
9.69000e-07 4.48404e+14
9.71000e-07 4.43442e+14
9.73000e-07 4.41860e+14
9.75000e-07 4.38265e+14
9.77000e-07 4.35052e+14
9.79000e-07 4.31547e+14
9.81000e-07 4.27832e+14
9.83000e-07 4.24845e+14
9.85000e-07 4.21413e+14
9.87000e-07 4.17812e+14
9.89000e-07 4.14121e+14
9.91000e-07 4.09037e+14
9.93000e-07 4.08614e+14
9.95000e-07 4.05298e+14
9.97000e-07 4.01248e+14
9.99000e-07 3.97605e+14
1.00250e-06 3.74745e+14
1.00750e-06 3.62109e+14
1.01250e-06 3.76783e+14
1.01750e-06 3.72180e+14
1.02250e-06 3.65053e+14
1.02750e-06 3.58440e+14
1.03250e-06 3.50298e+14
1.03750e-06 3.45366e+14
1.04250e-06 3.39042e+14
1.04750e-06 3.32853e+14
1.05250e-06 3.26702e+14
1.05750e-06 3.20888e+14
1.06250e-06 3.15115e+14
1.06750e-06 3.08848e+14
1.07250e-06 3.03964e+14
1.07750e-06 2.98534e+14
1.08250e-06 2.89828e+14
1.08750e-06 2.86644e+14
1.09250e-06 2.58365e+14
1.09750e-06 2.70463e+14
1.10250e-06 2.71313e+14
1.10750e-06 2.68531e+14
1.11250e-06 2.63922e+14
1.11750e-06 2.59420e+14
1.12250e-06 2.54836e+14
1.12750e-06 2.50394e+14
1.13250e-06 2.46026e+14
1.13750e-06 2.42199e+14
1.14250e-06 2.38006e+14
1.14750e-06 2.34197e+14
1.15250e-06 2.30317e+14
1.15750e-06 2.26327e+14
1.16250e-06 2.22700e+14
1.16750e-06 2.18931e+14
1.17250e-06 2.15503e+14
1.17750e-06 2.11935e+14
1.18250e-06 2.08530e+14
1.18750e-06 2.05180e+14
1.19250e-06 2.01879e+14
1.19750e-06 1.97176e+14
1.20250e-06 1.95451e+14
1.20750e-06 1.92355e+14
1.21250e-06 1.89288e+14
1.21750e-06 1.86303e+14
1.22250e-06 1.83373e+14
1.22750e-06 1.80510e+14
1.23250e-06 1.77677e+14
1.23750e-06 1.74911e+14
1.24250e-06 1.72222e+14
1.24750e-06 1.69331e+14
1.25250e-06 1.66508e+14
1.25750e-06 1.64312e+14
1.26250e-06 1.61838e+14
1.26750e-06 1.59427e+14
1.27250e-06 1.56785e+14
1.27750e-06 1.51301e+14
1.28250e-06 1.39072e+14
1.28750e-06 1.48683e+14
1.29250e-06 1.47679e+14
1.29750e-06 1.44750e+14
1.30250e-06 1.43404e+14
1.30750e-06 1.41350e+14
1.31250e-06 1.39274e+14
1.31750e-06 1.37214e+14
1.32250e-06 1.35233e+14
1.32750e-06 1.33267e+14
1.33250e-06 1.31292e+14
1.33750e-06 1.29392e+14
1.34250e-06 1.27410e+14
1.34750e-06 1.25740e+14
1.35250e-06 1.23904e+14
1.35750e-06 1.22179e+14
1.36250e-06 1.20381e+14
1.36750e-06 1.18739e+14
1.37250e-06 1.17022e+14
1.37750e-06 1.15449e+14
1.38250e-06 1.13835e+14
1.38750e-06 1.12237e+14
1.39250e-06 1.10589e+14
1.39750e-06 1.09111e+14
1.40250e-06 1.07616e+14
1.40750e-06 1.06178e+14
1.41250e-06 1.04706e+14
1.41750e-06 1.03284e+14
1.42250e-06 1.01893e+14
1.42750e-06 1.00504e+14
1.43250e-06 9.91405e+13
1.43750e-06 9.77994e+13
1.44250e-06 9.65070e+13
1.44750e-06 9.52139e+13
1.45250e-06 9.39364e+13
1.45700e-06 9.28228e+13
1.46200e-06 9.16074e+13
1.46750e-06 9.02905e+13
1.47250e-06 8.91067e+13
1.47750e-06 8.79352e+13
1.48250e-06 8.68030e+13
1.48750e-06 8.56756e+13
1.49250e-06 8.45698e+13
1.49750e-06 8.34634e+13
1.50250e-06 8.23798e+13
1.50750e-06 8.11314e+13
1.51250e-06 8.02188e+13
1.51750e-06 7.91757e+13
1.52250e-06 7.81023e+13
1.52750e-06 7.70622e+13
1.53250e-06 7.59988e+13
1.53750e-06 7.50989e+13
1.54250e-06 7.39541e+13
1.54750e-06 7.31986e+13
1.55250e-06 7.21964e+13
1.55750e-06 7.10068e+13
1.56250e-06 7.07676e+13
1.56750e-06 6.93048e+13
1.57250e-06 6.82234e+13
1.57750e-06 6.83245e+13
1.58250e-06 6.73399e+13
1.58750e-06 6.50911e+13
1.59250e-06 6.53693e+13
1.59750e-06 6.53165e+13
1.60500e-06 6.36326e+13
1.61500e-06 6.13102e+13
1.62500e-06 6.11643e+13
1.63500e-06 5.90288e+13
1.64500e-06 5.68070e+13
1.65500e-06 5.70372e+13
1.66500e-06 5.57345e+13
1.67500e-06 5.35993e+13
1.68500e-06 5.14484e+13
1.69500e-06 5.19341e+13
1.70500e-06 5.05154e+13
1.71500e-06 4.96629e+13
1.72500e-06 4.84291e+13
1.73500e-06 4.52481e+13
1.74500e-06 4.60634e+13
1.75500e-06 4.53810e+13
1.76500e-06 4.43832e+13
1.77500e-06 4.34063e+13
1.78500e-06 4.24176e+13
1.79500e-06 4.15464e+13
1.80500e-06 4.05578e+13
1.81500e-06 3.79118e+13
1.82500e-06 3.84396e+13
1.83500e-06 3.80979e+13
1.84500e-06 3.72954e+13
1.85500e-06 3.64575e+13
1.86500e-06 3.54123e+13
1.87500e-06 3.32750e+13
1.88500e-06 3.42111e+13
1.89500e-06 3.35604e+13
1.90500e-06 3.27688e+13
1.91500e-06 3.22282e+13
1.92500e-06 3.15780e+13
1.93500e-06 3.08007e+13
1.94500e-06 2.86176e+13
1.95500e-06 2.95360e+13
1.96500e-06 2.91278e+13
1.97500e-06 2.85535e+13
1.98500e-06 2.79922e+13
1.99500e-06 2.74444e+13
2.00500e-06 2.69108e+13
2.01500e-06 2.63892e+13
2.02500e-06 2.58811e+13
2.03500e-06 2.53845e+13
2.04500e-06 2.48882e+13
2.05500e-06 2.43700e+13
2.06500e-06 2.39640e+13
2.07500e-06 2.35114e+13
2.08500e-06 2.30724e+13
2.09500e-06 2.26406e+13
2.10500e-06 2.22194e+13
2.11500e-06 2.17100e+13
2.12500e-06 2.14102e+13
2.13500e-06 2.10167e+13
2.14500e-06 2.06247e+13
2.15500e-06 2.01774e+13
2.16500e-06 1.87408e+13
2.17500e-06 1.93931e+13
2.18500e-06 1.91702e+13
2.19500e-06 1.88435e+13
2.20500e-06 1.85102e+13
2.21500e-06 1.81830e+13
2.22500e-06 1.78570e+13
2.23500e-06 1.75498e+13
2.24500e-06 1.72443e+13
2.25500e-06 1.69443e+13
2.26500e-06 1.66518e+13
2.27500e-06 1.63645e+13
2.28500e-06 1.60996e+13
2.29500e-06 1.58802e+13
2.30500e-06 1.56052e+13
2.31500e-06 1.53456e+13
2.32500e-06 1.50863e+13
2.33500e-06 1.48330e+13
2.34500e-06 1.45629e+13
2.35500e-06 1.43050e+13
2.36500e-06 1.40603e+13
2.37500e-06 1.38226e+13
2.38500e-06 1.35924e+13
2.39500e-06 1.33582e+13
2.40500e-06 1.31367e+13
2.41500e-06 1.29196e+13
2.42500e-06 1.27069e+13
2.43500e-06 1.24979e+13
2.44500e-06 1.22881e+13
2.45500e-06 1.21013e+13
2.46500e-06 1.18948e+13
2.47500e-06 1.16925e+13
2.48500e-06 1.15400e+13
2.49500e-06 1.13218e+13
2.50500e-06 1.12364e+13
2.51500e-06 1.10198e+13
2.52500e-06 1.07749e+13
2.53500e-06 1.06637e+13
2.54500e-06 1.05254e+13
2.55500e-06 1.03300e+13
2.56500e-06 1.00899e+13
2.57500e-06 1.00287e+13
2.58500e-06 9.91407e+12
2.59500e-06 9.74886e+12
2.60500e-06 9.53481e+12
2.61500e-06 9.25708e+12
2.62500e-06 8.77609e+12
2.63500e-06 9.11546e+12
2.64500e-06 9.04882e+12
2.65500e-06 8.90543e+12
2.66500e-06 8.73369e+12
2.67500e-06 8.45477e+12
2.68500e-06 8.47552e+12
2.69500e-06 8.40858e+12
2.70500e-06 8.29092e+12
2.71500e-06 8.17068e+12
2.72500e-06 8.05247e+12
2.73500e-06 7.93628e+12
2.74500e-06 7.79107e+12
2.75500e-06 7.49984e+12
2.76500e-06 7.49250e+12
2.77500e-06 7.48018e+12
2.78500e-06 7.38673e+12
2.79500e-06 7.28285e+12
2.80500e-06 7.17883e+12
2.81500e-06 7.07990e+12
2.82500e-06 6.98077e+12
2.83500e-06 6.88380e+12
2.84500e-06 6.78848e+12
2.85500e-06 6.68139e+12
2.86500e-06 6.52100e+12
2.87500e-06 6.26743e+12
2.88500e-06 6.38881e+12
2.89500e-06 6.33396e+12
2.90500e-06 6.24936e+12
2.91500e-06 6.16488e+12
2.92500e-06 6.08185e+12
2.93500e-06 5.99980e+12
2.94500e-06 5.91960e+12
2.95500e-06 5.84034e+12
2.96500e-06 5.76287e+12
2.97500e-06 5.68631e+12
2.98500e-06 5.61107e+12
2.99500e-06 5.53712e+12
3.00500e-06 5.46445e+12
3.01500e-06 5.39014e+12
3.02500e-06 5.30145e+12
3.03500e-06 5.06371e+12
3.04500e-06 5.06261e+12
3.05500e-06 5.10419e+12
3.06500e-06 5.05129e+12
3.07500e-06 4.98343e+12
3.08500e-06 4.92188e+12
3.09500e-06 4.86024e+12
3.10500e-06 4.79850e+12
3.11500e-06 4.73707e+12
3.12500e-06 4.67633e+12
3.13500e-06 4.61856e+12
3.14500e-06 4.56067e+12
3.15500e-06 4.50380e+12
3.16500e-06 4.44718e+12
3.17500e-06 4.39193e+12
3.18500e-06 4.33765e+12
3.19500e-06 4.28397e+12
3.21000e-06 4.20491e+12
3.23000e-06 4.10244e+12
3.25000e-06 4.00288e+12
3.27000e-06 3.90404e+12
3.29000e-06 3.69070e+12
3.31000e-06 3.69712e+12
3.33000e-06 3.64096e+12
3.35000e-06 3.55632e+12
3.37000e-06 3.47310e+12
3.39000e-06 3.39225e+12
3.41000e-06 3.31370e+12
3.43000e-06 3.23770e+12
3.45000e-06 3.16359e+12
3.47000e-06 3.09143e+12
3.49000e-06 3.01939e+12
3.51000e-06 2.95009e+12
3.53000e-06 2.88154e+12
3.55000e-06 2.81667e+12
3.57000e-06 2.75383e+12
3.59000e-06 2.69362e+12
3.61000e-06 2.63354e+12
3.63000e-06 2.57689e+12
3.65000e-06 2.51960e+12
3.67000e-06 2.46772e+12
3.69000e-06 2.41033e+12
3.71000e-06 2.35857e+12
3.73000e-06 2.27378e+12
3.75000e-06 2.20895e+12
3.77000e-06 2.21714e+12
3.79000e-06 2.17539e+12
3.81000e-06 2.12033e+12
3.83000e-06 2.07777e+12
3.85000e-06 2.04422e+12
3.87000e-06 2.00247e+12
3.89000e-06 1.95631e+12
3.91000e-06 1.90599e+12
3.93000e-06 1.88103e+12
3.95000e-06 1.84556e+12
3.97000e-06 1.80894e+12
3.99000e-06 1.77308e+12
4.01000e-06 1.72540e+12
4.03000e-06 1.68482e+12
4.05000e-06 1.61747e+12
4.07000e-06 1.63543e+12
4.09000e-06 1.60646e+12
4.11000e-06 1.57551e+12
4.13000e-06 1.54373e+12
4.15000e-06 1.51208e+12
4.17000e-06 1.46399e+12
4.19000e-06 1.45451e+12
4.21000e-06 1.43148e+12
4.23000e-06 1.40469e+12
4.25000e-06 1.37769e+12
4.27000e-06 1.35296e+12
4.29000e-06 1.32534e+12
4.31000e-06 1.30354e+12
4.33000e-06 1.27967e+12
4.35000e-06 1.25475e+12
4.37000e-06 1.21149e+12
4.39000e-06 1.20200e+12
4.41000e-06 1.18952e+12
4.43000e-06 1.16826e+12
4.45000e-06 1.14746e+12
4.47000e-06 1.12839e+12
4.49000e-06 1.10845e+12
4.51000e-06 1.08896e+12
4.53000e-06 1.06987e+12
4.55000e-06 1.05124e+12
4.57000e-06 1.03299e+12
4.59000e-06 1.01514e+12
4.61000e-06 9.97253e+11
4.63000e-06 9.78270e+11
4.65000e-06 9.25462e+11
4.67000e-06 9.19504e+11
4.69000e-06 9.24849e+11
4.71000e-06 9.15704e+11
4.73000e-06 9.00365e+11
4.75000e-06 8.85285e+11
4.77000e-06 8.70592e+11
4.79000e-06 8.56162e+11
4.81000e-06 8.42038e+11
4.83000e-06 8.28184e+11
4.85000e-06 8.14625e+11
4.87000e-06 8.01340e+11
4.89000e-06 7.88339e+11
4.91000e-06 7.75585e+11
4.93000e-06 7.63090e+11
4.95000e-06 7.50832e+11
4.97000e-06 7.38838e+11
4.99000e-06 7.27072e+11
5.01000e-06 7.15545e+11
5.03000e-06 7.04238e+11
5.05000e-06 6.93160e+11
5.07000e-06 6.82294e+11
5.09000e-06 6.71621e+11
5.11000e-06 6.57530e+11
5.13000e-06 6.29824e+11
5.15000e-06 6.38549e+11
5.17000e-06 6.31039e+11
5.19000e-06 6.21388e+11
5.21000e-06 6.11907e+11
5.23000e-06 6.02608e+11
5.25000e-06 5.93474e+11
5.27000e-06 5.84529e+11
5.29000e-06 5.75742e+11
5.31000e-06 5.67124e+11
5.33000e-06 5.58659e+11
5.35000e-06 5.50358e+11
5.37000e-06 5.42203e+11
5.39000e-06 5.34205e+11
5.41000e-06 5.26350e+11
5.43000e-06 5.18634e+11
5.45000e-06 5.11067e+11
5.47000e-06 5.03635e+11
5.49000e-06 4.96335e+11
5.51000e-06 4.89165e+11
5.53000e-06 4.82134e+11
5.55000e-06 4.75217e+11
5.57000e-06 4.68434e+11
5.59000e-06 4.61761e+11
5.61000e-06 4.55218e+11
5.63000e-06 4.48781e+11
5.65000e-06 4.42458e+11
5.67000e-06 4.36249e+11
5.69000e-06 4.30150e+11
5.71000e-06 4.24150e+11
5.73000e-06 4.18257e+11
5.75000e-06 4.12469e+11
5.77000e-06 4.06775e+11
5.79000e-06 4.01171e+11
5.81000e-06 3.95691e+11
5.83000e-06 3.90287e+11
5.85000e-06 3.85223e+11
5.87000e-06 3.79968e+11
5.89000e-06 3.72277e+11
5.91000e-06 3.55923e+11
5.93000e-06 3.63286e+11
5.95000e-06 3.59954e+11
5.97000e-06 3.55158e+11
5.99000e-06 3.50438e+11
6.01000e-06 3.45794e+11
6.03000e-06 3.41225e+11
6.05000e-06 3.36729e+11
6.07000e-06 3.32315e+11
6.09000e-06 3.27962e+11
6.11000e-06 3.23689e+11
6.13000e-06 3.19475e+11
6.15000e-06 3.15339e+11
6.17000e-06 3.11269e+11
6.19000e-06 3.07255e+11
6.21000e-06 3.03316e+11
6.23000e-06 2.99440e+11
6.25000e-06 2.95617e+11
6.27000e-06 2.91866e+11
6.29000e-06 2.88165e+11
6.31000e-06 2.84525e+11
6.33000e-06 2.80943e+11
6.35000e-06 2.77410e+11
6.37000e-06 2.73944e+11
6.39000e-06 2.70525e+11
6.42000e-06 2.65498e+11
6.46000e-06 2.58971e+11
6.50000e-06 2.52646e+11
6.54000e-06 2.46517e+11
6.58000e-06 2.40571e+11
6.62000e-06 2.34792e+11
6.66000e-06 2.29203e+11
6.70000e-06 2.23764e+11
6.74000e-06 2.18495e+11
6.78000e-06 2.13376e+11
6.82000e-06 2.08402e+11
6.86000e-06 2.03577e+11
6.90000e-06 1.98889e+11
6.94000e-06 1.94335e+11
6.98000e-06 1.89918e+11
7.02000e-06 1.85619e+11
7.06000e-06 1.81436e+11
7.10000e-06 1.77372e+11
7.14000e-06 1.73424e+11
7.18000e-06 1.69583e+11
7.22000e-06 1.65852e+11
7.26000e-06 1.62221e+11
7.30000e-06 1.58688e+11
7.34000e-06 1.55250e+11
7.38000e-06 1.51904e+11
7.42000e-06 1.48307e+11
7.46000e-06 1.42043e+11
7.50000e-06 1.38583e+11
7.54000e-06 1.39171e+11
7.58000e-06 1.36467e+11
7.62000e-06 1.33623e+11
7.66000e-06 1.30845e+11
7.70000e-06 1.28142e+11
7.74000e-06 1.25513e+11
7.78000e-06 1.22943e+11
7.82000e-06 1.20444e+11
7.86000e-06 1.18002e+11
7.90000e-06 1.15627e+11
7.94000e-06 1.13306e+11
7.98000e-06 1.11048e+11
8.02000e-06 1.08842e+11
8.06000e-06 1.06692e+11
8.10000e-06 1.04596e+11
8.14000e-06 1.02552e+11
8.18000e-06 1.00555e+11
8.22000e-06 9.86090e+10
8.26000e-06 9.67066e+10
8.30000e-06 9.48470e+10
8.34000e-06 9.30403e+10
8.38000e-06 9.12690e+10
8.42000e-06 8.95431e+10
8.46000e-06 8.78562e+10
8.50000e-06 8.62074e+10
8.54000e-06 8.46011e+10
8.58000e-06 8.30311e+10
8.62000e-06 8.14967e+10
8.66000e-06 7.99921e+10
8.70000e-06 7.85316e+10
8.74000e-06 7.70992e+10
8.78000e-06 7.56995e+10
8.82000e-06 7.43268e+10
8.86000e-06 7.29901e+10
8.90000e-06 7.16839e+10
8.94000e-06 7.04075e+10
8.98000e-06 6.91557e+10
9.02000e-06 6.79325e+10
9.06000e-06 6.67373e+10
9.10000e-06 6.55696e+10
9.14000e-06 6.44242e+10
9.18000e-06 6.33052e+10
9.22000e-06 6.22120e+10
9.26000e-06 6.11397e+10
9.30000e-06 6.00878e+10
9.34000e-06 5.90647e+10
9.38000e-06 5.80567e+10
9.42000e-06 5.70765e+10
9.46000e-06 5.61150e+10
9.50000e-06 5.51717e+10
9.54000e-06 5.42464e+10
9.58000e-06 5.33428e+10
9.62000e-06 5.24605e+10
9.66000e-06 5.15909e+10
9.70000e-06 5.07419e+10
9.74000e-06 4.99130e+10
9.78000e-06 4.90959e+10
9.82000e-06 4.82983e+10
9.86000e-06 4.75158e+10
9.90000e-06 4.67521e+10
9.94000e-06 4.59991e+10
9.98000e-06 4.52642e+10
1.00200e-05 4.45433e+10
2.00000e-05 2.76567e+09
4.00000e-05 1.69288e+08
6.00000e-05 3.29671e+07
8.00000e-05 1.03195e+07
1.00000e-04 4.19037e+06
1.20000e-04 2.00596e+06
1.40000e-04 1.07601e+06
1.60000e-04 6.27315e+05
