9.09000e-09 0.00000e+00
9.35000e-09 0.00000e+00
9.61000e-09 0.00000e+00
9.77000e-09 0.00000e+00
9.96000e-09 0.00000e+00
1.02000e-08 0.00000e+00
1.03800e-08 0.00000e+00
1.05600e-08 0.00000e+00
1.07700e-08 0.00000e+00
1.10400e-08 0.00000e+00
1.14000e-08 0.00000e+00
1.17800e-08 0.00000e+00
1.21300e-08 0.00000e+00
1.24800e-08 0.00000e+00
1.27100e-08 0.00000e+00
1.28400e-08 0.00000e+00
1.30500e-08 0.00000e+00
1.32400e-08 0.00000e+00
1.33900e-08 0.00000e+00
1.36600e-08 0.00000e+00
1.39800e-08 0.00000e+00
1.43300e-08 0.00000e+00
1.47200e-08 0.00000e+00
1.51000e-08 0.00000e+00
1.55200e-08 0.00000e+00
1.58800e-08 0.00000e+00
1.62000e-08 0.00000e+00
1.66000e-08 0.00000e+00
1.70300e-08 0.00000e+00
1.73400e-08 0.00000e+00
1.76800e-08 0.00000e+00
1.80200e-08 0.00000e+00
1.81700e-08 0.00000e+00
1.86100e-08 0.00000e+00
1.91000e-08 0.00000e+00
1.93900e-08 0.00000e+00
1.98400e-08 0.00000e+00
2.01800e-08 0.00000e+00
2.05000e-08 0.00000e+00
2.10500e-08 0.00000e+00
2.16200e-08 0.00000e+00
2.19800e-08 0.00000e+00
2.23000e-08 0.00000e+00
2.26800e-08 0.00000e+00
2.30000e-08 0.00000e+00
2.34000e-08 0.00000e+00
2.40000e-08 0.00000e+00
2.46500e-08 0.00000e+00
2.52400e-08 0.00000e+00
2.56800e-08 0.00000e+00
2.60000e-08 0.00000e+00
2.64000e-08 0.00000e+00
2.68500e-08 0.00000e+00
2.73500e-08 0.00000e+00
2.78500e-08 0.00000e+00
2.84000e-08 0.00000e+00
2.90000e-08 0.00000e+00
2.96000e-08 0.00000e+00
3.01000e-08 0.00000e+00
3.08000e-08 0.00000e+00
3.18000e-08 0.00000e+00
3.28000e-08 0.00000e+00
3.38000e-08 0.00000e+00
3.48000e-08 0.00000e+00
3.57000e-08 0.00000e+00
3.66000e-08 0.00000e+00
3.75000e-08 0.00000e+00
3.85000e-08 0.00000e+00
3.95000e-08 0.00000e+00
4.05000e-08 0.00000e+00
4.14000e-08 0.00000e+00
4.22000e-08 0.00000e+00
4.30000e-08 0.00000e+00
4.41000e-08 0.00000e+00
4.51000e-08 0.00000e+00
4.60000e-08 0.00000e+00
4.70000e-08 0.00000e+00
4.80000e-08 0.00000e+00
4.90000e-08 0.00000e+00
5.00000e-08 0.00000e+00
5.06000e-08 3.75912e-06
5.12000e-08 7.35184e-06
5.20000e-08 1.53061e-05
5.30000e-08 3.69917e-05
5.40000e-08 8.53147e-05
5.50000e-08 1.91541e-04
5.60000e-08 4.15569e-04
5.70000e-08 8.74794e-04
5.80000e-08 1.77850e-03
5.90000e-08 3.56536e-03
6.00000e-08 6.92190e-03
6.10000e-08 1.31314e-02
6.20000e-08 2.43258e-02
6.30000e-08 4.40943e-02
6.40000e-08 7.83040e-02
6.50000e-08 1.36416e-01
6.58000e-08 2.09760e-01
6.65000e-08 3.02381e-01
6.75000e-08 5.03324e-01
6.85000e-08 8.24475e-01
6.95000e-08 1.32793e+00
7.05000e-08 2.09814e+00
7.16000e-08 3.43951e+00
7.26000e-08 5.29434e+00
7.35000e-08 7.71767e+00
7.45000e-08 1.15831e+01
7.55000e-08 1.71828e+01
7.65000e-08 2.52010e+01
7.75000e-08 3.65287e+01
7.85000e-08 5.24228e+01
7.95000e-08 7.36145e+01
8.05000e-08 1.04044e+02
8.15000e-08 1.45298e+02
8.25000e-08 2.00386e+02
8.35000e-08 2.73871e+02
8.45000e-08 3.71109e+02
8.55000e-08 4.98751e+02
8.65000e-08 6.64820e+02
8.75000e-08 8.76647e+02
8.85000e-08 1.15440e+03
8.95000e-08 1.50513e+03
9.05000e-08 1.94288e+03
9.15000e-08 1.37305e+06
9.25000e-08 3.36780e+06
9.35000e-08 4.50280e+06
9.45000e-08 5.86468e+06
9.55000e-08 7.99622e+06
9.65000e-08 1.03517e+07
9.75000e-08 1.28416e+07
9.85000e-08 1.64900e+07
9.95000e-08 2.03996e+07
1.00500e-07 2.69721e+07
1.01500e-07 3.38625e+07
1.02500e-07 3.86188e+07
1.03500e-07 5.20560e+07
1.04500e-07 6.47085e+07
1.05500e-07 7.95144e+07
1.06500e-07 9.58114e+07
1.07500e-07 1.17881e+08
1.08500e-07 1.43405e+08
1.09500e-07 1.70757e+08
1.10500e-07 7.62424e+08
1.11500e-07 1.40189e+09
1.12500e-07 1.90895e+09
1.13500e-07 2.45721e+09
1.14500e-07 3.01953e+09
1.15500e-07 3.21260e+09
1.16500e-07 4.21024e+09
1.17500e-07 4.91383e+09
1.18500e-07 4.95520e+09
1.19500e-07 3.30952e+09
1.20500e-07 3.43281e+09
1.21500e-07 1.13773e+09
1.22500e-07 4.17444e+09
1.23500e-07 8.56497e+09
1.24500e-07 2.06100e+10
1.25500e-07 3.21663e+10
1.26500e-07 3.24484e+10
1.27500e-07 4.72992e+10
1.28500e-07 6.44598e+10
1.29500e-07 7.72702e+10
1.30500e-07 7.09406e+10
1.31500e-07 1.01835e+11
1.32500e-07 1.18337e+11
1.33500e-07 1.32359e+11
1.34500e-07 1.61788e+11
1.35500e-07 1.68063e+11
1.36500e-07 1.88973e+11
1.37500e-07 2.04144e+11
1.38500e-07 2.13600e+11
1.39500e-07 2.45782e+11
1.40500e-07 2.73117e+11
1.41500e-07 2.89986e+11
1.42500e-07 3.22200e+11
1.43500e-07 3.32471e+11
1.44200e-07 3.93242e+11
1.44700e-07 4.17050e+11
1.45500e-07 4.60809e+11
1.46500e-07 4.63439e+11
1.47500e-07 5.08449e+11
1.48500e-07 5.67942e+11
1.49500e-07 6.44800e+11
1.50500e-07 7.18092e+11
1.51200e-07 7.28184e+11
1.51700e-07 7.49405e+11
1.52500e-07 1.26894e+12
1.53500e-07 1.80113e+12
1.54500e-07 2.42308e+12
1.55500e-07 2.38126e+12
1.56500e-07 2.27925e+12
1.57500e-07 4.67089e+12
1.58500e-07 6.08008e+12
1.59500e-07 7.64441e+12
1.60500e-07 6.99080e+12
1.61500e-07 7.03608e+12
1.62500e-07 5.05127e+12
1.63500e-07 6.80594e+12
1.64500e-07 1.15811e+13
1.65500e-07 5.40746e+12
1.66500e-07 1.18516e+13
1.67200e-07 6.11847e+12
1.67700e-07 5.93107e+13
1.68500e-07 6.16958e+13
1.69500e-07 4.11463e+13
1.70500e-07 4.92739e+13
1.71500e-07 7.20882e+13
1.72500e-07 7.69926e+13
1.73500e-07 9.35698e+13
1.74500e-07 8.73698e+13
1.75500e-07 1.07278e+14
1.76500e-07 7.41483e+13
1.77500e-07 9.94467e+13
1.78500e-07 9.97733e+13
1.79500e-07 1.34883e+14
1.80500e-07 1.15472e+14
1.81500e-07 1.24070e+14
1.82500e-07 1.13337e+14
1.83500e-07 1.01549e+14
1.84500e-07 8.13539e+13
1.85500e-07 1.04708e+14
1.86500e-07 1.30049e+14
1.87500e-07 1.18989e+14
1.88500e-07 1.24028e+14
1.89500e-07 1.39067e+14
1.90500e-07 1.28372e+14
1.91500e-07 1.41201e+14
1.92500e-07 1.28331e+14
1.93500e-07 7.82594e+13
1.94500e-07 1.51159e+14
1.95500e-07 1.55196e+14
1.96700e-07 1.78819e+14
1.97600e-07 1.69523e+14
1.98400e-07 1.69719e+14
1.99500e-07 1.66148e+14
2.00500e-07 1.49323e+14
2.01500e-07 1.50730e+14
2.02500e-07 1.33921e+14
2.03500e-07 1.62638e+14
2.04500e-07 1.80365e+14
2.05500e-07 1.73484e+14
2.06500e-07 1.62699e+14
2.07400e-07 1.96139e+14
2.07800e-07 2.19857e+14
2.08500e-07 2.12950e+14
2.09500e-07 1.99205e+14
2.10500e-07 1.77226e+14
2.11500e-07 1.85484e+14
2.12500e-07 1.87580e+14
2.13500e-07 1.51834e+14
2.14500e-07 1.85654e+14
2.15500e-07 1.84576e+14
2.16500e-07 1.66872e+14
2.17500e-07 1.67229e+14
2.18500e-07 1.82801e+14
2.19500e-07 1.97575e+14
2.20500e-07 1.84622e+14
2.21500e-07 1.57826e+14
2.22500e-07 1.56913e+14
2.23500e-07 1.94247e+14
2.24500e-07 1.75672e+14
2.25500e-07 1.53084e+14
2.26500e-07 1.53248e+14
2.27500e-07 1.66411e+14
2.28500e-07 1.86647e+14
2.29500e-07 1.63066e+14
2.30500e-07 1.76927e+14
2.31500e-07 1.65532e+14
2.32500e-07 1.13313e+14
2.33500e-07 1.29045e+14
2.34500e-07 9.65628e+13
2.35500e-07 1.55983e+14
2.36500e-07 1.03679e+14
2.37500e-07 1.30231e+14
2.38500e-07 8.34364e+13
2.39500e-07 1.04027e+14
2.40500e-07 1.03164e+14
2.41500e-07 1.08241e+14
2.42500e-07 1.50241e+14
2.43500e-07 1.43297e+14
2.44500e-07 1.62590e+14
2.45500e-07 1.62955e+14
2.46500e-07 1.62454e+14
2.47500e-07 1.43567e+14
2.48500e-07 1.38351e+14
2.49500e-07 1.30164e+14
2.50500e-07 1.77582e+14
2.51300e-07 1.13458e+14
2.51800e-07 9.04939e+13
2.52500e-07 9.28764e+13
2.53500e-07 1.04556e+14
2.54500e-07 1.10477e+14
2.55500e-07 1.41158e+14
2.56500e-07 1.27691e+14
2.57500e-07 1.49241e+14
2.58500e-07 1.48573e+14
2.59500e-07 1.42485e+14
2.60500e-07 1.31050e+14
2.61500e-07 1.17158e+14
2.62500e-07 1.55588e+14
2.63500e-07 1.70622e+14
2.64500e-07 2.13728e+14
2.65500e-07 2.30227e+14
2.66500e-07 1.80721e+14
2.67500e-07 2.04522e+14
2.68500e-07 2.06383e+14
2.69500e-07 1.80719e+14
2.70500e-07 1.97709e+14
2.71500e-07 1.72613e+14
2.72500e-07 1.76021e+14
2.73500e-07 1.95415e+14
2.74500e-07 1.29218e+14
2.75500e-07 1.46428e+14
2.76500e-07 1.61770e+14
2.77500e-07 1.76883e+14
2.78500e-07 1.27471e+14
2.79500e-07 5.46527e+13
2.80500e-07 6.85276e+13
2.81500e-07 1.67741e+14
2.82500e-07 2.11882e+14
2.83500e-07 2.07564e+14
2.84500e-07 1.98013e+14
2.85500e-07 1.72100e+14
2.86500e-07 2.19171e+14
2.87500e-07 2.18510e+14
2.88500e-07 2.15083e+14
2.89500e-07 2.07302e+14
2.91000e-07 2.46255e+14
2.93000e-07 2.29345e+14
2.95000e-07 2.25705e+14
2.97000e-07 2.36996e+14
2.99000e-07 2.40940e+14
3.01000e-07 2.48452e+14
3.03000e-07 2.44264e+14
3.05000e-07 2.46417e+14
3.07000e-07 2.51011e+14
3.09000e-07 2.55411e+14
3.11000e-07 2.47852e+14
3.13000e-07 2.46544e+14
3.15000e-07 2.50170e+14
3.17000e-07 2.47301e+14
3.19000e-07 2.28354e+14
3.21000e-07 2.42397e+14
3.23000e-07 2.25593e+14
3.25000e-07 2.39506e+14
3.27000e-07 2.50710e+14
3.29000e-07 2.48966e+14
3.31000e-07 2.56203e+14
3.33000e-07 2.50872e+14
3.35000e-07 2.48194e+14
3.37000e-07 2.43004e+14
3.39000e-07 2.43935e+14
3.41000e-07 2.42067e+14
3.43000e-07 2.42365e+14
3.45000e-07 2.43190e+14
3.47000e-07 2.40633e+14
3.49000e-07 2.42405e+14
3.51000e-07 2.46585e+14
3.53000e-07 2.41955e+14
3.55000e-07 2.52652e+14
3.57000e-07 2.37012e+14
3.59000e-07 2.32628e+14
3.61000e-07 2.35339e+14
3.63000e-07 2.36664e+14
3.64000e-07 2.35397e+14
3.65000e-07 2.50793e+14
3.67000e-07 2.41205e+14
3.69000e-07 2.19385e+14
3.71000e-07 2.31253e+14
3.73000e-07 2.29154e+14
3.75000e-07 2.71005e+14
3.77000e-07 2.86612e+14
3.79000e-07 3.35787e+14
3.81000e-07 3.83268e+14
3.83000e-07 3.07982e+14
3.85000e-07 4.20408e+14
3.87000e-07 4.62232e+14
3.89000e-07 2.95542e+14
3.91000e-07 4.50999e+14
3.93000e-07 3.03264e+14
3.95000e-07 4.11295e+14
3.97000e-07 2.49116e+14
3.99000e-07 4.51245e+14
4.01000e-07 5.05959e+14
4.03000e-07 5.11573e+14
4.05000e-07 5.02767e+14
4.07000e-07 4.81940e+14
4.09000e-07 4.03641e+14
4.11000e-07 3.22266e+14
4.13000e-07 4.68834e+14
4.15000e-07 4.97619e+14
4.17000e-07 4.98468e+14
4.19000e-07 4.93657e+14
4.21000e-07 4.93505e+14
4.23000e-07 4.78448e+14
4.25000e-07 4.83112e+14
4.27000e-07 4.66096e+14
4.29000e-07 4.67431e+14
4.31000e-07 4.28038e+14
4.33000e-07 3.55132e+14
4.35000e-07 3.08472e+14
4.37000e-07 4.44220e+14
4.39000e-07 4.54764e+14
4.41000e-07 4.51230e+14
4.43000e-07 4.45187e+14
4.45000e-07 4.50079e+14
4.47000e-07 4.50359e+14
4.49000e-07 4.44674e+14
4.51000e-07 4.59724e+14
4.53000e-07 4.39573e+14
4.55000e-07 4.36500e+14
4.57000e-07 4.49643e+14
4.59000e-07 4.32233e+14
4.61000e-07 4.37478e+14
4.63000e-07 4.25939e+14
4.65000e-07 4.28172e+14
4.67000e-07 4.29159e+14
4.69000e-07 4.13210e+14
4.71000e-07 3.97685e+14
4.73000e-07 4.15815e+14
4.75000e-07 4.14274e+14
4.77000e-07 4.08754e+14
4.79000e-07 4.03296e+14
4.81000e-07 3.93924e+14
4.83000e-07 3.76732e+14
4.85000e-07 3.01416e+14
4.87000e-07 2.46289e+14
4.89000e-07 3.53144e+14
4.91000e-07 3.71228e+14
4.93000e-07 3.68734e+14
4.95000e-07 3.76277e+14
4.97000e-07 3.78196e+14
4.99000e-07 3.62840e+14
5.01000e-07 3.52399e+14
5.03000e-07 3.62408e+14
5.05000e-07 3.56308e+14
5.07000e-07 3.61841e+14
5.09000e-07 3.55964e+14
5.11000e-07 3.56343e+14
5.13000e-07 3.49089e+14
5.15000e-07 3.40801e+14
5.17000e-07 3.33532e+14
5.19000e-07 3.30771e+14
5.21000e-07 3.32997e+14
5.23000e-07 3.31433e+14
5.25000e-07 3.36143e+14
5.27000e-07 3.15894e+14
5.29000e-07 3.28521e+14
5.31000e-07 3.26491e+14
5.33000e-07 3.13742e+14
5.35000e-07 3.20877e+14
5.37000e-07 3.16597e+14
5.39000e-07 3.13980e+14
5.41000e-07 3.06913e+14
5.43000e-07 3.09409e+14
5.45000e-07 3.10022e+14
5.47000e-07 3.05618e+14
5.49000e-07 3.05433e+14
5.51000e-07 3.03245e+14
5.53000e-07 2.99478e+14
5.55000e-07 2.99244e+14
5.57000e-07 2.93480e+14
5.59000e-07 2.91203e+14
5.61000e-07 2.90675e+14
5.63000e-07 2.90218e+14
5.65000e-07 2.87966e+14
5.67000e-07 2.82950e+14
5.69000e-07 2.83071e+14
5.71000e-07 2.80028e+14
5.73000e-07 2.82632e+14
5.75000e-07 2.77410e+14
5.77000e-07 2.76475e+14
5.79000e-07 2.73591e+14
5.81000e-07 2.72201e+14
5.83000e-07 2.70891e+14
5.85000e-07 2.67567e+14
5.87000e-07 2.65419e+14
5.89000e-07 2.59504e+14
5.91000e-07 2.61191e+14
5.93000e-07 2.59239e+14
5.95000e-07 2.57585e+14
5.97000e-07 2.55650e+14
5.99000e-07 2.52770e+14
6.01000e-07 2.49234e+14
6.03000e-07 2.48184e+14
6.05000e-07 2.47688e+14
6.07000e-07 2.46509e+14
6.09000e-07 2.43277e+14
6.11000e-07 2.40688e+14
6.13000e-07 2.35922e+14
6.15000e-07 2.32926e+14
6.17000e-07 2.32161e+14
6.19000e-07 2.34487e+14
6.21000e-07 2.32579e+14
6.23000e-07 2.29176e+14
6.25000e-07 2.23323e+14
6.27000e-07 2.27497e+14
6.29000e-07 2.25901e+14
6.31000e-07 2.21755e+14
6.33000e-07 2.20723e+14
6.35000e-07 2.18017e+14
6.37000e-07 2.16753e+14
6.39000e-07 2.16201e+14
6.41000e-07 2.12149e+14
6.43000e-07 2.11615e+14
6.45000e-07 2.08366e+14
6.47000e-07 2.07584e+14
6.49000e-07 2.03454e+14
6.51000e-07 2.01325e+14
6.53000e-07 1.93530e+14
6.55000e-07 1.66902e+14
6.56125e-07 1.34642e+14
6.59000e-07 1.81833e+14
6.61000e-07 1.92892e+14
6.63000e-07 1.94909e+14
6.65000e-07 1.94752e+14
6.67000e-07 1.93485e+14
6.69000e-07 1.93230e+14
6.71000e-07 1.91678e+14
6.73000e-07 1.90507e+14
6.75000e-07 1.88438e+14
6.77000e-07 1.88214e+14
6.79000e-07 1.86624e+14
6.81000e-07 1.85156e+14
6.83000e-07 1.83605e+14
6.85000e-07 1.81804e+14
6.87000e-07 1.81258e+14
6.89000e-07 1.80072e+14
6.91000e-07 1.78573e+14
6.93000e-07 1.77277e+14
6.95000e-07 1.76032e+14
6.97000e-07 1.74558e+14
6.99000e-07 1.73661e+14
7.01000e-07 1.70663e+14
7.03000e-07 1.70326e+14
7.05000e-07 1.69558e+14
7.07000e-07 1.68374e+14
7.09000e-07 1.67171e+14
7.11000e-07 1.63064e+14
7.13000e-07 1.63588e+14
7.15000e-07 1.62785e+14
7.17000e-07 1.61336e+14
7.19000e-07 1.59769e+14
7.21000e-07 1.59290e+14
7.23000e-07 1.58085e+14
7.25000e-07 1.56964e+14
7.27000e-07 1.56465e+14
7.29000e-07 1.54112e+14
7.31000e-07 1.53742e+14
7.33000e-07 1.52673e+14
7.35000e-07 1.52198e+14
7.37000e-07 1.51172e+14
7.39000e-07 1.48976e+14
7.41000e-07 1.46416e+14
7.43000e-07 1.46393e+14
7.45000e-07 1.45887e+14
7.47000e-07 1.44492e+14
7.49000e-07 1.43648e+14
7.51000e-07 1.43204e+14
7.53000e-07 1.42504e+14
7.55000e-07 1.42041e+14
7.57000e-07 1.40719e+14
7.59000e-07 1.39737e+14
7.61000e-07 1.38698e+14
7.63000e-07 1.37920e+14
7.65000e-07 1.36742e+14
7.67000e-07 1.34634e+14
7.69000e-07 1.34572e+14
7.71000e-07 1.33399e+14
7.73000e-07 1.33176e+14
7.75000e-07 1.31706e+14
7.77000e-07 1.28682e+14
7.79000e-07 1.30754e+14
7.81000e-07 1.29542e+14
7.83000e-07 1.27965e+14
7.85000e-07 1.26825e+14
7.87000e-07 1.26431e+14
7.89000e-07 1.25433e+14
7.91000e-07 1.24439e+14
7.93000e-07 1.23093e+14
7.95000e-07 1.22325e+14
7.97000e-07 1.22815e+14
7.99000e-07 1.21115e+14
8.01000e-07 1.20582e+14
8.03000e-07 1.19742e+14
8.05000e-07 1.18974e+14
8.07000e-07 1.18425e+14
8.09000e-07 1.17328e+14
8.11000e-07 1.17122e+14
8.13000e-07 1.16507e+14
8.15000e-07 1.15664e+14
8.17000e-07 1.14895e+14
8.19000e-07 1.12251e+14
8.21000e-07 1.12084e+14
8.23000e-07 1.11290e+14
8.25000e-07 1.10912e+14
8.27000e-07 1.11417e+14
8.29000e-07 1.10573e+14
8.31000e-07 1.09376e+14
8.33000e-07 1.07597e+14
8.35000e-07 1.07736e+14
8.37000e-07 1.07141e+14
8.39000e-07 1.05421e+14
8.41000e-07 1.04889e+14
8.43000e-07 1.03628e+14
8.45000e-07 1.01592e+14
8.47000e-07 1.00851e+14
8.49000e-07 1.00977e+14
8.51000e-07 9.62893e+13
8.53000e-07 1.00716e+14
8.55000e-07 9.16748e+13
8.57000e-07 1.01086e+14
8.59000e-07 9.55150e+13
8.61000e-07 9.40961e+13
8.63000e-07 1.00302e+14
8.65000e-07 9.68631e+13
8.67000e-07 8.38572e+13
8.69000e-07 9.61032e+13
8.71000e-07 9.92774e+13
8.73000e-07 9.58325e+13
8.75000e-07 8.22521e+13
8.77000e-07 9.28345e+13
8.79000e-07 9.76054e+13
8.81000e-07 9.74248e+13
8.83000e-07 9.47662e+13
8.85000e-07 8.77054e+13
8.87000e-07 7.77288e+13
8.89000e-07 9.18801e+13
8.91000e-07 9.46665e+13
8.93000e-07 9.46965e+13
8.95000e-07 9.51156e+13
8.97000e-07 9.33903e+13
8.99000e-07 8.97262e+13
9.01000e-07 7.47566e+13
9.03000e-07 8.09864e+13
9.05000e-07 8.95754e+13
9.07000e-07 8.93594e+13
9.09000e-07 8.83146e+13
9.11000e-07 9.03104e+13
9.13000e-07 9.08236e+13
9.15000e-07 9.03460e+13
9.17000e-07 8.89622e+13
9.19000e-07 8.67421e+13
9.21000e-07 8.10451e+13
9.23000e-07 6.63225e+13
9.25000e-07 7.83159e+13
9.27000e-07 8.27525e+13
9.29000e-07 8.58145e+13
9.31000e-07 8.61547e+13
9.33000e-07 8.57554e+13
9.35000e-07 8.54924e+13
9.37000e-07 8.52222e+13
9.39000e-07 8.42614e+13
9.41000e-07 8.10786e+13
9.43000e-07 8.28448e+13
9.45000e-07 8.22161e+13
9.47000e-07 8.19238e+13
9.49000e-07 8.08259e+13
9.51000e-07 7.83785e+13
9.53000e-07 7.27818e+13
9.55000e-07 6.03330e+13
9.57000e-07 7.30180e+13
9.59000e-07 7.70026e+13
9.61000e-07 7.73881e+13
9.63000e-07 7.68354e+13
9.65000e-07 7.75691e+13
9.67000e-07 7.65838e+13
9.69000e-07 7.65810e+13
9.71000e-07 7.70330e+13
9.73000e-07 7.65774e+13
9.75000e-07 7.55977e+13
9.77000e-07 7.56911e+13
9.79000e-07 7.52564e+13
9.81000e-07 7.48089e+13
9.83000e-07 7.42865e+13
9.85000e-07 7.34842e+13
9.87000e-07 7.29276e+13
9.89000e-07 7.22362e+13
9.91000e-07 7.18913e+13
9.93000e-07 7.16822e+13
9.95000e-07 7.11736e+13
9.97000e-07 7.06572e+13
9.99000e-07 6.96460e+13
1.00250e-06 6.37326e+13
1.00750e-06 6.07412e+13
1.01250e-06 6.67354e+13
1.01750e-06 6.67252e+13
1.02250e-06 6.62797e+13
1.02750e-06 6.55149e+13
1.03250e-06 6.43659e+13
1.03750e-06 6.35650e+13
1.04250e-06 6.26413e+13
1.04750e-06 6.11314e+13
1.05250e-06 6.05724e+13
1.05750e-06 5.98898e+13
1.06250e-06 5.89737e+13
1.06750e-06 5.70275e+13
1.07250e-06 5.69391e+13
1.07750e-06 5.61783e+13
1.08250e-06 5.51558e+13
1.08750e-06 5.35603e+13
1.09250e-06 4.58873e+13
1.09750e-06 4.95424e+13
1.10250e-06 5.22523e+13
1.10750e-06 5.21501e+13
1.11250e-06 5.14450e+13
1.11750e-06 5.08288e+13
1.12250e-06 5.02962e+13
1.12750e-06 4.86776e+13
1.13250e-06 4.81371e+13
1.13750e-06 4.80293e+13
1.14250e-06 4.70788e+13
1.14750e-06 4.70786e+13
1.15250e-06 4.65093e+13
1.15750e-06 4.57934e+13
1.16250e-06 4.46393e+13
1.16750e-06 4.38294e+13
1.17250e-06 4.41278e+13
1.17750e-06 4.25963e+13
1.18250e-06 4.24793e+13
1.18750e-06 4.16575e+13
1.19250e-06 4.19844e+13
1.19750e-06 4.08543e+13
1.20250e-06 4.06846e+13
1.20750e-06 4.00099e+13
1.21250e-06 3.96037e+13
1.21750e-06 3.93020e+13
1.22250e-06 3.87417e+13
1.22750e-06 3.81942e+13
1.23250e-06 3.77287e+13
1.23750e-06 3.73162e+13
1.24250e-06 3.69359e+13
1.24750e-06 3.64153e+13
1.25250e-06 3.59018e+13
1.25750e-06 3.52119e+13
1.26250e-06 3.48673e+13
1.26750e-06 3.44591e+13
1.27250e-06 3.38236e+13
1.27750e-06 3.21282e+13
1.28250e-06 2.74164e+13
1.28750e-06 3.16492e+13
1.29250e-06 3.22257e+13
1.29750e-06 3.21008e+13
1.30250e-06 3.17749e+13
1.30750e-06 3.15169e+13
1.31250e-06 3.10476e+13
1.31750e-06 3.05780e+13
1.32250e-06 3.04097e+13
1.32750e-06 3.00208e+13
1.33250e-06 2.96940e+13
1.33750e-06 2.93145e+13
1.34250e-06 2.89983e+13
1.34750e-06 2.86466e+13
1.35250e-06 2.82333e+13
1.35750e-06 2.78315e+13
1.36250e-06 2.76418e+13
1.36750e-06 2.72668e+13
1.37250e-06 2.67045e+13
1.37750e-06 2.65904e+13
1.38250e-06 2.63097e+13
1.38750e-06 2.61263e+13
1.39250e-06 2.56748e+13
1.39750e-06 2.54586e+13
1.40250e-06 2.51568e+13
1.40750e-06 2.49232e+13
1.41250e-06 2.45432e+13
1.41750e-06 2.43441e+13
1.42250e-06 2.39740e+13
1.42750e-06 2.36640e+13
1.43250e-06 2.35046e+13
1.43750e-06 2.32995e+13
1.44250e-06 2.24593e+13
1.44750e-06 2.27197e+13
1.45250e-06 2.21850e+13
1.45700e-06 2.21990e+13
1.46200e-06 2.19135e+13
1.46750e-06 2.17251e+13
1.47250e-06 2.13953e+13
1.47750e-06 2.10799e+13
1.48250e-06 2.09346e+13
1.48750e-06 2.05710e+13
1.49250e-06 2.06194e+13
1.49750e-06 2.02770e+13
1.50250e-06 1.99604e+13
1.50750e-06 1.96774e+13
1.51250e-06 1.96117e+13
1.51750e-06 1.93829e+13
1.52250e-06 1.90770e+13
1.52750e-06 1.88990e+13
1.53250e-06 1.86219e+13
1.53750e-06 1.84373e+13
1.54250e-06 1.80582e+13
1.54750e-06 1.79858e+13
1.55250e-06 1.77545e+13
1.55750e-06 1.73642e+13
1.56250e-06 1.75912e+13
1.56750e-06 1.70084e+13
1.57250e-06 1.66948e+13
1.57750e-06 1.69131e+13
1.58250e-06 1.67612e+13
1.58750e-06 1.56558e+13
1.59250e-06 1.62662e+13
1.59750e-06 1.66059e+13
1.60500e-06 1.59304e+13
1.61500e-06 1.51170e+13
1.62500e-06 1.56977e+13
1.63500e-06 1.48213e+13
1.64500e-06 1.39874e+13
1.65500e-06 1.47596e+13
1.66500e-06 1.44850e+13
1.67500e-06 1.35338e+13
1.68500e-06 1.26869e+13
1.69500e-06 1.35690e+13
1.70500e-06 1.33014e+13
1.71500e-06 1.30738e+13
1.72500e-06 1.25366e+13
1.73500e-06 1.10379e+13
1.74500e-06 1.18174e+13
1.75500e-06 1.19222e+13
1.76500e-06 1.17080e+13
1.77500e-06 1.15180e+13
1.78500e-06 1.12704e+13
1.79500e-06 1.10666e+13
1.80500e-06 1.06730e+13
1.81500e-06 9.45044e+12
1.82500e-06 9.95140e+12
1.83500e-06 1.01393e+13
1.84500e-06 9.96214e+12
1.85500e-06 9.73952e+12
1.86500e-06 9.41733e+12
1.87500e-06 8.24823e+12
1.88500e-06 8.99505e+12
1.89500e-06 8.93110e+12
1.90500e-06 8.88752e+12
1.91500e-06 8.70659e+12
1.92500e-06 8.51277e+12
1.93500e-06 8.19631e+12
1.94500e-06 7.22684e+12
1.95500e-06 7.89966e+12
1.96500e-06 7.89166e+12
1.97500e-06 7.75419e+12
1.98500e-06 7.64212e+12
1.99500e-06 7.50295e+12
2.00500e-06 7.37234e+12
2.01500e-06 7.24461e+12
2.02500e-06 7.09588e+12
2.03500e-06 6.95153e+12
2.04500e-06 6.85570e+12
2.05500e-06 6.72848e+12
2.06500e-06 6.58696e+12
2.07500e-06 6.47865e+12
2.08500e-06 6.36700e+12
2.09500e-06 6.24567e+12
2.10500e-06 6.14082e+12
2.11500e-06 6.01686e+12
2.12500e-06 5.90972e+12
2.13500e-06 5.80350e+12
2.14500e-06 5.70177e+12
2.15500e-06 5.52348e+12
2.16500e-06 4.89445e+12
2.17500e-06 5.27966e+12
2.18500e-06 5.30294e+12
2.19500e-06 5.25105e+12
2.20500e-06 5.15061e+12
2.21500e-06 5.06543e+12
2.22500e-06 4.99733e+12
2.23500e-06 4.91334e+12
2.24500e-06 4.83072e+12
2.25500e-06 4.73322e+12
2.26500e-06 4.66751e+12
2.27500e-06 4.59345e+12
2.28500e-06 4.52692e+12
2.29500e-06 4.49664e+12
2.30500e-06 4.43303e+12
2.31500e-06 4.35158e+12
2.32500e-06 4.27771e+12
2.33500e-06 4.19831e+12
2.34500e-06 4.12922e+12
2.35500e-06 4.05741e+12
2.36500e-06 3.98983e+12
2.37500e-06 3.91676e+12
2.38500e-06 3.84988e+12
2.39500e-06 3.78883e+12
2.40500e-06 3.72450e+12
2.41500e-06 3.66226e+12
2.42500e-06 3.60450e+12
2.43500e-06 3.54465e+12
2.44500e-06 3.48755e+12
2.45500e-06 3.43263e+12
2.46500e-06 3.37848e+12
2.47500e-06 3.32934e+12
2.48500e-06 3.27692e+12
2.49500e-06 3.21312e+12
2.50500e-06 3.22042e+12
2.51500e-06 3.15019e+12
2.52500e-06 3.06094e+12
2.53500e-06 3.04680e+12
2.54500e-06 3.01564e+12
2.55500e-06 2.94781e+12
2.56500e-06 2.85610e+12
2.57500e-06 2.87271e+12
2.58500e-06 2.83886e+12
2.59500e-06 2.80214e+12
2.60500e-06 2.72110e+12
2.61500e-06 2.60882e+12
2.62500e-06 2.40932e+12
2.63500e-06 2.58950e+12
2.64500e-06 2.60302e+12
2.65500e-06 2.57024e+12
2.66500e-06 2.50522e+12
2.67500e-06 2.39086e+12
2.68500e-06 2.44431e+12
2.69500e-06 2.43938e+12
2.70500e-06 2.41066e+12
2.71500e-06 2.37950e+12
2.72500e-06 2.34558e+12
2.73500e-06 2.30912e+12
2.74500e-06 2.26108e+12
2.75500e-06 2.12790e+12
2.76500e-06 2.15255e+12
2.77500e-06 2.17776e+12
2.78500e-06 2.15846e+12
2.79500e-06 2.13552e+12
2.80500e-06 2.10701e+12
2.81500e-06 2.07900e+12
2.82500e-06 2.05061e+12
2.83500e-06 2.02333e+12
2.84500e-06 1.98795e+12
2.85500e-06 1.95640e+12
2.86500e-06 1.88948e+12
2.87500e-06 1.77909e+12
2.88500e-06 1.86491e+12
2.89500e-06 1.85910e+12
2.90500e-06 1.84222e+12
2.91500e-06 1.81590e+12
2.92500e-06 1.79514e+12
2.93500e-06 1.77326e+12
2.94500e-06 1.74999e+12
2.95500e-06 1.72807e+12
2.96500e-06 1.70606e+12
2.97500e-06 1.68402e+12
2.98500e-06 1.66282e+12
2.99500e-06 1.64031e+12
3.00500e-06 1.61831e+12
3.01500e-06 1.59338e+12
3.02500e-06 1.56211e+12
3.03500e-06 1.45650e+12
3.04500e-06 1.47006e+12
3.05500e-06 1.50768e+12
3.06500e-06 1.49714e+12
3.07500e-06 1.48340e+12
3.08500e-06 1.46251e+12
3.09500e-06 1.44584e+12
3.10500e-06 1.42849e+12
3.11500e-06 1.40652e+12
3.12500e-06 1.39271e+12
3.13500e-06 1.37664e+12
3.14500e-06 1.35940e+12
3.15500e-06 1.34338e+12
3.16500e-06 1.32889e+12
3.17500e-06 1.31111e+12
3.18500e-06 1.29717e+12
3.19500e-06 1.28172e+12
3.21000e-06 1.25840e+12
3.23000e-06 1.22932e+12
3.25000e-06 1.20004e+12
3.27000e-06 1.16769e+12
3.29000e-06 1.08128e+12
3.31000e-06 1.10006e+12
3.33000e-06 1.09385e+12
3.35000e-06 1.07193e+12
3.37000e-06 1.04485e+12
3.39000e-06 1.02086e+12
3.41000e-06 9.97057e+11
3.43000e-06 9.75825e+11
3.45000e-06 9.55238e+11
3.47000e-06 9.33246e+11
3.49000e-06 9.12775e+11
3.51000e-06 8.92648e+11
3.53000e-06 8.72827e+11
3.55000e-06 8.53992e+11
3.57000e-06 8.34755e+11
3.59000e-06 8.17208e+11
3.61000e-06 7.99592e+11
3.63000e-06 7.83200e+11
3.65000e-06 7.65309e+11
3.67000e-06 7.50502e+11
3.69000e-06 7.30519e+11
3.71000e-06 7.17107e+11
3.73000e-06 6.85014e+11
3.75000e-06 6.62349e+11
3.77000e-06 6.74981e+11
3.79000e-06 6.63260e+11
3.81000e-06 6.46246e+11
3.83000e-06 6.34686e+11
3.85000e-06 6.25974e+11
3.87000e-06 6.12955e+11
3.89000e-06 5.98652e+11
3.91000e-06 5.82046e+11
3.93000e-06 5.77454e+11
3.95000e-06 5.67589e+11
3.97000e-06 5.57008e+11
3.99000e-06 5.44836e+11
4.01000e-06 5.28474e+11
4.03000e-06 5.16816e+11
4.05000e-06 4.90410e+11
4.07000e-06 5.02500e+11
4.09000e-06 4.95480e+11
4.11000e-06 4.87258e+11
4.13000e-06 4.78022e+11
4.15000e-06 4.66667e+11
4.17000e-06 4.49050e+11
4.19000e-06 4.49259e+11
4.21000e-06 4.42641e+11
4.23000e-06 4.36023e+11
4.25000e-06 4.27924e+11
4.27000e-06 4.20392e+11
4.29000e-06 4.12858e+11
4.31000e-06 4.05425e+11
4.33000e-06 3.98011e+11
4.35000e-06 3.89841e+11
4.37000e-06 3.73438e+11
4.39000e-06 3.72897e+11
4.41000e-06 3.70065e+11
4.43000e-06 3.64293e+11
4.45000e-06 3.58001e+11
4.47000e-06 3.52561e+11
4.49000e-06 3.46456e+11
4.51000e-06 3.40630e+11
4.53000e-06 3.34783e+11
4.55000e-06 3.29117e+11
4.57000e-06 3.23447e+11
4.59000e-06 3.17916e+11
4.61000e-06 3.12522e+11
4.63000e-06 3.05874e+11
4.65000e-06 2.86540e+11
4.67000e-06 2.84730e+11
4.69000e-06 2.89774e+11
4.71000e-06 2.87268e+11
4.73000e-06 2.83008e+11
4.75000e-06 2.78292e+11
4.77000e-06 2.73811e+11
4.79000e-06 2.69493e+11
4.81000e-06 2.65140e+11
4.83000e-06 2.60898e+11
4.85000e-06 2.56716e+11
4.87000e-06 2.52642e+11
4.89000e-06 2.48658e+11
4.91000e-06 2.44636e+11
4.93000e-06 2.40873e+11
4.95000e-06 2.37070e+11
4.97000e-06 2.33412e+11
4.99000e-06 2.29759e+11
5.01000e-06 2.26218e+11
5.03000e-06 2.22725e+11
5.05000e-06 2.19324e+11
5.07000e-06 2.15985e+11
5.09000e-06 2.12532e+11
5.11000e-06 2.07769e+11
5.13000e-06 1.97334e+11
5.15000e-06 2.02040e+11
5.17000e-06 2.00071e+11
5.19000e-06 1.97162e+11
5.21000e-06 1.94166e+11
5.23000e-06 1.91320e+11
5.25000e-06 1.88512e+11
5.27000e-06 1.85741e+11
5.29000e-06 1.83020e+11
5.31000e-06 1.80334e+11
5.33000e-06 1.77711e+11
5.35000e-06 1.75121e+11
5.37000e-06 1.72539e+11
5.39000e-06 1.70106e+11
5.41000e-06 1.67680e+11
5.43000e-06 1.65220e+11
5.45000e-06 1.62894e+11
5.47000e-06 1.60471e+11
5.49000e-06 1.58316e+11
5.51000e-06 1.56102e+11
5.53000e-06 1.53878e+11
5.55000e-06 1.51744e+11
5.57000e-06 1.49588e+11
5.59000e-06 1.47398e+11
5.61000e-06 1.45487e+11
5.63000e-06 1.43469e+11
5.65000e-06 1.41522e+11
5.67000e-06 1.39577e+11
5.69000e-06 1.37666e+11
5.71000e-06 1.35802e+11
5.73000e-06 1.33950e+11
5.75000e-06 1.32142e+11
5.77000e-06 1.30345e+11
5.79000e-06 1.28569e+11
5.81000e-06 1.26871e+11
5.83000e-06 1.25193e+11
5.85000e-06 1.23623e+11
5.87000e-06 1.21852e+11
5.89000e-06 1.19246e+11
5.91000e-06 1.13370e+11
5.93000e-06 1.16560e+11
5.95000e-06 1.15480e+11
5.97000e-06 1.14179e+11
5.99000e-06 1.12683e+11
6.01000e-06 1.11194e+11
6.03000e-06 1.09804e+11
6.05000e-06 1.08390e+11
6.07000e-06 1.06982e+11
6.09000e-06 1.05590e+11
6.11000e-06 1.04173e+11
6.13000e-06 1.02943e+11
6.15000e-06 1.01647e+11
6.17000e-06 1.00365e+11
6.19000e-06 9.90886e+10
6.21000e-06 9.78555e+10
6.23000e-06 9.65468e+10
6.25000e-06 9.53956e+10
6.27000e-06 9.41958e+10
6.29000e-06 9.30626e+10
6.31000e-06 9.18605e+10
6.33000e-06 9.07666e+10
6.35000e-06 8.96520e+10
6.37000e-06 8.85598e+10
6.39000e-06 8.74730e+10
6.42000e-06 8.58960e+10
6.46000e-06 8.38137e+10
6.50000e-06 8.17991e+10
6.54000e-06 7.98785e+10
6.58000e-06 7.79879e+10
6.62000e-06 7.61474e+10
6.66000e-06 7.43768e+10
6.70000e-06 7.26463e+10
6.74000e-06 7.09606e+10
6.78000e-06 6.93439e+10
6.82000e-06 6.77594e+10
6.86000e-06 6.62190e+10
6.90000e-06 6.47088e+10
6.94000e-06 6.32556e+10
6.98000e-06 6.18492e+10
7.02000e-06 6.04690e+10
7.06000e-06 5.91373e+10
7.10000e-06 5.78578e+10
7.14000e-06 5.65861e+10
7.18000e-06 5.53552e+10
7.22000e-06 5.41315e+10
7.26000e-06 5.29905e+10
7.30000e-06 5.18734e+10
7.34000e-06 5.07607e+10
7.38000e-06 4.96952e+10
7.42000e-06 4.85758e+10
7.46000e-06 4.63186e+10
7.50000e-06 4.53356e+10
7.54000e-06 4.55841e+10
7.58000e-06 4.47331e+10
7.62000e-06 4.38222e+10
7.66000e-06 4.29298e+10
7.70000e-06 4.20560e+10
7.74000e-06 4.12125e+10
7.78000e-06 4.03865e+10
7.82000e-06 3.95801e+10
7.86000e-06 3.87935e+10
7.90000e-06 3.80268e+10
7.94000e-06 3.72777e+10
7.98000e-06 3.65476e+10
8.02000e-06 3.58313e+10
8.06000e-06 3.51362e+10
8.10000e-06 3.44621e+10
8.14000e-06 3.37928e+10
8.18000e-06 3.31490e+10
8.22000e-06 3.25227e+10
8.26000e-06 3.19053e+10
8.30000e-06 3.13038e+10
8.34000e-06 3.07053e+10
8.38000e-06 3.01296e+10
8.42000e-06 2.95772e+10
8.46000e-06 2.90350e+10
8.50000e-06 2.85022e+10
8.54000e-06 2.79776e+10
8.58000e-06 2.74660e+10
8.62000e-06 2.69658e+10
8.66000e-06 2.64822e+10
8.70000e-06 2.60053e+10
8.74000e-06 2.55380e+10
8.78000e-06 2.50835e+10
8.82000e-06 2.46327e+10
8.86000e-06 2.41992e+10
8.90000e-06 2.37724e+10
8.94000e-06 2.33575e+10
8.98000e-06 2.29452e+10
9.02000e-06 2.25495e+10
9.06000e-06 2.21622e+10
9.10000e-06 2.17754e+10
9.14000e-06 2.14035e+10
9.18000e-06 2.10399e+10
9.22000e-06 2.06827e+10
9.26000e-06 2.03322e+10
9.30000e-06 1.99895e+10
9.34000e-06 1.96528e+10
9.38000e-06 1.93246e+10
9.42000e-06 1.90024e+10
9.46000e-06 1.86872e+10
9.50000e-06 1.83778e+10
9.54000e-06 1.80721e+10
9.58000e-06 1.77798e+10
9.62000e-06 1.74882e+10
9.66000e-06 1.72056e+10
9.70000e-06 1.69270e+10
9.74000e-06 1.66501e+10
9.78000e-06 1.63846e+10
9.82000e-06 1.61221e+10
9.86000e-06 1.58664e+10
9.90000e-06 1.56154e+10
9.94000e-06 1.53676e+10
9.98000e-06 1.51251e+10
1.00200e-05 1.48879e+10
2.00000e-05 9.55577e+08
4.00000e-05 5.95752e+07
6.00000e-05 1.16776e+07
8.00000e-05 3.66806e+06
1.00000e-04 1.49279e+06
1.20000e-04 7.15866e+05
1.40000e-04 3.84496e+05
1.60000e-04 2.24390e+05
