9.09000e-09 0.00000e+00
9.35000e-09 0.00000e+00
9.61000e-09 0.00000e+00
9.77000e-09 0.00000e+00
9.96000e-09 0.00000e+00
1.02000e-08 0.00000e+00
1.03800e-08 0.00000e+00
1.05600e-08 0.00000e+00
1.07700e-08 0.00000e+00
1.10400e-08 0.00000e+00
1.14000e-08 0.00000e+00
1.17800e-08 0.00000e+00
1.21300e-08 0.00000e+00
1.24800e-08 0.00000e+00
1.27100e-08 0.00000e+00
1.28400e-08 0.00000e+00
1.30500e-08 0.00000e+00
1.32400e-08 0.00000e+00
1.33900e-08 0.00000e+00
1.36600e-08 0.00000e+00
1.39800e-08 0.00000e+00
1.43300e-08 0.00000e+00
1.47200e-08 0.00000e+00
1.51000e-08 0.00000e+00
1.55200e-08 0.00000e+00
1.58800e-08 0.00000e+00
1.62000e-08 0.00000e+00
1.66000e-08 0.00000e+00
1.70300e-08 0.00000e+00
1.73400e-08 0.00000e+00
1.76800e-08 0.00000e+00
1.80200e-08 0.00000e+00
1.81700e-08 0.00000e+00
1.86100e-08 0.00000e+00
1.91000e-08 0.00000e+00
1.93900e-08 0.00000e+00
1.98400e-08 0.00000e+00
2.01800e-08 0.00000e+00
2.05000e-08 0.00000e+00
2.10500e-08 0.00000e+00
2.16200e-08 0.00000e+00
2.19800e-08 0.00000e+00
2.23000e-08 0.00000e+00
2.26800e-08 0.00000e+00
2.30000e-08 4.02233e+06
2.34000e-08 8.75020e+06
2.40000e-08 1.76887e+07
2.46500e-08 3.71961e+07
2.52400e-08 7.10933e+07
2.56800e-08 1.06462e+08
2.60000e-08 1.66714e+08
2.64000e-08 2.46051e+08
2.68500e-08 3.84677e+08
2.73500e-08 6.08895e+08
2.78500e-08 9.37330e+08
2.84000e-08 1.64843e+09
2.90000e-08 2.65624e+09
2.96000e-08 4.21827e+09
3.01000e-08 6.04051e+09
3.08000e-08 1.01537e+10
3.18000e-08 2.18925e+10
3.28000e-08 4.00563e+10
3.38000e-08 7.57227e+10
3.48000e-08 1.33631e+11
3.57000e-08 4.77412e+11
3.66000e-08 9.08022e+11
3.75000e-08 1.27123e+12
3.85000e-08 1.98797e+12
3.95000e-08 3.55591e+12
4.05000e-08 4.98242e+12
4.14000e-08 7.04946e+12
4.22000e-08 8.99453e+12
4.30000e-08 1.20073e+13
4.41000e-08 1.68486e+13
4.51000e-08 2.17165e+13
4.60000e-08 2.69551e+13
4.70000e-08 3.58499e+13
4.80000e-08 4.61413e+13
4.90000e-08 5.89793e+13
5.00000e-08 7.35453e+13
5.06000e-08 3.03505e+14
5.12000e-08 1.74523e+15
5.20000e-08 1.81538e+15
5.30000e-08 1.95125e+15
5.40000e-08 1.82900e+15
5.50000e-08 2.68494e+15
5.60000e-08 3.11944e+15
5.70000e-08 3.48855e+15
5.80000e-08 3.27635e+15
5.90000e-08 4.03917e+15
6.00000e-08 4.18275e+15
6.10000e-08 4.82247e+15
6.20000e-08 5.32578e+15
6.30000e-08 5.65352e+15
6.40000e-08 5.56809e+15
6.50000e-08 6.24704e+15
6.58000e-08 6.62518e+15
6.65000e-08 6.87575e+15
6.75000e-08 6.75374e+15
6.85000e-08 6.71535e+15
6.95000e-08 8.24552e+15
7.05000e-08 7.85485e+15
7.16000e-08 8.98220e+15
7.26000e-08 9.14958e+15
7.35000e-08 9.23233e+15
7.45000e-08 1.02412e+16
7.55000e-08 1.06280e+16
7.65000e-08 1.10838e+16
7.75000e-08 1.16345e+16
7.85000e-08 1.22961e+16
7.95000e-08 1.24602e+16
8.05000e-08 1.27293e+16
8.15000e-08 1.28448e+16
8.25000e-08 1.37463e+16
8.35000e-08 1.14009e+16
8.45000e-08 1.38267e+16
8.55000e-08 1.39195e+16
8.65000e-08 1.46146e+16
8.75000e-08 1.52769e+16
8.85000e-08 1.61813e+16
8.95000e-08 1.66589e+16
9.05000e-08 1.64951e+16
9.15000e-08 1.88976e+16
9.25000e-08 9.21281e+16
9.35000e-08 2.09213e+17
9.45000e-08 4.03689e+17
9.55000e-08 4.85688e+17
9.65000e-08 5.72605e+17
9.75000e-08 1.10183e+17
9.85000e-08 4.46380e+17
9.95000e-08 4.06174e+17
1.00500e-07 5.07529e+17
1.01500e-07 5.14289e+17
1.02500e-07 2.73214e+17
1.03500e-07 4.38125e+17
1.04500e-07 6.01030e+17
1.05500e-07 5.55098e+17
1.06500e-07 4.50791e+17
1.07500e-07 4.99004e+17
1.08500e-07 4.42550e+17
1.09500e-07 5.00516e+17
1.10500e-07 4.65396e+17
1.11500e-07 4.56631e+17
1.12500e-07 3.70174e+17
1.13500e-07 4.47231e+17
1.14500e-07 4.09798e+17
1.15500e-07 4.10696e+17
1.16500e-07 3.97597e+17
1.17500e-07 2.42516e+17
1.18500e-07 3.66905e+17
1.19500e-07 3.44169e+17
1.20500e-07 2.92610e+17
1.21500e-07 1.97248e+17
1.22500e-07 3.13610e+17
1.23500e-07 3.50246e+17
1.24500e-07 3.47559e+17
1.25500e-07 3.32139e+17
1.26500e-07 3.37927e+17
1.27500e-07 3.48498e+17
1.28500e-07 3.44989e+17
1.29500e-07 2.97179e+17
1.30500e-07 3.04278e+17
1.31500e-07 3.33588e+17
1.32500e-07 3.12629e+17
1.33500e-07 3.02657e+17
1.34500e-07 3.02484e+17
1.35500e-07 2.98261e+17
1.36500e-07 2.77267e+17
1.37500e-07 2.68586e+17
1.38500e-07 2.60990e+17
1.39500e-07 1.85027e+17
1.40500e-07 1.89954e+17
1.41500e-07 2.34593e+17
1.42500e-07 2.21052e+17
1.43500e-07 2.30825e+17
1.44200e-07 2.33499e+17
1.44700e-07 2.29190e+17
1.45500e-07 2.20839e+17
1.46500e-07 2.04389e+17
1.47500e-07 2.07255e+17
1.48500e-07 2.04866e+17
1.49500e-07 1.99977e+17
1.50500e-07 1.81344e+17
1.51200e-07 1.62234e+17
1.51700e-07 1.66913e+17
1.52500e-07 1.70577e+17
1.53500e-07 1.41820e+17
1.54500e-07 1.31114e+17
1.55500e-07 1.29265e+17
1.56500e-07 1.43490e+17
1.57500e-07 1.52993e+17
1.58500e-07 1.53213e+17
1.59500e-07 1.51446e+17
1.60500e-07 1.51422e+17
1.61500e-07 1.45869e+17
1.62500e-07 1.45135e+17
1.63500e-07 1.52117e+17
1.64500e-07 1.51178e+17
1.65500e-07 1.50663e+17
1.66500e-07 1.50462e+17
1.67200e-07 1.42360e+17
1.67700e-07 1.58431e+17
1.68500e-07 1.51715e+17
1.69500e-07 1.44279e+17
1.70500e-07 1.40414e+17
1.71500e-07 1.33325e+17
1.72500e-07 1.29505e+17
1.73500e-07 1.34124e+17
1.74500e-07 1.31527e+17
1.75500e-07 1.31647e+17
1.76500e-07 1.29446e+17
1.77500e-07 1.21462e+17
1.78500e-07 1.23759e+17
1.79500e-07 1.25050e+17
1.80500e-07 1.25402e+17
1.81500e-07 1.13826e+17
1.82500e-07 1.16832e+17
1.83500e-07 1.13582e+17
1.84500e-07 1.03121e+17
1.85500e-07 1.05311e+17
1.86500e-07 1.06686e+17
1.87500e-07 1.08680e+17
1.88500e-07 9.74666e+16
1.89500e-07 9.04524e+16
1.90500e-07 9.75849e+16
1.91500e-07 9.21325e+16
1.92500e-07 8.67767e+16
1.93500e-07 9.25168e+16
1.94500e-07 9.52187e+16
1.95500e-07 8.48358e+16
1.96700e-07 9.13392e+16
1.97600e-07 9.56150e+16
1.98400e-07 8.83230e+16
1.99500e-07 8.69106e+16
2.00500e-07 8.91074e+16
2.01500e-07 8.84887e+16
2.02500e-07 9.01976e+16
2.03500e-07 8.25141e+16
2.04500e-07 8.33369e+16
2.05500e-07 7.81004e+16
2.06500e-07 7.88318e+16
2.07400e-07 8.51180e+16
2.07800e-07 7.79306e+16
2.08500e-07 8.05011e+16
2.09500e-07 7.56967e+16
2.10500e-07 7.85629e+16
2.11500e-07 7.84744e+16
2.12500e-07 7.88497e+16
2.13500e-07 7.71061e+16
2.14500e-07 7.34960e+16
2.15500e-07 7.59995e+16
2.16500e-07 7.50845e+16
2.17500e-07 7.39473e+16
2.18500e-07 7.20931e+16
2.19500e-07 7.25496e+16
2.20500e-07 7.19403e+16
2.21500e-07 7.07716e+16
2.22500e-07 6.89482e+16
2.23500e-07 6.75852e+16
2.24500e-07 6.78126e+16
2.25500e-07 6.61146e+16
2.26500e-07 6.61878e+16
2.27500e-07 6.51683e+16
2.28500e-07 6.45674e+16
2.29500e-07 6.02086e+16
2.30500e-07 6.23953e+16
2.31500e-07 6.07038e+16
2.32500e-07 5.49322e+16
2.33500e-07 5.84751e+16
2.34500e-07 5.89462e+16
2.35500e-07 5.82014e+16
2.36500e-07 5.75964e+16
2.37500e-07 5.61293e+16
2.38500e-07 5.57099e+16
2.39500e-07 5.48989e+16
2.40500e-07 5.41313e+16
2.41500e-07 5.34798e+16
2.42500e-07 5.31345e+16
2.43500e-07 5.17611e+16
2.44500e-07 5.15529e+16
2.45500e-07 5.13200e+16
2.46500e-07 5.05399e+16
2.47500e-07 4.97492e+16
2.48500e-07 4.87639e+16
2.49500e-07 4.14880e+16
2.50500e-07 4.70458e+16
2.51300e-07 4.50788e+16
2.51800e-07 4.65310e+16
2.52500e-07 4.64027e+16
2.53500e-07 4.59758e+16
2.54500e-07 4.46450e+16
2.55500e-07 4.45675e+16
2.56500e-07 4.41182e+16
2.57500e-07 4.37716e+16
2.58500e-07 4.32284e+16
2.59500e-07 4.27040e+16
2.60500e-07 4.21486e+16
2.61500e-07 4.15145e+16
2.62500e-07 4.11698e+16
2.63500e-07 4.07434e+16
2.64500e-07 4.02130e+16
2.65500e-07 3.99256e+16
2.66500e-07 3.85529e+16
2.67500e-07 3.84700e+16
2.68500e-07 3.83998e+16
2.69500e-07 3.70147e+16
2.70500e-07 3.63353e+16
2.71500e-07 3.62920e+16
2.72500e-07 3.61920e+16
2.73500e-07 3.58180e+16
2.74500e-07 3.51656e+16
2.75500e-07 3.49564e+16
2.76500e-07 3.43881e+16
2.77500e-07 3.45551e+16
2.78500e-07 3.39883e+16
2.79500e-07 3.26913e+16
2.80500e-07 3.28834e+16
2.81500e-07 3.29763e+16
2.82500e-07 3.24487e+16
2.83500e-07 3.13375e+16
2.84500e-07 3.17260e+16
2.85500e-07 3.11649e+16
2.86500e-07 3.10064e+16
2.87500e-07 3.06580e+16
2.88500e-07 3.02766e+16
2.89500e-07 2.98538e+16
2.91000e-07 2.92007e+16
2.93000e-07 2.88065e+16
2.95000e-07 2.79029e+16
2.97000e-07 2.74767e+16
2.99000e-07 2.68192e+16
3.01000e-07 2.58573e+16
3.03000e-07 2.56480e+16
3.05000e-07 2.52074e+16
3.07000e-07 2.47705e+16
3.09000e-07 2.38362e+16
3.11000e-07 2.36708e+16
3.13000e-07 2.30063e+16
3.15000e-07 2.26388e+16
3.17000e-07 2.20680e+16
3.19000e-07 2.15648e+16
3.21000e-07 2.12801e+16
3.23000e-07 2.07693e+16
3.25000e-07 2.04339e+16
3.27000e-07 1.99416e+16
3.29000e-07 1.95356e+16
3.31000e-07 1.91651e+16
3.33000e-07 1.87467e+16
3.35000e-07 1.83872e+16
3.37000e-07 1.80203e+16
3.39000e-07 1.77221e+16
3.41000e-07 1.73707e+16
3.43000e-07 1.68350e+16
3.45000e-07 1.64809e+16
3.47000e-07 1.63124e+16
3.49000e-07 1.60088e+16
3.51000e-07 1.57461e+16
3.53000e-07 1.54926e+16
3.55000e-07 1.51870e+16
3.57000e-07 1.49478e+16
3.59000e-07 1.45169e+16
3.61000e-07 1.42727e+16
3.63000e-07 1.40284e+16
3.64000e-07 1.40034e+16
3.65000e-07 1.38216e+16
3.67000e-07 1.36468e+16
3.69000e-07 1.32198e+16
3.71000e-07 1.25059e+16
3.73000e-07 1.20667e+16
3.75000e-07 1.24278e+16
3.77000e-07 1.22273e+16
3.79000e-07 1.27052e+16
3.81000e-07 1.32127e+16
3.83000e-07 1.17304e+16
3.85000e-07 1.32766e+16
3.87000e-07 1.32157e+16
3.89000e-07 1.08916e+16
3.91000e-07 1.31488e+16
3.93000e-07 1.28001e+16
3.95000e-07 1.25825e+16
3.97000e-07 1.01006e+16
3.99000e-07 1.21431e+16
4.01000e-07 1.21176e+16
4.03000e-07 1.16374e+16
4.05000e-07 1.17198e+16
4.07000e-07 1.11851e+16
4.09000e-07 1.03686e+16
4.11000e-07 9.31361e+15
4.13000e-07 1.06540e+16
4.15000e-07 1.05944e+16
4.17000e-07 1.05420e+16
4.19000e-07 1.04027e+16
4.21000e-07 1.02965e+16
4.23000e-07 1.00715e+16
4.25000e-07 9.80698e+15
4.27000e-07 9.48206e+15
4.29000e-07 9.40429e+15
4.31000e-07 9.09961e+15
4.33000e-07 8.35065e+15
4.35000e-07 7.68871e+15
4.37000e-07 8.66660e+15
4.39000e-07 8.64177e+15
4.41000e-07 8.56066e+15
4.43000e-07 8.46894e+15
4.45000e-07 8.31917e+15
4.47000e-07 7.92644e+15
4.49000e-07 8.06883e+15
4.51000e-07 7.98483e+15
4.53000e-07 7.86308e+15
4.55000e-07 7.73733e+15
4.57000e-07 7.61095e+15
4.59000e-07 7.46716e+15
4.61000e-07 7.29792e+15
4.63000e-07 7.19072e+15
4.65000e-07 6.95477e+15
4.67000e-07 6.97738e+15
4.69000e-07 6.90755e+15
4.71000e-07 6.65151e+15
4.73000e-07 6.68395e+15
4.75000e-07 6.57385e+15
4.77000e-07 6.54864e+15
4.79000e-07 6.43201e+15
4.81000e-07 6.30063e+15
4.83000e-07 6.16524e+15
4.85000e-07 5.73316e+15
4.87000e-07 5.15388e+15
4.89000e-07 5.89466e+15
4.91000e-07 5.84564e+15
4.93000e-07 5.65509e+15
4.95000e-07 5.66453e+15
4.97000e-07 5.62665e+15
4.99000e-07 5.53307e+15
5.01000e-07 5.30437e+15
5.03000e-07 5.36427e+15
5.05000e-07 5.24845e+15
5.07000e-07 5.22310e+15
5.09000e-07 5.13851e+15
5.11000e-07 5.05667e+15
5.13000e-07 4.95447e+15
5.15000e-07 4.89334e+15
5.17000e-07 4.84569e+15
5.19000e-07 4.78310e+15
5.21000e-07 4.71328e+15
5.23000e-07 4.64893e+15
5.25000e-07 4.58378e+15
5.27000e-07 4.51080e+15
5.29000e-07 4.45871e+15
5.31000e-07 4.39286e+15
5.33000e-07 4.33608e+15
5.35000e-07 4.27279e+15
5.37000e-07 4.21908e+15
5.39000e-07 4.15839e+15
5.41000e-07 4.10505e+15
5.43000e-07 4.04841e+15
5.45000e-07 3.99098e+15
5.47000e-07 3.93692e+15
5.49000e-07 3.88341e+15
5.51000e-07 3.83852e+15
5.53000e-07 3.77964e+15
5.55000e-07 3.73728e+15
5.57000e-07 3.68535e+15
5.59000e-07 3.63926e+15
5.61000e-07 3.59013e+15
5.63000e-07 3.54470e+15
5.65000e-07 3.48885e+15
5.67000e-07 3.42795e+15
5.69000e-07 3.37202e+15
5.71000e-07 3.35063e+15
5.73000e-07 3.31202e+15
5.75000e-07 3.25860e+15
5.77000e-07 3.23367e+15
5.79000e-07 3.18991e+15
5.81000e-07 3.15001e+15
5.83000e-07 3.10272e+15
5.85000e-07 3.06844e+15
5.87000e-07 2.94228e+15
5.89000e-07 2.96914e+15
5.91000e-07 2.94670e+15
5.93000e-07 2.90468e+15
5.95000e-07 2.86753e+15
5.97000e-07 2.84813e+15
5.99000e-07 2.80090e+15
6.01000e-07 2.77478e+15
6.03000e-07 2.73558e+15
6.05000e-07 2.70404e+15
6.07000e-07 2.67551e+15
6.09000e-07 2.64334e+15
6.11000e-07 2.61093e+15
6.13000e-07 2.58109e+15
6.15000e-07 2.53913e+15
6.17000e-07 2.51181e+15
6.19000e-07 2.48646e+15
6.21000e-07 2.45904e+15
6.23000e-07 2.43027e+15
6.25000e-07 2.39719e+15
6.27000e-07 2.37051e+15
6.29000e-07 2.34442e+15
6.31000e-07 2.31520e+15
6.33000e-07 2.29016e+15
6.35000e-07 2.25781e+15
6.37000e-07 2.23595e+15
6.39000e-07 2.20943e+15
6.41000e-07 2.18374e+15
6.43000e-07 2.16007e+15
6.45000e-07 2.13456e+15
6.47000e-07 2.10311e+15
6.49000e-07 2.07863e+15
6.51000e-07 2.05823e+15
6.53000e-07 2.02577e+15
6.55000e-07 1.93992e+15
6.56125e-07 1.72102e+15
6.59000e-07 1.93405e+15
6.61000e-07 1.93926e+15
6.63000e-07 1.92424e+15
6.65000e-07 1.90178e+15
6.67000e-07 1.86439e+15
6.69000e-07 1.84358e+15
6.71000e-07 1.84139e+15
6.73000e-07 1.81549e+15
6.75000e-07 1.80037e+15
6.77000e-07 1.78169e+15
6.79000e-07 1.74972e+15
6.81000e-07 1.74019e+15
6.83000e-07 1.72129e+15
6.85000e-07 1.70411e+15
6.87000e-07 1.68550e+15
6.89000e-07 1.66462e+15
6.91000e-07 1.64529e+15
6.93000e-07 1.63134e+15
6.95000e-07 1.61424e+15
6.97000e-07 1.59700e+15
6.99000e-07 1.57955e+15
7.01000e-07 1.56273e+15
7.03000e-07 1.54569e+15
7.05000e-07 1.52951e+15
7.07000e-07 1.48959e+15
7.09000e-07 1.49754e+15
7.11000e-07 1.47370e+15
7.13000e-07 1.45966e+15
7.15000e-07 1.45069e+15
7.17000e-07 1.43543e+15
7.19000e-07 1.42083e+15
7.21000e-07 1.40600e+15
7.23000e-07 1.37387e+15
7.25000e-07 1.37476e+15
7.27000e-07 1.36264e+15
7.29000e-07 1.33689e+15
7.31000e-07 1.33445e+15
7.33000e-07 1.32051e+15
7.35000e-07 1.30755e+15
7.37000e-07 1.29436e+15
7.39000e-07 1.28122e+15
7.41000e-07 1.26821e+15
7.43000e-07 1.25504e+15
7.45000e-07 1.24268e+15
7.47000e-07 1.22591e+15
7.49000e-07 1.21722e+15
7.51000e-07 1.20493e+15
7.53000e-07 1.19263e+15
7.55000e-07 1.18176e+15
7.57000e-07 1.17000e+15
7.59000e-07 1.15822e+15
7.61000e-07 1.14511e+15
7.63000e-07 1.13530e+15
7.65000e-07 1.12422e+15
7.67000e-07 1.11343e+15
7.69000e-07 1.10224e+15
7.71000e-07 1.09120e+15
7.73000e-07 1.08058e+15
7.75000e-07 1.07043e+15
7.77000e-07 1.05719e+15
7.79000e-07 1.05003e+15
7.81000e-07 1.03904e+15
7.83000e-07 1.02987e+15
7.85000e-07 1.02010e+15
7.87000e-07 1.00787e+15
7.89000e-07 9.96774e+14
7.91000e-07 9.89512e+14
7.93000e-07 9.79315e+14
7.95000e-07 9.70758e+14
7.97000e-07 9.61503e+14
7.99000e-07 9.52860e+14
8.01000e-07 9.43175e+14
8.03000e-07 9.35152e+14
8.05000e-07 9.26907e+14
8.07000e-07 9.18906e+14
8.09000e-07 9.08612e+14
8.11000e-07 8.96460e+14
8.13000e-07 8.93708e+14
8.15000e-07 8.83655e+14
8.17000e-07 8.77302e+14
8.19000e-07 8.66115e+14
8.21000e-07 8.54746e+14
8.23000e-07 8.46481e+14
8.25000e-07 8.42990e+14
8.27000e-07 8.28728e+14
8.29000e-07 8.27256e+14
8.31000e-07 8.20441e+14
8.33000e-07 8.12977e+14
8.35000e-07 8.03360e+14
8.37000e-07 7.95492e+14
8.39000e-07 7.91651e+14
8.41000e-07 7.83203e+14
8.43000e-07 7.73023e+14
8.45000e-07 7.61349e+14
8.47000e-07 7.58860e+14
8.49000e-07 7.49069e+14
8.51000e-07 7.41131e+14
8.53000e-07 7.36780e+14
8.55000e-07 7.21123e+14
8.57000e-07 7.32739e+14
8.59000e-07 7.03854e+14
8.61000e-07 7.01706e+14
8.63000e-07 7.20259e+14
8.65000e-07 6.97698e+14
8.67000e-07 6.63410e+14
8.69000e-07 6.98674e+14
8.71000e-07 7.02719e+14
8.73000e-07 6.80472e+14
8.75000e-07 6.28798e+14
8.77000e-07 6.59584e+14
8.79000e-07 6.80136e+14
8.81000e-07 6.77052e+14
8.83000e-07 6.66692e+14
8.85000e-07 6.27559e+14
8.87000e-07 5.89443e+14
8.89000e-07 6.42517e+14
8.91000e-07 6.48557e+14
8.93000e-07 6.44805e+14
8.95000e-07 6.41033e+14
8.97000e-07 6.33589e+14
8.99000e-07 6.11755e+14
9.01000e-07 5.52797e+14
9.03000e-07 5.74976e+14
9.05000e-07 6.07074e+14
9.07000e-07 6.03072e+14
9.09000e-07 6.02974e+14
9.11000e-07 6.00829e+14
9.13000e-07 5.96391e+14
9.15000e-07 5.90457e+14
9.17000e-07 5.83001e+14
9.19000e-07 5.76050e+14
9.21000e-07 5.49657e+14
9.23000e-07 4.88596e+14
9.25000e-07 5.39234e+14
9.27000e-07 5.54401e+14
9.29000e-07 5.55727e+14
9.31000e-07 5.50256e+14
9.33000e-07 5.47207e+14
9.35000e-07 5.43835e+14
9.37000e-07 5.39885e+14
9.39000e-07 5.35579e+14
9.41000e-07 5.30710e+14
9.43000e-07 5.26724e+14
9.45000e-07 5.22135e+14
9.47000e-07 5.14428e+14
9.49000e-07 5.11635e+14
9.51000e-07 4.99863e+14
9.53000e-07 4.76529e+14
9.55000e-07 4.27239e+14
9.57000e-07 4.78930e+14
9.59000e-07 4.89305e+14
9.61000e-07 4.86495e+14
9.63000e-07 4.82121e+14
9.65000e-07 4.82349e+14
9.67000e-07 4.78463e+14
9.69000e-07 4.74162e+14
9.71000e-07 4.68655e+14
9.73000e-07 4.67128e+14
9.75000e-07 4.63430e+14
9.77000e-07 4.59956e+14
9.79000e-07 4.56232e+14
9.81000e-07 4.52259e+14
9.83000e-07 4.49173e+14
9.85000e-07 4.45487e+14
9.87000e-07 4.41673e+14
9.89000e-07 4.37731e+14
9.91000e-07 4.32475e+14
9.93000e-07 4.31958e+14
9.95000e-07 4.28472e+14
9.97000e-07 4.24254e+14
9.99000e-07 4.20405e+14
1.00250e-06 3.96783e+14
1.00750e-06 3.83576e+14
1.01250e-06 3.98244e+14
1.01750e-06 3.93321e+14
1.02250e-06 3.85773e+14
1.02750e-06 3.78744e+14
1.03250e-06 3.70173e+14
1.03750e-06 3.64899e+14
1.04250e-06 3.58218e+14
1.04750e-06 3.51647e+14
1.05250e-06 3.45118e+14
1.05750e-06 3.38965e+14
1.06250e-06 3.32848e+14
1.06750e-06 3.26267e+14
1.07250e-06 3.21031e+14
1.07750e-06 3.15293e+14
1.08250e-06 3.06257e+14
1.08750e-06 3.02794e+14
1.09250e-06 2.73528e+14
1.09750e-06 2.85923e+14
1.10250e-06 2.86608e+14
1.10750e-06 2.83516e+14
1.11250e-06 2.78627e+14
1.11750e-06 2.73870e+14
1.12250e-06 2.69026e+14
1.12750e-06 2.64396e+14
1.13250e-06 2.59705e+14
1.13750e-06 2.55619e+14
1.14250e-06 2.51210e+14
1.14750e-06 2.47166e+14
1.15250e-06 2.43069e+14
1.15750e-06 2.38854e+14
1.16250e-06 2.35008e+14
1.16750e-06 2.30971e+14
1.17250e-06 2.27399e+14
1.17750e-06 2.23630e+14
1.18250e-06 2.20010e+14
1.18750e-06 2.16473e+14
1.19250e-06 2.12977e+14
1.19750e-06 2.08039e+14
1.20250e-06 2.06177e+14
1.20750e-06 2.02902e+14
1.21250e-06 1.99659e+14
1.21750e-06 1.96502e+14
1.22250e-06 1.93403e+14
1.22750e-06 1.90376e+14
1.23250e-06 1.87376e+14
1.23750e-06 1.84448e+14
1.24250e-06 1.81615e+14
1.24750e-06 1.78550e+14
1.25250e-06 1.75571e+14
1.25750e-06 1.73248e+14
1.26250e-06 1.70628e+14
1.26750e-06 1.68086e+14
1.27250e-06 1.65337e+14
1.27750e-06 1.59627e+14
1.28250e-06 1.46954e+14
1.28750e-06 1.56812e+14
1.29250e-06 1.55678e+14
1.29750e-06 1.52600e+14
1.30250e-06 1.51131e+14
1.30750e-06 1.48982e+14
1.31250e-06 1.46788e+14
1.31750e-06 1.44617e+14
1.32250e-06 1.42517e+14
1.32750e-06 1.40441e+14
1.33250e-06 1.38351e+14
1.33750e-06 1.36333e+14
1.34250e-06 1.34254e+14
1.34750e-06 1.32485e+14
1.35250e-06 1.30536e+14
1.35750e-06 1.28725e+14
1.36250e-06 1.26810e+14
1.36750e-06 1.25095e+14
1.37250e-06 1.23261e+14
1.37750e-06 1.21620e+14
1.38250e-06 1.19916e+14
1.38750e-06 1.18227e+14
1.39250e-06 1.16486e+14
1.39750e-06 1.14930e+14
1.40250e-06 1.13333e+14
1.40750e-06 1.11831e+14
1.41250e-06 1.10272e+14
1.41750e-06 1.08774e+14
1.42250e-06 1.07305e+14
1.42750e-06 1.05835e+14
1.43250e-06 1.04400e+14
1.43750e-06 1.02984e+14
1.44250e-06 1.01622e+14
1.44750e-06 1.00259e+14
1.45250e-06 9.89058e+13
1.45700e-06 9.77315e+13
1.46200e-06 9.64473e+13
1.46750e-06 9.50574e+13
1.47250e-06 9.38101e+13
1.47750e-06 9.25722e+13
1.48250e-06 9.13763e+13
1.48750e-06 9.01876e+13
1.49250e-06 8.90194e+13
1.49750e-06 8.78531e+13
1.50250e-06 8.67087e+13
1.50750e-06 8.54001e+13
1.51250e-06 8.44362e+13
1.51750e-06 8.33425e+13
1.52250e-06 8.22076e+13
1.52750e-06 8.11149e+13
1.53250e-06 7.99994e+13
1.53750e-06 7.90448e+13
1.54250e-06 7.78508e+13
1.54750e-06 7.70402e+13
1.55250e-06 7.59883e+13
1.55750e-06 7.47526e+13
1.56250e-06 7.44571e+13
1.56750e-06 7.29494e+13
1.57250e-06 7.18250e+13
1.57750e-06 7.18715e+13
1.58250e-06 7.08404e+13
1.58750e-06 6.85532e+13
1.59250e-06 6.87830e+13
1.59750e-06 6.86867e+13
1.60500e-06 6.69363e+13
1.61500e-06 6.45312e+13
1.62500e-06 6.43058e+13
1.63500e-06 6.20884e+13
1.64500e-06 5.97863e+13
1.65500e-06 5.99517e+13
1.66500e-06 5.85882e+13
1.67500e-06 5.63694e+13
1.68500e-06 5.41393e+13
1.69500e-06 5.45894e+13
1.70500e-06 5.30917e+13
1.71500e-06 5.21862e+13
1.72500e-06 5.09005e+13
1.73500e-06 4.76172e+13
1.74500e-06 4.84116e+13
1.75500e-06 4.76768e+13
1.76500e-06 4.66253e+13
1.77500e-06 4.55981e+13
1.78500e-06 4.45613e+13
1.79500e-06 4.36394e+13
1.80500e-06 4.26079e+13
1.81500e-06 3.98776e+13
1.82500e-06 4.03931e+13
1.83500e-06 4.00111e+13
1.84500e-06 3.91668e+13
1.85500e-06 3.82870e+13
1.86500e-06 3.71951e+13
1.87500e-06 3.49884e+13
1.88500e-06 3.59276e+13
1.89500e-06 3.52399e+13
1.90500e-06 3.44090e+13
1.91500e-06 3.38359e+13
1.92500e-06 3.31528e+13
1.93500e-06 3.23472e+13
1.94500e-06 3.00894e+13
1.95500e-06 3.10175e+13
1.96500e-06 3.05757e+13
1.97500e-06 2.99714e+13
1.98500e-06 2.93814e+13
1.99500e-06 2.88055e+13
2.00500e-06 2.82434e+13
2.01500e-06 2.76956e+13
2.02500e-06 2.71609e+13
2.03500e-06 2.66390e+13
2.04500e-06 2.61187e+13
2.05500e-06 2.55743e+13
2.06500e-06 2.51461e+13
2.07500e-06 2.46699e+13
2.08500e-06 2.42085e+13
2.09500e-06 2.37539e+13
2.10500e-06 2.33119e+13
2.11500e-06 2.27796e+13
2.12500e-06 2.24614e+13
2.13500e-06 2.20481e+13
2.14500e-06 2.16383e+13
2.15500e-06 2.11735e+13
2.16500e-06 1.96900e+13
2.17500e-06 2.03487e+13
2.18500e-06 2.01092e+13
2.19500e-06 1.97653e+13
2.20500e-06 1.94145e+13
2.21500e-06 1.90706e+13
2.22500e-06 1.87284e+13
2.23500e-06 1.84058e+13
2.24500e-06 1.80845e+13
2.25500e-06 1.77696e+13
2.26500e-06 1.74618e+13
2.27500e-06 1.71608e+13
2.28500e-06 1.68811e+13
2.29500e-06 1.66477e+13
2.30500e-06 1.63589e+13
2.31500e-06 1.60858e+13
2.32500e-06 1.58139e+13
2.33500e-06 1.55481e+13
2.34500e-06 1.52685e+13
2.35500e-06 1.49965e+13
2.36500e-06 1.47399e+13
2.37500e-06 1.44905e+13
2.38500e-06 1.42494e+13
2.39500e-06 1.40032e+13
2.40500e-06 1.37717e+13
2.41500e-06 1.35442e+13
2.42500e-06 1.33193e+13
2.43500e-06 1.31015e+13
2.44500e-06 1.28818e+13
2.45500e-06 1.26851e+13
2.46500e-06 1.24690e+13
2.47500e-06 1.22565e+13
2.48500e-06 1.20952e+13
2.49500e-06 1.18689e+13
2.50500e-06 1.17732e+13
2.51500e-06 1.15481e+13
2.52500e-06 1.12961e+13
2.53500e-06 1.11755e+13
2.54500e-06 1.10291e+13
2.55500e-06 1.08258e+13
2.56500e-06 1.05789e+13
2.57500e-06 1.05088e+13
2.58500e-06 1.03882e+13
2.59500e-06 1.02154e+13
2.60500e-06 9.99281e+12
2.61500e-06 9.70828e+12
2.62500e-06 9.20856e+12
2.63500e-06 9.55279e+12
2.64500e-06 9.48069e+12
2.65500e-06 9.33031e+12
2.66500e-06 9.15115e+12
2.67500e-06 8.86700e+12
2.68500e-06 8.88051e+12
2.69500e-06 8.80850e+12
2.70500e-06 8.68325e+12
2.71500e-06 8.55757e+12
2.72500e-06 8.43348e+12
2.73500e-06 8.31149e+12
2.74500e-06 8.16105e+12
2.75500e-06 7.86416e+12
2.76500e-06 7.85222e+12
2.77500e-06 7.83438e+12
2.78500e-06 7.73548e+12
2.79500e-06 7.62621e+12
2.80500e-06 7.51783e+12
2.81500e-06 7.41364e+12
2.82500e-06 7.30979e+12
2.83500e-06 7.20816e+12
2.84500e-06 7.10824e+12
2.85500e-06 6.99660e+12
2.86500e-06 6.83172e+12
2.87500e-06 6.57280e+12
2.88500e-06 6.69116e+12
2.89500e-06 6.63243e+12
2.90500e-06 6.54310e+12
2.91500e-06 6.45439e+12
2.92500e-06 6.36718e+12
2.93500e-06 6.28145e+12
2.94500e-06 6.19716e+12
2.95500e-06 6.11430e+12
2.96500e-06 6.03285e+12
2.97500e-06 5.95277e+12
2.98500e-06 5.87406e+12
2.99500e-06 5.79626e+12
3.00500e-06 5.72020e+12
3.01500e-06 5.64211e+12
3.02500e-06 5.55135e+12
3.03500e-06 5.30788e+12
3.04500e-06 5.30436e+12
3.05500e-06 5.34356e+12
3.06500e-06 5.28749e+12
3.07500e-06 5.21651e+12
3.08500e-06 5.15147e+12
3.09500e-06 5.08716e+12
3.10500e-06 5.02241e+12
3.11500e-06 4.95799e+12
3.12500e-06 4.89468e+12
3.13500e-06 4.83398e+12
3.14500e-06 4.77320e+12
3.15500e-06 4.71347e+12
3.16500e-06 4.65440e+12
3.17500e-06 4.59672e+12
3.18500e-06 4.53968e+12
3.19500e-06 4.48326e+12
3.21000e-06 4.40051e+12
3.23000e-06 4.29310e+12
3.25000e-06 4.18906e+12
3.27000e-06 4.08548e+12
3.29000e-06 3.86681e+12
3.31000e-06 3.86974e+12
3.33000e-06 3.80947e+12
3.35000e-06 3.72081e+12
3.37000e-06 3.63366e+12
3.39000e-06 3.54895e+12
3.41000e-06 3.46694e+12
3.43000e-06 3.38692e+12
3.45000e-06 3.30947e+12
3.47000e-06 3.23420e+12
3.49000e-06 3.16074e+12
3.51000e-06 3.08782e+12
3.53000e-06 3.01462e+12
3.55000e-06 2.94733e+12
3.57000e-06 2.88100e+12
3.59000e-06 2.81792e+12
3.61000e-06 2.75507e+12
3.63000e-06 2.69571e+12
3.65000e-06 2.63588e+12
3.67000e-06 2.58136e+12
3.69000e-06 2.52161e+12
3.71000e-06 2.46729e+12
3.73000e-06 2.37987e+12
3.75000e-06 2.31252e+12
3.77000e-06 2.31945e+12
3.79000e-06 2.27545e+12
3.81000e-06 2.21809e+12
3.83000e-06 2.17344e+12
3.85000e-06 2.13772e+12
3.87000e-06 2.09403e+12
3.89000e-06 2.04644e+12
3.91000e-06 1.99411e+12
3.93000e-06 1.96740e+12
3.95000e-06 1.92988e+12
3.97000e-06 1.89150e+12
3.99000e-06 1.85399e+12
4.01000e-06 1.80487e+12
4.03000e-06 1.76267e+12
4.05000e-06 1.69294e+12
4.07000e-06 1.71041e+12
4.09000e-06 1.67965e+12
4.11000e-06 1.64726e+12
4.13000e-06 1.61407e+12
4.15000e-06 1.58112e+12
4.17000e-06 1.53193e+12
4.19000e-06 1.52118e+12
4.21000e-06 1.49658e+12
4.23000e-06 1.46855e+12
4.25000e-06 1.44032e+12
4.27000e-06 1.41440e+12
4.29000e-06 1.38567e+12
4.31000e-06 1.36274e+12
4.33000e-06 1.33776e+12
4.35000e-06 1.31199e+12
4.37000e-06 1.26764e+12
4.39000e-06 1.25705e+12
4.41000e-06 1.24345e+12
4.43000e-06 1.22121e+12
4.45000e-06 1.19945e+12
4.47000e-06 1.17943e+12
4.49000e-06 1.15857e+12
4.51000e-06 1.13819e+12
4.53000e-06 1.11823e+12
4.55000e-06 1.09874e+12
4.57000e-06 1.07965e+12
4.59000e-06 1.06098e+12
4.61000e-06 1.04230e+12
4.63000e-06 1.02275e+12
4.65000e-06 9.68444e+11
4.67000e-06 9.62343e+11
4.69000e-06 9.66930e+11
4.71000e-06 9.57004e+11
4.73000e-06 9.40963e+11
4.75000e-06 9.25192e+11
4.77000e-06 9.09816e+11
4.79000e-06 8.94747e+11
4.81000e-06 8.79962e+11
4.83000e-06 8.65487e+11
4.85000e-06 8.51317e+11
4.87000e-06 8.37429e+11
4.89000e-06 8.23819e+11
4.91000e-06 8.10480e+11
4.93000e-06 7.97422e+11
4.95000e-06 7.84626e+11
4.97000e-06 7.72071e+11
4.99000e-06 7.59767e+11
5.01000e-06 7.47709e+11
5.03000e-06 7.35894e+11
5.05000e-06 7.24315e+11
5.07000e-06 7.12955e+11
5.09000e-06 7.01808e+11
5.11000e-06 6.87395e+11
5.13000e-06 6.59041e+11
5.15000e-06 6.67369e+11
5.17000e-06 6.59369e+11
5.19000e-06 6.49276e+11
5.21000e-06 6.39374e+11
5.23000e-06 6.29645e+11
5.25000e-06 6.20114e+11
5.27000e-06 6.10750e+11
5.29000e-06 6.01563e+11
5.31000e-06 5.92551e+11
5.33000e-06 5.83710e+11
5.35000e-06 5.75023e+11
5.37000e-06 5.66502e+11
5.39000e-06 5.58143e+11
5.41000e-06 5.49931e+11
5.43000e-06 5.41875e+11
5.45000e-06 5.33961e+11
5.47000e-06 5.26185e+11
5.49000e-06 5.18559e+11
5.51000e-06 5.11066e+11
5.53000e-06 5.03705e+11
5.55000e-06 4.96486e+11
5.57000e-06 4.89393e+11
5.59000e-06 4.82425e+11
5.61000e-06 4.75580e+11
5.63000e-06 4.68855e+11
5.65000e-06 4.62238e+11
5.67000e-06 4.55748e+11
5.69000e-06 4.49373e+11
5.71000e-06 4.43111e+11
5.73000e-06 4.36948e+11
5.75000e-06 4.30894e+11
5.77000e-06 4.24948e+11
5.79000e-06 4.19095e+11
5.81000e-06 4.13358e+11
5.83000e-06 4.07711e+11
5.85000e-06 4.02407e+11
5.87000e-06 3.96936e+11
5.89000e-06 3.89033e+11
5.91000e-06 3.72329e+11
5.93000e-06 3.79581e+11
5.95000e-06 3.76002e+11
5.97000e-06 3.70992e+11
5.99000e-06 3.66051e+11
6.01000e-06 3.61199e+11
6.03000e-06 3.56424e+11
6.05000e-06 3.51735e+11
6.07000e-06 3.47110e+11
6.09000e-06 3.42569e+11
6.11000e-06 3.38100e+11
6.13000e-06 3.33712e+11
6.15000e-06 3.29383e+11
6.17000e-06 3.25124e+11
6.19000e-06 3.20942e+11
6.21000e-06 3.16816e+11
6.23000e-06 3.12767e+11
6.25000e-06 3.08772e+11
6.27000e-06 3.04850e+11
6.29000e-06 3.00982e+11
6.31000e-06 2.97184e+11
6.33000e-06 2.93438e+11
6.35000e-06 2.89752e+11
6.37000e-06 2.86125e+11
6.39000e-06 2.82556e+11
6.42000e-06 2.77299e+11
6.46000e-06 2.70481e+11
6.50000e-06 2.63881e+11
6.54000e-06 2.57465e+11
6.58000e-06 2.51256e+11
6.62000e-06 2.45228e+11
6.66000e-06 2.39378e+11
6.70000e-06 2.33700e+11
6.74000e-06 2.28190e+11
6.78000e-06 2.22842e+11
6.82000e-06 2.17652e+11
6.86000e-06 2.12607e+11
6.90000e-06 2.07712e+11
6.94000e-06 2.02955e+11
6.98000e-06 1.98331e+11
7.02000e-06 1.93845e+11
7.06000e-06 1.89478e+11
7.10000e-06 1.85234e+11
7.14000e-06 1.81110e+11
7.18000e-06 1.77095e+11
7.22000e-06 1.73202e+11
7.26000e-06 1.69404e+11
7.30000e-06 1.65715e+11
7.34000e-06 1.62123e+11
7.38000e-06 1.58628e+11
7.42000e-06 1.54883e+11
7.46000e-06 1.48434e+11
7.50000e-06 1.44852e+11
7.54000e-06 1.45360e+11
7.58000e-06 1.42506e+11
7.62000e-06 1.39528e+11
7.66000e-06 1.36630e+11
7.70000e-06 1.33803e+11
7.74000e-06 1.31053e+11
7.78000e-06 1.28371e+11
7.82000e-06 1.25761e+11
7.86000e-06 1.23216e+11
7.90000e-06 1.20728e+11
7.94000e-06 1.18307e+11
7.98000e-06 1.15947e+11
8.02000e-06 1.13645e+11
8.06000e-06 1.11401e+11
8.10000e-06 1.09206e+11
8.14000e-06 1.07073e+11
8.18000e-06 1.04986e+11
8.22000e-06 1.02952e+11
8.26000e-06 1.00964e+11
8.30000e-06 9.90305e+10
8.34000e-06 9.71350e+10
8.38000e-06 9.52872e+10
8.42000e-06 9.34860e+10
8.46000e-06 9.17250e+10
8.50000e-06 9.00034e+10
8.54000e-06 8.83254e+10
8.58000e-06 8.66850e+10
8.62000e-06 8.50813e+10
8.66000e-06 8.35135e+10
8.70000e-06 8.19858e+10
8.74000e-06 8.04874e+10
8.78000e-06 7.90276e+10
8.82000e-06 7.76005e+10
8.86000e-06 7.62007e+10
8.90000e-06 7.48372e+10
8.94000e-06 7.35044e+10
8.98000e-06 7.21970e+10
9.02000e-06 7.09191e+10
9.06000e-06 6.96700e+10
9.10000e-06 6.84493e+10
9.14000e-06 6.72562e+10
9.18000e-06 6.60858e+10
9.22000e-06 6.49419e+10
9.26000e-06 6.38241e+10
9.30000e-06 6.27318e+10
9.34000e-06 6.16601e+10
9.38000e-06 6.06087e+10
9.42000e-06 5.95814e+10
9.46000e-06 5.85776e+10
9.50000e-06 5.75928e+10
9.54000e-06 5.66307e+10
9.58000e-06 5.56867e+10
9.62000e-06 5.47646e+10
9.66000e-06 5.38598e+10
9.70000e-06 5.29721e+10
9.74000e-06 5.21050e+10
9.78000e-06 5.12543e+10
9.82000e-06 5.04196e+10
9.86000e-06 4.96045e+10
9.90000e-06 4.88047e+10
9.94000e-06 4.80199e+10
9.98000e-06 4.72500e+10
1.00200e-05 4.64982e+10
2.00000e-05 2.88557e+09
4.00000e-05 1.76378e+08
6.00000e-05 3.43191e+07
8.00000e-05 1.07398e+07
1.00000e-04 4.36066e+06
1.20000e-04 2.08772e+06
1.40000e-04 1.12002e+06
1.60000e-04 6.53068e+05
