9.09000e-09 3.02358e-12
9.35000e-09 1.95884e-11
9.61000e-09 1.15525e-10
9.77000e-09 3.29693e-10
9.96000e-09 1.09964e-09
1.02000e-08 4.74788e-09
1.03800e-08 1.36896e-08
1.05600e-08 3.81144e-08
1.07700e-08 1.20918e-07
1.10400e-08 5.01167e-07
1.14000e-08 3.03825e-06
1.17800e-08 1.82710e-05
1.21300e-08 8.66211e-05
1.24800e-08 3.77745e-04
1.27100e-08 9.52810e-04
1.28400e-08 1.58472e-03
1.30500e-08 3.52922e-03
1.32400e-08 7.13111e-03
1.33900e-08 1.22522e-02
1.36600e-08 3.15484e-02
1.39800e-08 9.23936e-02
1.43300e-08 2.83279e-01
1.47200e-08 9.26689e-01
1.51000e-08 2.77232e+00
1.55200e-08 8.73640e+00
1.58800e-08 2.22625e+01
1.62000e-08 4.93924e+01
1.66000e-08 1.28054e+02
1.70300e-08 3.38565e+02
1.73400e-08 6.63260e+02
1.76800e-08 1.34756e+03
1.80200e-08 2.66491e+03
1.81700e-08 3.57310e+03
1.86100e-08 8.21170e+03
1.91000e-08 1.98305e+04
1.93900e-08 3.27149e+04
1.98400e-08 6.91164e+04
2.01800e-08 1.18940e+05
2.05000e-08 1.95030e+05
2.10500e-08 4.41234e+05
2.16200e-08 9.83687e+05
2.19800e-08 1.59981e+06
2.23000e-08 2.43194e+06
2.26800e-08 4.00700e+06
2.30000e-08 8.73174e+08
2.34000e-08 1.90354e+09
2.40000e-08 3.32092e+09
2.46500e-08 6.12239e+09
2.52400e-08 1.05096e+10
2.56800e-08 1.46451e+10
2.60000e-08 2.34899e+10
2.64000e-08 3.52736e+10
2.68500e-08 5.28054e+10
2.73500e-08 7.65878e+10
2.78500e-08 1.05648e+11
2.84000e-08 2.05021e+11
2.90000e-08 3.06939e+11
2.96000e-08 4.35655e+11
3.01000e-08 5.93406e+11
3.08000e-08 1.07367e+12
3.18000e-08 2.23645e+12
3.28000e-08 3.53570e+12
3.38000e-08 6.16288e+12
3.48000e-08 9.88613e+12
3.57000e-08 2.39800e+13
3.66000e-08 4.44322e+13
3.75000e-08 5.72041e+13
3.85000e-08 8.42011e+13
3.95000e-08 1.44366e+14
4.05000e-08 1.86033e+14
4.14000e-08 2.50200e+14
4.22000e-08 2.93859e+14
4.30000e-08 3.61857e+14
4.41000e-08 4.70039e+14
4.51000e-08 5.63407e+14
4.60000e-08 6.45801e+14
4.70000e-08 8.00838e+14
4.80000e-08 9.71258e+14
4.90000e-08 1.14973e+15
5.00000e-08 1.37709e+15
5.06000e-08 3.94570e+15
5.12000e-08 2.41607e+16
5.20000e-08 2.32099e+16
5.30000e-08 2.21894e+16
5.40000e-08 1.96052e+16
5.50000e-08 2.62765e+16
5.60000e-08 3.10022e+16
5.70000e-08 3.26036e+16
5.80000e-08 2.97185e+16
5.90000e-08 3.33170e+16
6.00000e-08 3.01939e+16
6.10000e-08 3.55267e+16
6.20000e-08 4.02222e+16
6.30000e-08 4.04409e+16
6.40000e-08 3.96091e+16
6.50000e-08 4.17828e+16
6.58000e-08 4.08269e+16
6.65000e-08 4.32568e+16
6.75000e-08 4.35118e+16
6.85000e-08 3.88505e+16
6.95000e-08 4.81207e+16
7.05000e-08 4.04370e+16
7.16000e-08 5.11742e+16
7.26000e-08 5.05225e+16
7.35000e-08 5.04072e+16
7.45000e-08 5.30087e+16
7.55000e-08 5.32469e+16
7.65000e-08 5.36219e+16
7.75000e-08 5.58286e+16
7.85000e-08 5.82313e+16
7.95000e-08 5.80255e+16
8.05000e-08 5.74376e+16
8.15000e-08 5.72845e+16
8.25000e-08 6.01330e+16
8.35000e-08 4.74036e+16
8.45000e-08 5.85389e+16
8.55000e-08 5.83835e+16
8.65000e-08 6.04652e+16
8.75000e-08 6.15562e+16
8.85000e-08 6.36987e+16
8.95000e-08 6.46818e+16
9.05000e-08 6.32925e+16
9.15000e-08 6.66503e+16
9.25000e-08 2.65557e+17
9.35000e-08 4.85099e+17
9.45000e-08 7.41670e+17
9.55000e-08 8.12964e+17
9.65000e-08 9.25497e+17
9.75000e-08 2.71044e+17
9.85000e-08 7.10613e+17
9.95000e-08 6.30798e+17
1.00500e-07 7.42402e+17
1.01500e-07 7.68655e+17
1.02500e-07 5.19830e+17
1.03500e-07 7.12683e+17
1.04500e-07 8.66391e+17
1.05500e-07 8.13591e+17
1.06500e-07 6.82198e+17
1.07500e-07 7.23616e+17
1.08500e-07 6.62272e+17
1.09500e-07 7.17784e+17
1.10500e-07 6.81556e+17
1.11500e-07 6.71174e+17
1.12500e-07 5.58060e+17
1.13500e-07 6.39686e+17
1.14500e-07 5.99424e+17
1.15500e-07 5.88186e+17
1.16500e-07 5.62948e+17
1.17500e-07 3.59396e+17
1.18500e-07 5.12126e+17
1.19500e-07 4.92353e+17
1.20500e-07 4.59774e+17
1.21500e-07 3.36734e+17
1.22500e-07 4.53395e+17
1.23500e-07 4.89974e+17
1.24500e-07 4.84152e+17
1.25500e-07 4.67665e+17
1.26500e-07 4.77604e+17
1.27500e-07 4.88449e+17
1.28500e-07 4.85918e+17
1.29500e-07 4.45623e+17
1.30500e-07 4.46894e+17
1.31500e-07 4.72257e+17
1.32500e-07 4.49384e+17
1.33500e-07 4.36293e+17
1.34500e-07 4.33432e+17
1.35500e-07 4.26217e+17
1.36500e-07 4.04972e+17
1.37500e-07 3.93623e+17
1.38500e-07 3.80202e+17
1.39500e-07 2.69574e+17
1.40500e-07 2.61494e+17
1.41500e-07 3.51061e+17
1.42500e-07 3.21124e+17
1.43500e-07 3.39368e+17
1.44200e-07 3.39070e+17
1.44700e-07 3.34950e+17
1.45500e-07 3.20528e+17
1.46500e-07 3.05987e+17
1.47500e-07 3.07843e+17
1.48500e-07 3.06000e+17
1.49500e-07 2.96678e+17
1.50500e-07 2.78794e+17
1.51200e-07 2.60531e+17
1.51700e-07 2.65970e+17
1.52500e-07 2.62361e+17
1.53500e-07 2.22515e+17
1.54500e-07 1.91835e+17
1.55500e-07 1.92274e+17
1.56500e-07 2.17742e+17
1.57500e-07 2.30674e+17
1.58500e-07 2.31881e+17
1.59500e-07 2.29560e+17
1.60500e-07 2.21122e+17
1.61500e-07 2.11315e+17
1.62500e-07 2.14072e+17
1.63500e-07 2.18973e+17
1.64500e-07 2.17363e+17
1.65500e-07 2.17990e+17
1.66500e-07 2.14999e+17
1.67200e-07 2.00724e+17
1.67700e-07 2.29053e+17
1.68500e-07 2.17780e+17
1.69500e-07 2.09029e+17
1.70500e-07 2.05003e+17
1.71500e-07 1.96113e+17
1.72500e-07 1.88275e+17
1.73500e-07 1.94458e+17
1.74500e-07 1.91754e+17
1.75500e-07 1.90247e+17
1.76500e-07 1.86550e+17
1.77500e-07 1.78104e+17
1.78500e-07 1.80702e+17
1.79500e-07 1.78554e+17
1.80500e-07 1.78570e+17
1.81500e-07 1.68671e+17
1.82500e-07 1.68807e+17
1.83500e-07 1.66424e+17
1.84500e-07 1.53613e+17
1.85500e-07 1.56592e+17
1.86500e-07 1.57842e+17
1.87500e-07 1.56398e+17
1.88500e-07 1.44279e+17
1.89500e-07 1.37042e+17
1.90500e-07 1.44286e+17
1.91500e-07 1.38088e+17
1.92500e-07 1.29876e+17
1.93500e-07 1.38086e+17
1.94500e-07 1.40892e+17
1.95500e-07 1.26680e+17
1.96700e-07 1.33863e+17
1.97600e-07 1.38918e+17
1.98400e-07 1.30546e+17
1.99500e-07 1.27804e+17
2.00500e-07 1.29681e+17
2.01500e-07 1.29436e+17
2.02500e-07 1.30366e+17
2.03500e-07 1.22065e+17
2.04500e-07 1.21648e+17
2.05500e-07 1.06132e+17
2.06500e-07 1.08781e+17
2.07400e-07 1.22395e+17
2.07800e-07 1.16262e+17
2.08500e-07 1.17069e+17
2.09500e-07 1.11104e+17
2.10500e-07 1.13818e+17
2.11500e-07 1.14184e+17
2.12500e-07 1.13320e+17
2.13500e-07 1.11245e+17
2.14500e-07 1.07786e+17
2.15500e-07 1.09108e+17
2.16500e-07 1.06656e+17
2.17500e-07 1.05702e+17
2.18500e-07 1.03829e+17
2.19500e-07 1.03964e+17
2.20500e-07 1.02426e+17
2.21500e-07 1.00444e+17
2.22500e-07 9.88127e+16
2.23500e-07 9.68746e+16
2.24500e-07 9.61704e+16
2.25500e-07 9.41562e+16
2.26500e-07 9.36498e+16
2.27500e-07 9.24498e+16
2.28500e-07 9.05745e+16
2.29500e-07 8.47228e+16
2.30500e-07 8.75134e+16
2.31500e-07 8.60068e+16
2.32500e-07 7.96862e+16
2.33500e-07 8.34687e+16
2.34500e-07 8.34024e+16
2.35500e-07 8.18940e+16
2.36500e-07 8.08190e+16
2.37500e-07 7.89510e+16
2.38500e-07 7.72770e+16
2.39500e-07 7.66528e+16
2.40500e-07 7.60687e+16
2.41500e-07 7.49298e+16
2.42500e-07 7.42682e+16
2.43500e-07 7.27509e+16
2.44500e-07 7.20751e+16
2.45500e-07 7.13391e+16
2.46500e-07 7.03770e+16
2.47500e-07 6.92744e+16
2.48500e-07 6.76748e+16
2.49500e-07 5.44971e+16
2.50500e-07 6.49234e+16
2.51300e-07 6.24825e+16
2.51800e-07 6.39934e+16
2.52500e-07 6.46849e+16
2.53500e-07 6.41228e+16
2.54500e-07 6.24799e+16
2.55500e-07 6.19110e+16
2.56500e-07 6.13318e+16
2.57500e-07 6.05666e+16
2.58500e-07 5.99072e+16
2.59500e-07 5.90828e+16
2.60500e-07 5.84246e+16
2.61500e-07 5.74057e+16
2.62500e-07 5.68762e+16
2.63500e-07 5.62012e+16
2.64500e-07 5.53893e+16
2.65500e-07 5.48125e+16
2.66500e-07 5.33357e+16
2.67500e-07 5.26745e+16
2.68500e-07 5.27166e+16
2.69500e-07 5.10729e+16
2.70500e-07 5.03886e+16
2.71500e-07 4.99997e+16
2.72500e-07 4.96857e+16
2.73500e-07 4.88053e+16
2.74500e-07 4.85468e+16
2.75500e-07 4.80987e+16
2.76500e-07 4.71794e+16
2.77500e-07 4.72548e+16
2.78500e-07 4.64687e+16
2.79500e-07 4.48174e+16
2.80500e-07 4.49662e+16
2.81500e-07 4.49782e+16
2.82500e-07 4.42406e+16
2.83500e-07 4.30526e+16
2.84500e-07 4.32959e+16
2.85500e-07 4.25712e+16
2.86500e-07 4.21185e+16
2.87500e-07 4.16564e+16
2.88500e-07 4.11301e+16
2.89500e-07 4.06338e+16
2.91000e-07 3.96968e+16
2.93000e-07 3.91168e+16
2.95000e-07 3.78973e+16
2.97000e-07 3.72148e+16
2.99000e-07 3.62239e+16
3.01000e-07 3.50318e+16
3.03000e-07 3.44490e+16
3.05000e-07 3.38837e+16
3.07000e-07 3.33065e+16
3.09000e-07 3.21054e+16
3.11000e-07 3.18321e+16
3.13000e-07 3.09051e+16
3.15000e-07 3.03507e+16
3.17000e-07 2.96262e+16
3.19000e-07 2.89346e+16
3.21000e-07 2.83938e+16
3.23000e-07 2.77706e+16
3.25000e-07 2.73004e+16
3.27000e-07 2.65979e+16
3.29000e-07 2.60705e+16
3.31000e-07 2.55388e+16
3.33000e-07 2.49462e+16
3.35000e-07 2.44159e+16
3.37000e-07 2.39326e+16
3.39000e-07 2.35576e+16
3.41000e-07 2.30608e+16
3.43000e-07 2.24103e+16
3.45000e-07 2.18907e+16
3.47000e-07 2.16316e+16
3.49000e-07 2.12161e+16
3.51000e-07 2.08435e+16
3.53000e-07 2.04965e+16
3.55000e-07 2.00701e+16
3.57000e-07 1.97187e+16
3.59000e-07 1.91924e+16
3.61000e-07 1.88529e+16
3.63000e-07 1.84896e+16
3.64000e-07 1.83984e+16
3.65000e-07 1.82061e+16
3.67000e-07 1.79455e+16
3.69000e-07 1.74375e+16
3.71000e-07 1.64976e+16
3.73000e-07 1.59499e+16
3.75000e-07 1.62078e+16
3.77000e-07 1.58666e+16
3.79000e-07 1.63708e+16
3.81000e-07 1.68739e+16
3.83000e-07 1.51476e+16
3.85000e-07 1.68578e+16
3.87000e-07 1.66176e+16
3.89000e-07 1.40907e+16
3.91000e-07 1.65324e+16
3.93000e-07 1.60960e+16
3.95000e-07 1.57364e+16
3.97000e-07 1.30158e+16
3.99000e-07 1.52620e+16
4.01000e-07 1.51270e+16
4.03000e-07 1.46107e+16
4.05000e-07 1.46455e+16
4.07000e-07 1.40088e+16
4.09000e-07 1.30896e+16
4.11000e-07 1.18828e+16
4.13000e-07 1.33512e+16
4.15000e-07 1.32256e+16
4.17000e-07 1.31574e+16
4.19000e-07 1.29533e+16
4.21000e-07 1.27797e+16
4.23000e-07 1.25394e+16
4.25000e-07 1.22080e+16
4.27000e-07 1.18522e+16
4.29000e-07 1.17061e+16
4.31000e-07 1.13548e+16
4.33000e-07 1.05436e+16
4.35000e-07 9.76125e+15
4.37000e-07 1.08334e+16
4.39000e-07 1.07363e+16
4.41000e-07 1.06192e+16
4.43000e-07 1.05157e+16
4.45000e-07 1.03173e+16
4.47000e-07 9.88524e+15
4.49000e-07 1.00080e+16
4.51000e-07 9.85329e+15
4.53000e-07 9.72976e+15
4.55000e-07 9.55197e+15
4.57000e-07 9.42020e+15
4.59000e-07 9.23171e+15
4.61000e-07 9.04046e+15
4.63000e-07 8.87764e+15
4.65000e-07 8.53347e+15
4.67000e-07 8.61566e+15
4.69000e-07 8.47760e+15
4.71000e-07 8.24120e+15
4.73000e-07 8.28582e+15
4.75000e-07 8.14322e+15
4.77000e-07 8.08551e+15
4.79000e-07 7.94950e+15
4.81000e-07 7.79869e+15
4.83000e-07 7.63073e+15
4.85000e-07 7.16384e+15
4.87000e-07 6.48706e+15
4.89000e-07 7.28691e+15
4.91000e-07 7.20954e+15
4.93000e-07 6.99260e+15
4.95000e-07 6.98110e+15
4.97000e-07 6.93189e+15
4.99000e-07 6.82031e+15
5.01000e-07 6.56829e+15
5.03000e-07 6.60416e+15
5.05000e-07 6.47913e+15
5.07000e-07 6.43192e+15
5.09000e-07 6.32840e+15
5.11000e-07 6.22948e+15
5.13000e-07 6.11887e+15
5.15000e-07 6.03621e+15
5.17000e-07 5.95972e+15
5.19000e-07 5.88129e+15
5.21000e-07 5.80097e+15
5.23000e-07 5.71716e+15
5.25000e-07 5.63090e+15
5.27000e-07 5.54334e+15
5.29000e-07 5.47795e+15
5.31000e-07 5.39828e+15
5.33000e-07 5.32602e+15
5.35000e-07 5.24902e+15
5.37000e-07 5.17825e+15
5.39000e-07 5.10216e+15
5.41000e-07 5.02254e+15
5.43000e-07 4.96772e+15
5.45000e-07 4.89734e+15
5.47000e-07 4.82961e+15
5.49000e-07 4.76299e+15
5.51000e-07 4.70266e+15
5.53000e-07 4.63335e+15
5.55000e-07 4.57703e+15
5.57000e-07 4.51386e+15
5.59000e-07 4.45111e+15
5.61000e-07 4.39537e+15
5.63000e-07 4.33782e+15
5.65000e-07 4.27482e+15
5.67000e-07 4.20371e+15
5.69000e-07 4.12440e+15
5.71000e-07 4.10099e+15
5.73000e-07 4.05337e+15
5.75000e-07 3.98796e+15
5.77000e-07 3.95244e+15
5.79000e-07 3.89855e+15
5.81000e-07 3.84720e+15
5.83000e-07 3.79026e+15
5.85000e-07 3.74843e+15
5.87000e-07 3.60550e+15
5.89000e-07 3.63383e+15
5.91000e-07 3.60011e+15
5.93000e-07 3.55091e+15
5.95000e-07 3.50601e+15
5.97000e-07 3.47463e+15
5.99000e-07 3.42091e+15
6.01000e-07 3.38472e+15
6.03000e-07 3.33755e+15
6.05000e-07 3.29833e+15
6.07000e-07 3.26088e+15
6.09000e-07 3.22193e+15
6.11000e-07 3.18099e+15
6.13000e-07 3.14352e+15
6.15000e-07 3.09612e+15
6.17000e-07 3.06054e+15
6.19000e-07 3.02792e+15
6.21000e-07 2.99320e+15
6.23000e-07 2.95655e+15
6.25000e-07 2.91798e+15
6.27000e-07 2.88464e+15
6.29000e-07 2.85175e+15
6.31000e-07 2.81478e+15
6.33000e-07 2.78452e+15
6.35000e-07 2.74850e+15
6.37000e-07 2.71911e+15
6.39000e-07 2.68588e+15
6.41000e-07 2.65392e+15
6.43000e-07 2.62423e+15
6.45000e-07 2.59267e+15
6.47000e-07 2.55543e+15
6.49000e-07 2.52513e+15
6.51000e-07 2.49941e+15
6.53000e-07 2.46186e+15
6.55000e-07 2.37054e+15
6.56125e-07 2.12258e+15
6.59000e-07 2.35781e+15
6.61000e-07 2.35555e+15
6.63000e-07 2.33442e+15
6.65000e-07 2.30643e+15
6.67000e-07 2.26112e+15
6.69000e-07 2.23583e+15
6.71000e-07 2.23031e+15
6.73000e-07 2.19977e+15
6.75000e-07 2.18063e+15
6.77000e-07 2.15823e+15
6.79000e-07 2.12388e+15
6.81000e-07 2.10850e+15
6.83000e-07 2.08511e+15
6.85000e-07 2.06324e+15
6.87000e-07 2.04015e+15
6.89000e-07 2.01388e+15
6.91000e-07 1.99040e+15
6.93000e-07 1.97438e+15
6.95000e-07 1.95305e+15
6.97000e-07 1.93185e+15
6.99000e-07 1.91056e+15
7.01000e-07 1.89016e+15
7.03000e-07 1.86814e+15
7.05000e-07 1.84884e+15
7.07000e-07 1.80297e+15
7.09000e-07 1.81005e+15
7.11000e-07 1.78289e+15
7.13000e-07 1.76542e+15
7.15000e-07 1.75290e+15
7.17000e-07 1.73339e+15
7.19000e-07 1.71611e+15
7.21000e-07 1.69805e+15
7.23000e-07 1.66366e+15
7.25000e-07 1.65973e+15
7.27000e-07 1.64505e+15
7.29000e-07 1.61512e+15
7.31000e-07 1.61053e+15
7.33000e-07 1.59369e+15
7.35000e-07 1.57756e+15
7.37000e-07 1.56152e+15
7.39000e-07 1.54549e+15
7.41000e-07 1.52955e+15
7.43000e-07 1.51382e+15
7.45000e-07 1.49837e+15
7.47000e-07 1.47922e+15
7.49000e-07 1.46656e+15
7.51000e-07 1.45255e+15
7.53000e-07 1.43753e+15
7.55000e-07 1.42411e+15
7.57000e-07 1.40963e+15
7.59000e-07 1.39449e+15
7.61000e-07 1.37936e+15
7.63000e-07 1.36729e+15
7.65000e-07 1.35365e+15
7.67000e-07 1.34071e+15
7.69000e-07 1.32661e+15
7.71000e-07 1.31352e+15
7.73000e-07 1.30011e+15
7.75000e-07 1.28821e+15
7.77000e-07 1.27497e+15
7.79000e-07 1.26340e+15
7.81000e-07 1.25021e+15
7.83000e-07 1.23885e+15
7.85000e-07 1.22735e+15
7.87000e-07 1.21279e+15
7.89000e-07 1.19969e+15
7.91000e-07 1.19002e+15
7.93000e-07 1.17791e+15
7.95000e-07 1.16794e+15
7.97000e-07 1.15597e+15
7.99000e-07 1.14612e+15
8.01000e-07 1.13371e+15
8.03000e-07 1.12369e+15
8.05000e-07 1.11364e+15
8.07000e-07 1.10379e+15
8.09000e-07 1.09154e+15
8.11000e-07 1.07677e+15
8.13000e-07 1.07319e+15
8.15000e-07 1.06118e+15
8.17000e-07 1.05311e+15
8.19000e-07 1.03966e+15
8.21000e-07 1.02566e+15
8.23000e-07 1.01557e+15
8.25000e-07 1.01070e+15
8.27000e-07 9.94583e+14
8.29000e-07 9.91599e+14
8.31000e-07 9.83340e+14
8.33000e-07 9.73901e+14
8.35000e-07 9.62433e+14
8.37000e-07 9.53913e+14
8.39000e-07 9.48729e+14
8.41000e-07 9.38576e+14
8.43000e-07 9.28243e+14
8.45000e-07 9.15360e+14
8.47000e-07 9.10937e+14
8.49000e-07 8.99281e+14
8.51000e-07 8.89597e+14
8.53000e-07 8.83773e+14
8.55000e-07 8.67739e+14
8.57000e-07 8.77081e+14
8.59000e-07 8.46453e+14
8.61000e-07 8.43592e+14
8.63000e-07 8.60578e+14
8.65000e-07 8.36110e+14
8.67000e-07 8.00633e+14
8.69000e-07 8.35066e+14
8.71000e-07 8.37641e+14
8.73000e-07 8.13788e+14
8.75000e-07 7.59636e+14
8.77000e-07 7.90120e+14
8.79000e-07 8.10176e+14
8.81000e-07 8.05919e+14
8.83000e-07 7.94204e+14
8.85000e-07 7.52571e+14
8.87000e-07 7.11497e+14
8.89000e-07 7.66645e+14
8.91000e-07 7.71606e+14
8.93000e-07 7.66642e+14
8.95000e-07 7.61480e+14
8.97000e-07 7.53265e+14
8.99000e-07 7.29920e+14
9.01000e-07 6.66076e+14
9.03000e-07 6.89325e+14
9.05000e-07 7.22620e+14
9.07000e-07 7.17101e+14
9.09000e-07 7.16274e+14
9.11000e-07 7.13405e+14
9.13000e-07 7.07797e+14
9.15000e-07 7.01376e+14
9.17000e-07 6.92406e+14
9.19000e-07 6.84534e+14
9.21000e-07 6.56204e+14
9.23000e-07 5.89332e+14
9.25000e-07 6.44069e+14
9.27000e-07 6.60538e+14
9.29000e-07 6.59400e+14
9.31000e-07 6.53179e+14
9.33000e-07 6.49084e+14
9.35000e-07 6.44241e+14
9.37000e-07 6.39821e+14
9.39000e-07 6.34791e+14
9.41000e-07 6.29202e+14
9.43000e-07 6.24079e+14
9.45000e-07 6.18740e+14
9.47000e-07 6.10500e+14
9.49000e-07 6.06675e+14
9.51000e-07 5.93920e+14
9.53000e-07 5.68782e+14
9.55000e-07 5.13983e+14
9.57000e-07 5.70372e+14
9.59000e-07 5.80571e+14
9.61000e-07 5.76851e+14
9.63000e-07 5.71858e+14
9.65000e-07 5.71189e+14
9.67000e-07 5.66694e+14
9.69000e-07 5.61628e+14
9.71000e-07 5.52884e+14
9.73000e-07 5.52723e+14
9.75000e-07 5.48714e+14
9.77000e-07 5.44417e+14
9.79000e-07 5.40072e+14
9.81000e-07 5.35406e+14
9.83000e-07 5.31631e+14
9.85000e-07 5.27223e+14
9.87000e-07 5.22845e+14
9.89000e-07 5.18114e+14
9.91000e-07 5.12265e+14
9.93000e-07 5.11082e+14
9.95000e-07 5.07013e+14
9.97000e-07 5.02442e+14
9.99000e-07 4.97714e+14
1.00250e-06 4.71791e+14
1.00750e-06 4.56654e+14
1.01250e-06 4.70602e+14
1.01750e-06 4.65006e+14
1.02250e-06 4.56001e+14
1.02750e-06 4.47613e+14
1.03250e-06 4.37564e+14
1.03750e-06 4.31152e+14
1.04250e-06 4.23109e+14
1.04750e-06 4.15337e+14
1.05250e-06 4.07625e+14
1.05750e-06 4.00242e+14
1.06250e-06 3.92947e+14
1.06750e-06 3.85274e+14
1.07250e-06 3.78906e+14
1.07750e-06 3.72088e+14
1.08250e-06 3.61811e+14
1.08750e-06 3.57536e+14
1.09250e-06 3.25390e+14
1.09750e-06 3.38352e+14
1.10250e-06 3.38358e+14
1.10750e-06 3.34296e+14
1.11250e-06 3.28437e+14
1.11750e-06 3.22820e+14
1.12250e-06 3.17080e+14
1.12750e-06 3.11755e+14
1.13250e-06 3.06130e+14
1.13750e-06 3.01115e+14
1.14250e-06 2.95974e+14
1.14750e-06 2.91083e+14
1.15250e-06 2.86266e+14
1.15750e-06 2.81295e+14
1.16250e-06 2.76589e+14
1.16750e-06 2.71796e+14
1.17250e-06 2.67669e+14
1.17750e-06 2.63226e+14
1.18250e-06 2.58888e+14
1.18750e-06 2.54692e+14
1.19250e-06 2.50553e+14
1.19750e-06 2.44792e+14
1.20250e-06 2.42506e+14
1.20750e-06 2.38618e+14
1.21250e-06 2.34768e+14
1.21750e-06 2.31042e+14
1.22250e-06 2.27368e+14
1.22750e-06 2.23785e+14
1.23250e-06 2.20229e+14
1.23750e-06 2.16753e+14
1.24250e-06 2.13409e+14
1.24750e-06 2.09857e+14
1.25250e-06 2.06300e+14
1.25750e-06 2.03536e+14
1.26250e-06 2.00421e+14
1.26750e-06 1.97415e+14
1.27250e-06 1.94226e+14
1.27750e-06 1.87891e+14
1.28250e-06 1.73953e+14
1.28750e-06 1.84338e+14
1.29250e-06 1.82818e+14
1.29750e-06 1.79223e+14
1.30250e-06 1.77330e+14
1.30750e-06 1.74815e+14
1.31250e-06 1.72226e+14
1.31750e-06 1.69678e+14
1.32250e-06 1.67180e+14
1.32750e-06 1.64728e+14
1.33250e-06 1.62268e+14
1.33750e-06 1.59867e+14
1.34250e-06 1.57445e+14
1.34750e-06 1.55327e+14
1.35250e-06 1.53019e+14
1.35750e-06 1.50898e+14
1.36250e-06 1.48620e+14
1.36750e-06 1.46622e+14
1.37250e-06 1.44422e+14
1.37750e-06 1.42512e+14
1.38250e-06 1.40501e+14
1.38750e-06 1.38514e+14
1.39250e-06 1.36470e+14
1.39750e-06 1.34645e+14
1.40250e-06 1.32717e+14
1.40750e-06 1.30968e+14
1.41250e-06 1.29128e+14
1.41750e-06 1.27369e+14
1.42250e-06 1.25634e+14
1.42750e-06 1.23900e+14
1.43250e-06 1.22216e+14
1.43750e-06 1.20548e+14
1.44250e-06 1.18939e+14
1.44750e-06 1.17337e+14
1.45250e-06 1.15741e+14
1.45700e-06 1.14355e+14
1.46200e-06 1.12846e+14
1.46750e-06 1.11206e+14
1.47250e-06 1.09734e+14
1.47750e-06 1.08263e+14
1.48250e-06 1.06869e+14
1.48750e-06 1.05469e+14
1.49250e-06 1.04092e+14
1.49750e-06 1.02726e+14
1.50250e-06 1.01376e+14
1.50750e-06 9.98754e+13
1.51250e-06 9.87304e+13
1.51750e-06 9.74461e+13
1.52250e-06 9.61196e+13
1.52750e-06 9.48472e+13
1.53250e-06 9.35636e+13
1.53750e-06 9.24126e+13
1.54250e-06 9.10576e+13
1.54750e-06 9.00580e+13
1.55250e-06 8.88333e+13
1.55750e-06 8.74547e+13
1.56250e-06 8.69484e+13
1.56750e-06 8.53075e+13
1.57250e-06 8.40376e+13
1.57750e-06 8.38842e+13
1.58250e-06 8.27021e+13
1.58750e-06 8.03178e+13
1.59250e-06 8.03550e+13
1.59750e-06 8.01082e+13
1.60500e-06 7.81372e+13
1.61500e-06 7.54710e+13
1.62500e-06 7.50001e+13
1.63500e-06 7.24691e+13
1.64500e-06 6.99172e+13
1.65500e-06 6.98396e+13
1.66500e-06 6.82368e+13
1.67500e-06 6.57715e+13
1.68500e-06 6.33053e+13
1.69500e-06 6.35624e+13
1.70500e-06 6.18289e+13
1.71500e-06 6.07321e+13
1.72500e-06 5.92552e+13
1.73500e-06 5.57119e+13
1.74500e-06 5.63817e+13
1.75500e-06 5.54548e+13
1.76500e-06 5.42271e+13
1.77500e-06 5.30272e+13
1.78500e-06 5.18305e+13
1.79500e-06 5.07366e+13
1.80500e-06 4.95678e+13
1.81500e-06 4.65986e+13
1.82500e-06 4.70304e+13
1.83500e-06 4.65036e+13
1.84500e-06 4.55139e+13
1.85500e-06 4.44968e+13
1.86500e-06 4.32486e+13
1.87500e-06 4.08575e+13
1.88500e-06 4.17547e+13
1.89500e-06 4.09386e+13
1.90500e-06 3.99805e+13
1.91500e-06 3.92897e+13
1.92500e-06 3.84922e+13
1.93500e-06 3.75832e+13
1.94500e-06 3.51424e+13
1.95500e-06 3.60395e+13
1.96500e-06 3.54863e+13
1.97500e-06 3.47811e+13
1.98500e-06 3.40931e+13
1.99500e-06 3.34218e+13
2.00500e-06 3.27669e+13
2.01500e-06 3.21289e+13
2.02500e-06 3.15055e+13
2.03500e-06 3.08973e+13
2.04500e-06 3.02932e+13
2.05500e-06 2.96654e+13
2.06500e-06 2.91588e+13
2.07500e-06 2.86037e+13
2.08500e-06 2.80666e+13
2.09500e-06 2.75375e+13
2.10500e-06 2.70214e+13
2.11500e-06 2.64178e+13
2.12500e-06 2.60329e+13
2.13500e-06 2.55524e+13
2.14500e-06 2.50756e+13
2.15500e-06 2.45522e+13
2.16500e-06 2.29556e+13
2.17500e-06 2.36027e+13
2.18500e-06 2.32980e+13
2.19500e-06 2.28954e+13
2.20500e-06 2.24867e+13
2.21500e-06 2.20876e+13
2.22500e-06 2.16908e+13
2.23500e-06 2.13139e+13
2.24500e-06 2.09406e+13
2.25500e-06 2.05745e+13
2.26500e-06 2.02170e+13
2.27500e-06 1.98664e+13
2.28500e-06 1.95378e+13
2.29500e-06 1.92549e+13
2.30500e-06 1.89208e+13
2.31500e-06 1.86030e+13
2.32500e-06 1.82873e+13
2.33500e-06 1.79782e+13
2.34500e-06 1.76759e+13
2.35500e-06 1.73699e+13
2.36500e-06 1.70509e+13
2.37500e-06 1.67633e+13
2.38500e-06 1.64820e+13
2.39500e-06 1.62014e+13
2.40500e-06 1.59341e+13
2.41500e-06 1.56707e+13
2.42500e-06 1.54065e+13
2.43500e-06 1.51570e+13
2.44500e-06 1.49040e+13
2.45500e-06 1.46735e+13
2.46500e-06 1.44257e+13
2.47500e-06 1.41796e+13
2.48500e-06 1.39864e+13
2.49500e-06 1.37335e+13
2.50500e-06 1.36007e+13
2.51500e-06 1.33534e+13
2.52500e-06 1.30741e+13
2.53500e-06 1.29201e+13
2.54500e-06 1.27467e+13
2.55500e-06 1.25161e+13
2.56500e-06 1.22486e+13
2.57500e-06 1.21463e+13
2.58500e-06 1.20029e+13
2.59500e-06 1.18042e+13
2.60500e-06 1.15572e+13
2.61500e-06 1.12525e+13
2.62500e-06 1.07044e+13
2.63500e-06 1.10449e+13
2.64500e-06 1.09508e+13
2.65500e-06 1.07786e+13
2.66500e-06 1.05759e+13
2.67500e-06 1.02785e+13
2.68500e-06 1.02627e+13
2.69500e-06 1.01711e+13
2.70500e-06 1.00224e+13
2.71500e-06 9.87667e+12
2.72500e-06 9.73329e+12
2.73500e-06 9.59224e+12
2.74500e-06 9.42648e+12
2.75500e-06 9.11546e+12
2.76500e-06 9.08167e+12
2.77500e-06 9.04471e+12
2.78500e-06 8.92547e+12
2.79500e-06 8.79903e+12
2.80500e-06 8.67368e+12
2.81500e-06 8.55274e+12
2.82500e-06 8.43281e+12
2.83500e-06 8.31531e+12
2.84500e-06 8.19970e+12
2.85500e-06 8.07581e+12
2.86500e-06 7.89561e+12
2.87500e-06 7.62565e+12
2.88500e-06 7.72360e+12
2.89500e-06 7.65011e+12
2.90500e-06 7.54619e+12
2.91500e-06 7.44352e+12
2.92500e-06 7.34295e+12
2.93500e-06 7.24358e+12
2.94500e-06 7.14626e+12
2.95500e-06 7.05052e+12
2.96500e-06 6.95633e+12
2.97500e-06 6.86367e+12
2.98500e-06 6.77252e+12
2.99500e-06 6.68243e+12
3.00500e-06 6.59464e+12
3.01500e-06 6.50580e+12
3.02500e-06 6.40480e+12
3.03500e-06 6.15040e+12
3.04500e-06 6.13648e+12
3.05500e-06 6.16419e+12
3.06500e-06 6.09435e+12
3.07500e-06 6.01374e+12
3.08500e-06 5.93761e+12
3.09500e-06 5.86351e+12
3.10500e-06 5.78868e+12
3.11500e-06 5.71469e+12
3.12500e-06 5.64153e+12
3.13500e-06 5.57110e+12
3.14500e-06 5.50068e+12
3.15500e-06 5.43181e+12
3.16500e-06 5.36369e+12
3.17500e-06 5.29707e+12
3.18500e-06 5.23081e+12
3.19500e-06 5.16601e+12
3.21000e-06 5.07068e+12
3.23000e-06 4.94669e+12
3.25000e-06 4.82643e+12
3.27000e-06 4.70803e+12
3.29000e-06 4.47381e+12
3.31000e-06 4.46289e+12
3.33000e-06 4.38668e+12
3.35000e-06 4.28377e+12
3.37000e-06 4.18331e+12
3.39000e-06 4.08591e+12
3.41000e-06 3.99114e+12
3.43000e-06 3.89894e+12
3.45000e-06 3.80956e+12
3.47000e-06 3.72291e+12
3.49000e-06 3.63830e+12
3.51000e-06 3.55628e+12
3.53000e-06 3.47528e+12
3.55000e-06 3.39708e+12
3.57000e-06 3.31981e+12
3.59000e-06 3.24667e+12
3.61000e-06 3.17322e+12
3.63000e-06 3.10661e+12
3.65000e-06 3.03562e+12
3.67000e-06 2.97521e+12
3.69000e-06 2.90376e+12
3.71000e-06 2.84188e+12
3.73000e-06 2.74569e+12
3.75000e-06 2.67029e+12
3.77000e-06 2.67050e+12
3.79000e-06 2.61808e+12
3.81000e-06 2.55451e+12
3.83000e-06 2.50315e+12
3.85000e-06 2.45896e+12
3.87000e-06 2.40863e+12
3.89000e-06 2.35545e+12
3.91000e-06 2.29728e+12
3.93000e-06 2.26362e+12
3.95000e-06 2.21967e+12
3.97000e-06 2.17535e+12
3.99000e-06 2.13213e+12
4.01000e-06 2.07852e+12
4.03000e-06 2.03098e+12
4.05000e-06 1.95440e+12
4.07000e-06 1.96740e+12
4.09000e-06 1.93141e+12
4.11000e-06 1.89412e+12
4.13000e-06 1.85619e+12
4.15000e-06 1.81938e+12
4.17000e-06 1.76643e+12
4.19000e-06 1.75017e+12
4.21000e-06 1.72064e+12
4.23000e-06 1.68838e+12
4.25000e-06 1.65607e+12
4.27000e-06 1.62607e+12
4.29000e-06 1.59348e+12
4.31000e-06 1.56658e+12
4.33000e-06 1.53783e+12
4.35000e-06 1.50873e+12
4.37000e-06 1.46173e+12
4.39000e-06 1.44725e+12
4.41000e-06 1.42929e+12
4.43000e-06 1.40369e+12
4.45000e-06 1.37866e+12
4.47000e-06 1.35530e+12
4.49000e-06 1.33131e+12
4.51000e-06 1.30786e+12
4.53000e-06 1.28492e+12
4.55000e-06 1.26248e+12
4.57000e-06 1.24054e+12
4.59000e-06 1.21906e+12
4.61000e-06 1.19767e+12
4.63000e-06 1.17577e+12
4.65000e-06 1.11795e+12
4.67000e-06 1.11102e+12
4.69000e-06 1.11251e+12
4.71000e-06 1.09948e+12
4.73000e-06 1.08101e+12
4.75000e-06 1.06291e+12
4.77000e-06 1.04521e+12
4.79000e-06 1.02786e+12
4.81000e-06 1.01088e+12
4.83000e-06 9.94224e+11
4.85000e-06 9.77938e+11
4.87000e-06 9.61964e+11
4.89000e-06 9.46312e+11
4.91000e-06 9.30993e+11
4.93000e-06 9.15968e+11
4.95000e-06 9.01247e+11
4.97000e-06 8.86825e+11
4.99000e-06 8.72680e+11
5.01000e-06 8.58822e+11
5.03000e-06 8.45246e+11
5.05000e-06 8.31931e+11
5.07000e-06 8.18873e+11
5.09000e-06 8.06053e+11
5.11000e-06 7.90407e+11
5.13000e-06 7.60593e+11
5.15000e-06 7.67140e+11
5.17000e-06 7.57283e+11
5.19000e-06 7.45682e+11
5.21000e-06 7.34291e+11
5.23000e-06 7.23108e+11
5.25000e-06 7.12142e+11
5.27000e-06 7.01389e+11
5.29000e-06 6.90832e+11
5.31000e-06 6.80480e+11
5.33000e-06 6.70304e+11
5.35000e-06 6.60340e+11
5.37000e-06 6.50544e+11
5.39000e-06 6.40927e+11
5.41000e-06 6.31499e+11
5.43000e-06 6.22230e+11
5.45000e-06 6.13144e+11
5.47000e-06 6.04211e+11
5.49000e-06 5.95442e+11
5.51000e-06 5.86834e+11
5.53000e-06 5.78384e+11
5.55000e-06 5.70076e+11
5.57000e-06 5.61922e+11
5.59000e-06 5.53918e+11
5.61000e-06 5.46049e+11
5.63000e-06 5.38326e+11
5.65000e-06 5.30733e+11
5.67000e-06 5.23269e+11
5.69000e-06 5.15943e+11
5.71000e-06 5.08742e+11
5.73000e-06 5.01674e+11
5.75000e-06 4.94715e+11
5.77000e-06 4.87885e+11
5.79000e-06 4.81160e+11
5.81000e-06 4.74561e+11
5.83000e-06 4.68074e+11
5.85000e-06 4.61918e+11
5.87000e-06 4.55638e+11
5.89000e-06 4.47217e+11
5.91000e-06 4.29408e+11
5.93000e-06 4.36201e+11
5.95000e-06 4.31592e+11
5.97000e-06 4.25830e+11
5.99000e-06 4.20167e+11
6.01000e-06 4.14590e+11
6.03000e-06 4.09109e+11
6.05000e-06 4.03712e+11
6.07000e-06 3.98408e+11
6.09000e-06 3.93195e+11
6.11000e-06 3.88062e+11
6.13000e-06 3.83008e+11
6.15000e-06 3.78040e+11
6.17000e-06 3.73159e+11
6.19000e-06 3.68352e+11
6.21000e-06 3.63620e+11
6.23000e-06 3.58959e+11
6.25000e-06 3.54380e+11
6.27000e-06 3.49871e+11
6.29000e-06 3.45430e+11
6.31000e-06 3.41068e+11
6.33000e-06 3.36773e+11
6.35000e-06 3.32534e+11
6.37000e-06 3.28369e+11
6.39000e-06 3.24269e+11
6.42000e-06 3.18238e+11
6.46000e-06 3.10409e+11
6.50000e-06 3.02829e+11
6.54000e-06 2.95472e+11
6.58000e-06 2.88332e+11
6.62000e-06 2.81410e+11
6.66000e-06 2.74694e+11
6.70000e-06 2.68176e+11
6.74000e-06 2.61843e+11
6.78000e-06 2.55705e+11
6.82000e-06 2.49742e+11
6.86000e-06 2.43948e+11
6.90000e-06 2.38327e+11
6.94000e-06 2.32866e+11
6.98000e-06 2.27560e+11
7.02000e-06 2.22398e+11
7.06000e-06 2.17390e+11
7.10000e-06 2.12512e+11
7.14000e-06 2.07780e+11
7.18000e-06 2.03169e+11
7.22000e-06 1.98691e+11
7.26000e-06 1.94335e+11
7.30000e-06 1.90097e+11
7.34000e-06 1.85975e+11
7.38000e-06 1.81959e+11
7.42000e-06 1.77730e+11
7.46000e-06 1.70651e+11
7.50000e-06 1.66679e+11
7.54000e-06 1.66784e+11
7.58000e-06 1.63448e+11
7.62000e-06 1.60037e+11
7.66000e-06 1.56707e+11
7.70000e-06 1.53469e+11
7.74000e-06 1.50308e+11
7.78000e-06 1.47236e+11
7.82000e-06 1.44236e+11
7.86000e-06 1.41308e+11
7.90000e-06 1.38462e+11
7.94000e-06 1.35684e+11
7.98000e-06 1.32973e+11
8.02000e-06 1.30332e+11
8.06000e-06 1.27754e+11
8.10000e-06 1.25244e+11
8.14000e-06 1.22788e+11
8.18000e-06 1.20396e+11
8.22000e-06 1.18062e+11
8.26000e-06 1.15784e+11
8.30000e-06 1.13560e+11
8.34000e-06 1.11391e+11
8.38000e-06 1.09268e+11
8.42000e-06 1.07201e+11
8.46000e-06 1.05179e+11
8.50000e-06 1.03206e+11
8.54000e-06 1.01281e+11
8.58000e-06 9.93968e+10
8.62000e-06 9.75588e+10
8.66000e-06 9.57604e+10
8.70000e-06 9.40059e+10
8.74000e-06 9.22893e+10
8.78000e-06 9.06146e+10
8.82000e-06 8.89713e+10
8.86000e-06 8.73731e+10
8.90000e-06 8.58048e+10
8.94000e-06 8.42750e+10
8.98000e-06 8.27738e+10
9.02000e-06 8.13097e+10
9.06000e-06 7.98773e+10
9.10000e-06 7.84760e+10
9.14000e-06 7.71052e+10
9.18000e-06 7.57686e+10
9.22000e-06 7.44567e+10
9.26000e-06 7.31690e+10
9.30000e-06 7.19138e+10
9.34000e-06 7.06859e+10
9.38000e-06 6.94848e+10
9.42000e-06 6.83059e+10
9.46000e-06 6.71527e+10
9.50000e-06 6.60249e+10
9.54000e-06 6.49177e+10
9.58000e-06 6.38390e+10
9.62000e-06 6.27759e+10
9.66000e-06 6.17404e+10
9.70000e-06 6.07237e+10
9.74000e-06 5.97256e+10
9.78000e-06 5.87536e+10
9.82000e-06 5.77954e+10
9.86000e-06 5.68585e+10
9.90000e-06 5.59426e+10
9.94000e-06 5.50433e+10
9.98000e-06 5.41604e+10
1.00200e-05 5.32974e+10
2.00000e-05 3.30195e+09
4.00000e-05 2.01628e+08
6.00000e-05 3.92218e+07
8.00000e-05 1.22708e+07
1.00000e-04 4.98151e+06
1.20000e-04 2.38515e+06
1.40000e-04 1.27975e+06
1.60000e-04 7.46338e+05
