9.09000e-09 0.00000e+00
9.35000e-09 0.00000e+00
9.61000e-09 0.00000e+00
9.77000e-09 0.00000e+00
9.96000e-09 0.00000e+00
1.02000e-08 0.00000e+00
1.03800e-08 0.00000e+00
1.05600e-08 0.00000e+00
1.07700e-08 0.00000e+00
1.10400e-08 0.00000e+00
1.14000e-08 0.00000e+00
1.17800e-08 0.00000e+00
1.21300e-08 0.00000e+00
1.24800e-08 0.00000e+00
1.27100e-08 0.00000e+00
1.28400e-08 0.00000e+00
1.30500e-08 0.00000e+00
1.32400e-08 0.00000e+00
1.33900e-08 0.00000e+00
1.36600e-08 0.00000e+00
1.39800e-08 0.00000e+00
1.43300e-08 0.00000e+00
1.47200e-08 0.00000e+00
1.51000e-08 0.00000e+00
1.55200e-08 0.00000e+00
1.58800e-08 0.00000e+00
1.62000e-08 0.00000e+00
1.66000e-08 0.00000e+00
1.70300e-08 0.00000e+00
1.73400e-08 0.00000e+00
1.76800e-08 0.00000e+00
1.80200e-08 0.00000e+00
1.81700e-08 0.00000e+00
1.86100e-08 0.00000e+00
1.91000e-08 0.00000e+00
1.93900e-08 0.00000e+00
1.98400e-08 0.00000e+00
2.01800e-08 0.00000e+00
2.05000e-08 0.00000e+00
2.10500e-08 0.00000e+00
2.16200e-08 0.00000e+00
2.19800e-08 0.00000e+00
2.23000e-08 0.00000e+00
2.26800e-08 0.00000e+00
2.30000e-08 3.34927e+03
2.34000e-08 7.67070e+03
2.40000e-08 1.85618e+04
2.46500e-08 4.56704e+04
2.52400e-08 1.00147e+05
2.56800e-08 1.68444e+05
2.60000e-08 2.65216e+05
2.64000e-08 4.24562e+05
2.68500e-08 7.11946e+05
2.73500e-08 1.23471e+06
2.78500e-08 2.11499e+06
2.84000e-08 3.82583e+06
2.90000e-08 6.87388e+06
2.96000e-08 1.21069e+07
3.01000e-08 1.89889e+07
3.08000e-08 3.47772e+07
3.18000e-08 8.26412e+07
3.28000e-08 1.74870e+08
3.38000e-08 3.70419e+08
3.48000e-08 7.32469e+08
3.57000e-08 1.68157e+09
3.66000e-08 3.00330e+09
3.75000e-08 4.85564e+09
3.85000e-08 8.33166e+09
3.95000e-08 1.41053e+10
4.05000e-08 2.25836e+10
4.14000e-08 3.44274e+10
4.22000e-08 4.83595e+10
4.30000e-08 6.85898e+10
4.41000e-08 1.06775e+11
4.51000e-08 1.55659e+11
4.60000e-08 2.13789e+11
4.70000e-08 3.05307e+11
4.80000e-08 4.25718e+11
4.90000e-08 5.89902e+11
5.00000e-08 8.00929e+11
5.06000e-08 6.42147e+12
5.12000e-08 4.12739e+13
5.20000e-08 4.87938e+13
5.30000e-08 6.11969e+13
5.40000e-08 6.55002e+13
5.50000e-08 9.68316e+13
5.60000e-08 1.12758e+14
5.70000e-08 1.39155e+14
5.80000e-08 1.37030e+14
5.90000e-08 1.80746e+14
6.00000e-08 2.09378e+14
6.10000e-08 2.50155e+14
6.20000e-08 2.77716e+14
6.30000e-08 3.14113e+14
6.40000e-08 3.27303e+14
6.50000e-08 3.79227e+14
6.58000e-08 4.26950e+14
6.65000e-08 4.52596e+14
6.75000e-08 4.69027e+14
6.85000e-08 5.06102e+14
6.95000e-08 6.11083e+14
7.05000e-08 6.40356e+14
7.16000e-08 7.19693e+14
7.26000e-08 7.67218e+14
7.35000e-08 8.05588e+14
7.45000e-08 9.12122e+14
7.55000e-08 9.89039e+14
7.65000e-08 1.07246e+15
7.75000e-08 1.16151e+15
7.85000e-08 1.25113e+15
7.95000e-08 1.30700e+15
8.05000e-08 1.38472e+15
8.15000e-08 1.44839e+15
8.25000e-08 1.57882e+15
8.35000e-08 1.47547e+15
8.45000e-08 1.69306e+15
8.55000e-08 1.76614e+15
8.65000e-08 1.89054e+15
8.75000e-08 2.02491e+15
8.85000e-08 2.18542e+15
8.95000e-08 2.29968e+15
9.05000e-08 2.31022e+15
9.15000e-08 3.04525e+15
9.25000e-08 1.50314e+16
9.35000e-08 4.19955e+16
9.45000e-08 1.17640e+17
9.55000e-08 1.83064e+17
9.65000e-08 2.28621e+17
9.75000e-08 3.10368e+16
9.85000e-08 2.05228e+17
9.95000e-08 1.93661e+17
1.00500e-07 2.57353e+17
1.01500e-07 2.42060e+17
1.02500e-07 7.91094e+16
1.03500e-07 1.77962e+17
1.04500e-07 3.04958e+17
1.05500e-07 2.81655e+17
1.06500e-07 2.22194e+17
1.07500e-07 2.58535e+17
1.08500e-07 2.12254e+17
1.09500e-07 2.60561e+17
1.10500e-07 2.34491e+17
1.11500e-07 2.24391e+17
1.12500e-07 1.86700e+17
1.13500e-07 2.35211e+17
1.14500e-07 2.08224e+17
1.15500e-07 2.16701e+17
1.16500e-07 2.14801e+17
1.17500e-07 1.35605e+17
1.18500e-07 2.06380e+17
1.19500e-07 1.78076e+17
1.20500e-07 1.26906e+17
1.21500e-07 7.04067e+16
1.22500e-07 1.54337e+17
1.23500e-07 1.92507e+17
1.24500e-07 1.93561e+17
1.25500e-07 1.83334e+17
1.26500e-07 1.78159e+17
1.27500e-07 1.91289e+17
1.28500e-07 1.88814e+17
1.29500e-07 1.48924e+17
1.30500e-07 1.55570e+17
1.31500e-07 1.80234e+17
1.32500e-07 1.65823e+17
1.33500e-07 1.55571e+17
1.34500e-07 1.63210e+17
1.35500e-07 1.59638e+17
1.36500e-07 1.44376e+17
1.37500e-07 1.41968e+17
1.38500e-07 1.40478e+17
1.39500e-07 1.08811e+17
1.40500e-07 1.14369e+17
1.41500e-07 1.24371e+17
1.42500e-07 1.22172e+17
1.43500e-07 1.24695e+17
1.44200e-07 1.27390e+17
1.44700e-07 1.24548e+17
1.45500e-07 1.21100e+17
1.46500e-07 1.10197e+17
1.47500e-07 1.11520e+17
1.48500e-07 1.09394e+17
1.49500e-07 1.07779e+17
1.50500e-07 9.67446e+16
1.51200e-07 8.49238e+16
1.51700e-07 8.78911e+16
1.52500e-07 9.15638e+16
1.53500e-07 7.73679e+16
1.54500e-07 7.59403e+16
1.55500e-07 7.38808e+16
1.56500e-07 7.93892e+16
1.57500e-07 8.42054e+16
1.58500e-07 8.41764e+16
1.59500e-07 8.35196e+16
1.60500e-07 8.52520e+16
1.61500e-07 8.35726e+16
1.62500e-07 8.13545e+16
1.63500e-07 8.60897e+16
1.64500e-07 8.53023e+16
1.65500e-07 8.35745e+16
1.66500e-07 8.60254e+16
1.67200e-07 8.22314e+16
1.67700e-07 8.72822e+16
1.68500e-07 8.58861e+16
1.69500e-07 8.12291e+16
1.70500e-07 7.81291e+16
1.71500e-07 7.38430e+16
1.72500e-07 7.25070e+16
1.73500e-07 7.57472e+16
1.74500e-07 7.31878e+16
1.75500e-07 7.44012e+16
1.76500e-07 7.16534e+16
1.77500e-07 6.83469e+16
1.78500e-07 6.94242e+16
1.79500e-07 7.16846e+16
1.80500e-07 7.19887e+16
1.81500e-07 6.39357e+16
1.82500e-07 6.68305e+16
1.83500e-07 6.39907e+16
1.84500e-07 5.81250e+16
1.85500e-07 5.80200e+16
1.86500e-07 5.88400e+16
1.87500e-07 6.23054e+16
1.88500e-07 5.51542e+16
1.89500e-07 5.09784e+16
1.90500e-07 5.57192e+16
1.91500e-07 5.18607e+16
1.92500e-07 4.94852e+16
1.93500e-07 5.24694e+16
1.94500e-07 5.36880e+16
1.95500e-07 4.83980e+16
1.96700e-07 5.25239e+16
1.97600e-07 5.47298e+16
1.98400e-07 5.03988e+16
1.99500e-07 4.95132e+16
2.00500e-07 5.11226e+16
2.01500e-07 5.01840e+16
2.02500e-07 5.20231e+16
2.03500e-07 4.72602e+16
2.04500e-07 4.81189e+16
2.05500e-07 4.67311e+16
2.06500e-07 4.69439e+16
2.07400e-07 4.92971e+16
2.07800e-07 4.44591e+16
2.08500e-07 4.66768e+16
2.09500e-07 4.39036e+16
2.10500e-07 4.54472e+16
2.11500e-07 4.53528e+16
2.12500e-07 4.58321e+16
2.13500e-07 4.47657e+16
2.14500e-07 4.24759e+16
2.15500e-07 4.42437e+16
2.16500e-07 4.38962e+16
2.17500e-07 4.32601e+16
2.18500e-07 4.18976e+16
2.19500e-07 4.24785e+16
2.20500e-07 4.19570e+16
2.21500e-07 4.11989e+16
2.22500e-07 3.99771e+16
2.23500e-07 3.97212e+16
2.24500e-07 3.98697e+16
2.25500e-07 3.85686e+16
2.26500e-07 3.90461e+16
2.27500e-07 3.84634e+16
2.28500e-07 3.84810e+16
2.29500e-07 3.63410e+16
2.30500e-07 3.71049e+16
2.31500e-07 3.58543e+16
2.32500e-07 3.11037e+16
2.33500e-07 3.41434e+16
2.34500e-07 3.42009e+16
2.35500e-07 3.41848e+16
2.36500e-07 3.35851e+16
2.37500e-07 3.30791e+16
2.38500e-07 3.27262e+16
2.39500e-07 3.26570e+16
2.40500e-07 3.17842e+16
2.41500e-07 3.16301e+16
2.42500e-07 3.16542e+16
2.43500e-07 3.06214e+16
2.44500e-07 3.07370e+16
2.45500e-07 3.07628e+16
2.46500e-07 3.00629e+16
2.47500e-07 2.96747e+16
2.48500e-07 2.94193e+16
2.49500e-07 2.73060e+16
2.50500e-07 2.86920e+16
2.51300e-07 2.72778e+16
2.51800e-07 2.83246e+16
2.52500e-07 2.77158e+16
2.53500e-07 2.73064e+16
2.54500e-07 2.66636e+16
2.55500e-07 2.69943e+16
2.56500e-07 2.66330e+16
2.57500e-07 2.66470e+16
2.58500e-07 2.64103e+16
2.59500e-07 2.60963e+16
2.60500e-07 2.57148e+16
2.61500e-07 2.53990e+16
2.62500e-07 2.51769e+16
2.63500e-07 2.49617e+16
2.64500e-07 2.49591e+16
2.65500e-07 2.48425e+16
2.66500e-07 2.39695e+16
2.67500e-07 2.40776e+16
2.68500e-07 2.39362e+16
2.69500e-07 2.31873e+16
2.70500e-07 2.29060e+16
2.71500e-07 2.27733e+16
2.72500e-07 2.25705e+16
2.73500e-07 2.25417e+16
2.74500e-07 2.17643e+16
2.75500e-07 2.17123e+16
2.76500e-07 2.15378e+16
2.77500e-07 2.17106e+16
2.78500e-07 2.13578e+16
2.79500e-07 2.04066e+16
2.80500e-07 2.06842e+16
2.81500e-07 2.08142e+16
2.82500e-07 2.04783e+16
2.83500e-07 1.96197e+16
2.84500e-07 1.99363e+16
2.85500e-07 1.97077e+16
2.86500e-07 1.97131e+16
2.87500e-07 1.94641e+16
2.88500e-07 1.92484e+16
2.89500e-07 1.90041e+16
2.91000e-07 1.86681e+16
2.93000e-07 1.83224e+16
2.95000e-07 1.77896e+16
2.97000e-07 1.75794e+16
2.99000e-07 1.71790e+16
3.01000e-07 1.66940e+16
3.03000e-07 1.65762e+16
3.05000e-07 1.62477e+16
3.07000e-07 1.59436e+16
3.09000e-07 1.54609e+16
3.11000e-07 1.52755e+16
3.13000e-07 1.49306e+16
3.15000e-07 1.46728e+16
3.17000e-07 1.43196e+16
3.19000e-07 1.39684e+16
3.21000e-07 1.38366e+16
3.23000e-07 1.35531e+16
3.25000e-07 1.33155e+16
3.27000e-07 1.30435e+16
3.29000e-07 1.27841e+16
3.31000e-07 1.25689e+16
3.33000e-07 1.23182e+16
3.35000e-07 1.20762e+16
3.37000e-07 1.18620e+16
3.39000e-07 1.16588e+16
3.41000e-07 1.14447e+16
3.43000e-07 1.10590e+16
3.45000e-07 1.08539e+16
3.47000e-07 1.07845e+16
3.49000e-07 1.06028e+16
3.51000e-07 1.04380e+16
3.53000e-07 1.02659e+16
3.55000e-07 1.00824e+16
3.57000e-07 9.94346e+15
3.59000e-07 9.66607e+15
3.61000e-07 9.50376e+15
3.63000e-07 9.35701e+15
3.64000e-07 9.35201e+15
3.65000e-07 9.24570e+15
3.67000e-07 9.12842e+15
3.69000e-07 8.78570e+15
3.71000e-07 8.31954e+15
3.73000e-07 8.03696e+15
3.75000e-07 8.45671e+15
3.77000e-07 8.40221e+15
3.79000e-07 8.86375e+15
3.81000e-07 9.34267e+15
3.83000e-07 8.16773e+15
3.85000e-07 9.50436e+15
3.87000e-07 9.60308e+15
3.89000e-07 7.55547e+15
3.91000e-07 9.54461e+15
3.93000e-07 9.30136e+15
3.95000e-07 9.20234e+15
3.97000e-07 7.02433e+15
3.99000e-07 8.81951e+15
4.01000e-07 8.87513e+15
4.03000e-07 8.46854e+15
4.05000e-07 8.62099e+15
4.07000e-07 8.26924e+15
4.09000e-07 7.55348e+15
4.11000e-07 6.62976e+15
4.13000e-07 7.80720e+15
4.15000e-07 7.79623e+15
4.17000e-07 7.75910e+15
4.19000e-07 7.68027e+15
4.21000e-07 7.59769e+15
4.23000e-07 7.43738e+15
4.25000e-07 7.26868e+15
4.27000e-07 7.00363e+15
4.29000e-07 6.99805e+15
4.31000e-07 6.78541e+15
4.33000e-07 6.07506e+15
4.35000e-07 5.53334e+15
4.37000e-07 6.43465e+15
4.39000e-07 6.38437e+15
4.41000e-07 6.35797e+15
4.43000e-07 6.26614e+15
4.45000e-07 6.19510e+15
4.47000e-07 5.83755e+15
4.49000e-07 5.98094e+15
4.51000e-07 5.94190e+15
4.53000e-07 5.83429e+15
4.55000e-07 5.74963e+15
4.57000e-07 5.65703e+15
4.59000e-07 5.56403e+15
4.61000e-07 5.44282e+15
4.63000e-07 5.36022e+15
4.65000e-07 5.23807e+15
4.67000e-07 5.21300e+15
4.69000e-07 5.16572e+15
4.71000e-07 4.96622e+15
4.73000e-07 4.96539e+15
4.75000e-07 4.89144e+15
4.77000e-07 4.87783e+15
4.79000e-07 4.78973e+15
4.81000e-07 4.68403e+15
4.83000e-07 4.58896e+15
4.85000e-07 4.18604e+15
4.87000e-07 3.72157e+15
4.89000e-07 4.38330e+15
4.91000e-07 4.36392e+15
4.93000e-07 4.20489e+15
4.95000e-07 4.24663e+15
4.97000e-07 4.20550e+15
4.99000e-07 4.13630e+15
5.01000e-07 3.95791e+15
5.03000e-07 4.01137e+15
5.05000e-07 3.90402e+15
5.07000e-07 3.90743e+15
5.09000e-07 3.84959e+15
5.11000e-07 3.78677e+15
5.13000e-07 3.70433e+15
5.15000e-07 3.65900e+15
5.17000e-07 3.63694e+15
5.19000e-07 3.58855e+15
5.21000e-07 3.52399e+15
5.23000e-07 3.48869e+15
5.25000e-07 3.44275e+15
5.27000e-07 3.38981e+15
5.29000e-07 3.35144e+15
5.31000e-07 3.30246e+15
5.33000e-07 3.25770e+15
5.35000e-07 3.20811e+15
5.37000e-07 3.17525e+15
5.39000e-07 3.13176e+15
5.41000e-07 3.09114e+15
5.43000e-07 3.04426e+15
5.45000e-07 3.00433e+15
5.47000e-07 2.96414e+15
5.49000e-07 2.92746e+15
5.51000e-07 2.89272e+15
5.53000e-07 2.85151e+15
5.55000e-07 2.81889e+15
5.57000e-07 2.78035e+15
5.59000e-07 2.74710e+15
5.61000e-07 2.70936e+15
5.63000e-07 2.67742e+15
5.65000e-07 2.62841e+15
5.67000e-07 2.58635e+15
5.69000e-07 2.55272e+15
5.71000e-07 2.53441e+15
5.73000e-07 2.50493e+15
5.75000e-07 2.46941e+15
5.77000e-07 2.44701e+15
5.79000e-07 2.41552e+15
5.81000e-07 2.38542e+15
5.83000e-07 2.35256e+15
5.85000e-07 2.32561e+15
5.87000e-07 2.21860e+15
5.89000e-07 2.24863e+15
5.91000e-07 2.23613e+15
5.93000e-07 2.20597e+15
5.95000e-07 2.17584e+15
5.97000e-07 2.16118e+15
5.99000e-07 2.12766e+15
6.01000e-07 2.10820e+15
6.03000e-07 2.08057e+15
6.05000e-07 2.05654e+15
6.07000e-07 2.03350e+15
6.09000e-07 2.00899e+15
6.11000e-07 1.98537e+15
6.13000e-07 1.96291e+15
6.15000e-07 1.92984e+15
6.17000e-07 1.91260e+15
6.19000e-07 1.89318e+15
6.21000e-07 1.87163e+15
6.23000e-07 1.85002e+15
6.25000e-07 1.82422e+15
6.27000e-07 1.80532e+15
6.29000e-07 1.78557e+15
6.31000e-07 1.76396e+15
6.33000e-07 1.74512e+15
6.35000e-07 1.71583e+15
6.37000e-07 1.70062e+15
6.39000e-07 1.68436e+15
6.41000e-07 1.66479e+15
6.43000e-07 1.64816e+15
6.45000e-07 1.62836e+15
6.47000e-07 1.60534e+15
6.49000e-07 1.58813e+15
6.51000e-07 1.56985e+15
6.53000e-07 1.54453e+15
6.55000e-07 1.46293e+15
6.56125e-07 1.28428e+15
6.59000e-07 1.46786e+15
6.61000e-07 1.48124e+15
6.63000e-07 1.47095e+15
6.65000e-07 1.45589e+15
6.67000e-07 1.42457e+15
6.69000e-07 1.40891e+15
6.71000e-07 1.40964e+15
6.73000e-07 1.39188e+15
6.75000e-07 1.37884e+15
6.77000e-07 1.36479e+15
6.79000e-07 1.33911e+15
6.81000e-07 1.33329e+15
6.83000e-07 1.31984e+15
6.85000e-07 1.30652e+15
6.87000e-07 1.29278e+15
6.89000e-07 1.27814e+15
6.91000e-07 1.26444e+15
6.93000e-07 1.25112e+15
6.95000e-07 1.23886e+15
6.97000e-07 1.22594e+15
6.99000e-07 1.21269e+15
7.01000e-07 1.19995e+15
7.03000e-07 1.18742e+15
7.05000e-07 1.17470e+15
7.07000e-07 1.14267e+15
7.09000e-07 1.15107e+15
7.11000e-07 1.13320e+15
7.13000e-07 1.12241e+15
7.15000e-07 1.11518e+15
7.17000e-07 1.10398e+15
7.19000e-07 1.09304e+15
7.21000e-07 1.08191e+15
7.23000e-07 1.05554e+15
7.25000e-07 1.05904e+15
7.27000e-07 1.04916e+15
7.29000e-07 1.02866e+15
7.31000e-07 1.02784e+15
7.33000e-07 1.01761e+15
7.35000e-07 1.00761e+15
7.37000e-07 9.97574e+14
7.39000e-07 9.87629e+14
7.41000e-07 9.77777e+14
7.43000e-07 9.67333e+14
7.45000e-07 9.58346e+14
7.47000e-07 9.47009e+14
7.49000e-07 9.39273e+14
7.51000e-07 9.29734e+14
7.53000e-07 9.20616e+14
7.55000e-07 9.12309e+14
7.57000e-07 9.03418e+14
7.59000e-07 8.94478e+14
7.61000e-07 8.85489e+14
7.63000e-07 8.77229e+14
7.65000e-07 8.68786e+14
7.67000e-07 8.60547e+14
7.69000e-07 8.52127e+14
7.71000e-07 8.43909e+14
7.73000e-07 8.35891e+14
7.75000e-07 8.27882e+14
7.77000e-07 8.15014e+14
7.79000e-07 8.12449e+14
7.81000e-07 8.03908e+14
7.83000e-07 7.97102e+14
7.85000e-07 7.88950e+14
7.87000e-07 7.80018e+14
7.89000e-07 7.71348e+14
7.91000e-07 7.66670e+14
7.93000e-07 7.59153e+14
7.95000e-07 7.51345e+14
7.97000e-07 7.45088e+14
7.99000e-07 7.37409e+14
8.01000e-07 7.31206e+14
8.03000e-07 7.25289e+14
8.05000e-07 7.18783e+14
8.07000e-07 7.12795e+14
8.09000e-07 7.04728e+14
8.11000e-07 6.97533e+14
8.13000e-07 6.93536e+14
8.15000e-07 6.85712e+14
8.17000e-07 6.81117e+14
8.19000e-07 6.73582e+14
8.21000e-07 6.63542e+14
8.23000e-07 6.58152e+14
8.25000e-07 6.54854e+14
8.27000e-07 6.45080e+14
8.29000e-07 6.43068e+14
8.31000e-07 6.37685e+14
8.33000e-07 6.31912e+14
8.35000e-07 6.24674e+14
8.37000e-07 6.18089e+14
8.39000e-07 6.15253e+14
8.41000e-07 6.09241e+14
8.43000e-07 5.99886e+14
8.45000e-07 5.89663e+14
8.47000e-07 5.88877e+14
8.49000e-07 5.81349e+14
8.51000e-07 5.74927e+14
8.53000e-07 5.72648e+14
8.55000e-07 5.57707e+14
8.57000e-07 5.71572e+14
8.59000e-07 5.45224e+14
8.61000e-07 5.43609e+14
8.63000e-07 5.63551e+14
8.65000e-07 5.43175e+14
8.67000e-07 5.11252e+14
8.69000e-07 5.46217e+14
8.71000e-07 5.52253e+14
8.73000e-07 5.31782e+14
8.75000e-07 4.84390e+14
8.77000e-07 5.13913e+14
8.79000e-07 5.35030e+14
8.81000e-07 5.33235e+14
8.83000e-07 5.24299e+14
8.85000e-07 4.88310e+14
8.87000e-07 4.55068e+14
8.89000e-07 5.03613e+14
8.91000e-07 5.11082e+14
8.93000e-07 5.08749e+14
8.95000e-07 5.06242e+14
8.97000e-07 4.99867e+14
8.99000e-07 4.80119e+14
9.01000e-07 4.28334e+14
9.03000e-07 4.47590e+14
9.05000e-07 4.77821e+14
9.07000e-07 4.75762e+14
9.09000e-07 4.76361e+14
9.11000e-07 4.74680e+14
9.13000e-07 4.71202e+14
9.15000e-07 4.67029e+14
9.17000e-07 4.60738e+14
9.19000e-07 4.54542e+14
9.21000e-07 4.30670e+14
9.23000e-07 3.79026e+14
9.25000e-07 4.22114e+14
9.27000e-07 4.35941e+14
9.29000e-07 4.39658e+14
9.31000e-07 4.35381e+14
9.33000e-07 4.33862e+14
9.35000e-07 4.31060e+14
9.37000e-07 4.28029e+14
9.39000e-07 4.24592e+14
9.41000e-07 4.19990e+14
9.43000e-07 4.17749e+14
9.45000e-07 4.14080e+14
9.47000e-07 4.07334e+14
9.49000e-07 4.05355e+14
9.51000e-07 3.94850e+14
9.53000e-07 3.73520e+14
9.55000e-07 3.32935e+14
9.57000e-07 3.76414e+14
9.59000e-07 3.87024e+14
9.61000e-07 3.85660e+14
9.63000e-07 3.81772e+14
9.65000e-07 3.82882e+14
9.67000e-07 3.79728e+14
9.69000e-07 3.76389e+14
9.71000e-07 3.72459e+14
9.73000e-07 3.71052e+14
9.75000e-07 3.68022e+14
9.77000e-07 3.65329e+14
9.79000e-07 3.62458e+14
9.81000e-07 3.59510e+14
9.83000e-07 3.56800e+14
9.85000e-07 3.54103e+14
9.87000e-07 3.51157e+14
9.89000e-07 3.48171e+14
9.91000e-07 3.43675e+14
9.93000e-07 3.43369e+14
9.95000e-07 3.40499e+14
9.97000e-07 3.36996e+14
9.99000e-07 3.33802e+14
1.00250e-06 3.13149e+14
1.00750e-06 3.02262e+14
1.01250e-06 3.16449e+14
1.01750e-06 3.12863e+14
1.02250e-06 3.07007e+14
1.02750e-06 3.01525e+14
1.03250e-06 2.94615e+14
1.03750e-06 2.90613e+14
1.04250e-06 2.85354e+14
1.04750e-06 2.80171e+14
1.05250e-06 2.75047e+14
1.05750e-06 2.70195e+14
1.06250e-06 2.65392e+14
1.06750e-06 2.59992e+14
1.07250e-06 2.56064e+14
1.07750e-06 2.51535e+14
1.08250e-06 2.43948e+14
1.08750e-06 2.41305e+14
1.09250e-06 2.16306e+14
1.09750e-06 2.27022e+14
1.10250e-06 2.28523e+14
1.10750e-06 2.26479e+14
1.11250e-06 2.22646e+14
1.11750e-06 2.18860e+14
1.12250e-06 2.15001e+14
1.12750e-06 2.11116e+14
1.13250e-06 2.07649e+14
1.13750e-06 2.04500e+14
1.14250e-06 2.00962e+14
1.14750e-06 1.97784e+14
1.15250e-06 1.94515e+14
1.15750e-06 1.91185e+14
1.16250e-06 1.88113e+14
1.16750e-06 1.85055e+14
1.17250e-06 1.82099e+14
1.17750e-06 1.79061e+14
1.18250e-06 1.76278e+14
1.18750e-06 1.73453e+14
1.19250e-06 1.70696e+14
1.19750e-06 1.66696e+14
1.20250e-06 1.65315e+14
1.20750e-06 1.62709e+14
1.21250e-06 1.60145e+14
1.21750e-06 1.57637e+14
1.22250e-06 1.55184e+14
1.22750e-06 1.52774e+14
1.23250e-06 1.50401e+14
1.23750e-06 1.48084e+14
1.24250e-06 1.45821e+14
1.24750e-06 1.43446e+14
1.25250e-06 1.41028e+14
1.25750e-06 1.39185e+14
1.26250e-06 1.37118e+14
1.26750e-06 1.35074e+14
1.27250e-06 1.32777e+14
1.27750e-06 1.27929e+14
1.28250e-06 1.17224e+14
1.28750e-06 1.25801e+14
1.29250e-06 1.25130e+14
1.29750e-06 1.22713e+14
1.30250e-06 1.21650e+14
1.30750e-06 1.19884e+14
1.31250e-06 1.18139e+14
1.31750e-06 1.16389e+14
1.32250e-06 1.14740e+14
1.32750e-06 1.13086e+14
1.33250e-06 1.11450e+14
1.33750e-06 1.09858e+14
1.34250e-06 1.08171e+14
1.34750e-06 1.06756e+14
1.35250e-06 1.05233e+14
1.35750e-06 1.03760e+14
1.36250e-06 1.02288e+14
1.36750e-06 1.00862e+14
1.37250e-06 9.94445e+13
1.37750e-06 9.80846e+13
1.38250e-06 9.67260e+13
1.38750e-06 9.53843e+13
1.39250e-06 9.40050e+13
1.39750e-06 9.27472e+13
1.40250e-06 9.15105e+13
1.40750e-06 9.02701e+13
1.41250e-06 8.90374e+13
1.41750e-06 8.78366e+13
1.42250e-06 8.66561e+13
1.42750e-06 8.54900e+13
1.43250e-06 8.43416e+13
1.43750e-06 8.32126e+13
1.44250e-06 8.21045e+13
1.44750e-06 8.10168e+13
1.45250e-06 7.99457e+13
1.45700e-06 7.90054e+13
1.46200e-06 7.79795e+13
1.46750e-06 7.68678e+13
1.47250e-06 7.58706e+13
1.47750e-06 7.48816e+13
1.48250e-06 7.39283e+13
1.48750e-06 7.29758e+13
1.49250e-06 7.20429e+13
1.49750e-06 7.11057e+13
1.50250e-06 7.01910e+13
1.50750e-06 6.91227e+13
1.51250e-06 6.83486e+13
1.51750e-06 6.74458e+13
1.52250e-06 6.65501e+13
1.52750e-06 6.56647e+13
1.53250e-06 6.47524e+13
1.53750e-06 6.39941e+13
1.54250e-06 6.30004e+13
1.54750e-06 6.23863e+13
1.55250e-06 6.15303e+13
1.55750e-06 6.04805e+13
1.56250e-06 6.03733e+13
1.56750e-06 5.90581e+13
1.57250e-06 5.81118e+13
1.57750e-06 5.83299e+13
1.58250e-06 5.74760e+13
1.58750e-06 5.53954e+13
1.59250e-06 5.57626e+13
1.59750e-06 5.58274e+13
1.60500e-06 5.43300e+13
1.61500e-06 5.22784e+13
1.62500e-06 5.23146e+13
1.63500e-06 5.04210e+13
1.64500e-06 4.84622e+13
1.65500e-06 4.88053e+13
1.66500e-06 4.77140e+13
1.67500e-06 4.58126e+13
1.68500e-06 4.39250e+13
1.69500e-06 4.44743e+13
1.70500e-06 4.32802e+13
1.71500e-06 4.25592e+13
1.72500e-06 4.14848e+13
1.73500e-06 3.86539e+13
1.74500e-06 3.94494e+13
1.75500e-06 3.89118e+13
1.76500e-06 3.80670e+13
1.77500e-06 3.72339e+13
1.78500e-06 3.63946e+13
1.79500e-06 3.56512e+13
1.80500e-06 3.47820e+13
1.81500e-06 3.24556e+13
1.82500e-06 3.29492e+13
1.83500e-06 3.27030e+13
1.84500e-06 3.20274e+13
1.85500e-06 3.13140e+13
1.86500e-06 3.03997e+13
1.87500e-06 2.85118e+13
1.88500e-06 2.93732e+13
1.89500e-06 2.88384e+13
1.90500e-06 2.81606e+13
1.91500e-06 2.77029e+13
1.92500e-06 2.71485e+13
1.93500e-06 2.64601e+13
1.94500e-06 2.45516e+13
1.95500e-06 2.53794e+13
1.96500e-06 2.50554e+13
1.97500e-06 2.45637e+13
1.98500e-06 2.40845e+13
1.99500e-06 2.36165e+13
2.00500e-06 2.31603e+13
2.01500e-06 2.27148e+13
2.02500e-06 2.22798e+13
2.03500e-06 2.18548e+13
2.04500e-06 2.14299e+13
2.05500e-06 2.09863e+13
2.06500e-06 2.06404e+13
2.07500e-06 2.02539e+13
2.08500e-06 1.98772e+13
2.09500e-06 1.95085e+13
2.10500e-06 1.91484e+13
2.11500e-06 1.87109e+13
2.12500e-06 1.84535e+13
2.13500e-06 1.81166e+13
2.14500e-06 1.77802e+13
2.15500e-06 1.73844e+13
2.16500e-06 1.61367e+13
2.17500e-06 1.67101e+13
2.18500e-06 1.65315e+13
2.19500e-06 1.62545e+13
2.20500e-06 1.59687e+13
2.21500e-06 1.56890e+13
2.22500e-06 1.54090e+13
2.23500e-06 1.51462e+13
2.24500e-06 1.48838e+13
2.25500e-06 1.46268e+13
2.26500e-06 1.43754e+13
2.27500e-06 1.41299e+13
2.28500e-06 1.39040e+13
2.29500e-06 1.37230e+13
2.30500e-06 1.34865e+13
2.31500e-06 1.32641e+13
2.32500e-06 1.30415e+13
2.33500e-06 1.28160e+13
2.34500e-06 1.25796e+13
2.35500e-06 1.23636e+13
2.36500e-06 1.21542e+13
2.37500e-06 1.19472e+13
2.38500e-06 1.17492e+13
2.39500e-06 1.15495e+13
2.40500e-06 1.13553e+13
2.41500e-06 1.11684e+13
2.42500e-06 1.09868e+13
2.43500e-06 1.08078e+13
2.44500e-06 1.06250e+13
2.45500e-06 1.04662e+13
2.46500e-06 1.02872e+13
2.47500e-06 1.01144e+13
2.48500e-06 9.98498e+12
2.49500e-06 9.79253e+12
2.50500e-06 9.72891e+12
2.51500e-06 9.53913e+12
2.52500e-06 9.31954e+12
2.53500e-06 9.23092e+12
2.54500e-06 9.11548e+12
2.55500e-06 8.94327e+12
2.56500e-06 8.72652e+12
2.57500e-06 8.68557e+12
2.58500e-06 8.58017e+12
2.59500e-06 8.44480e+12
2.60500e-06 8.25628e+12
2.61500e-06 8.00705e+12
2.62500e-06 7.59571e+12
2.63500e-06 7.89573e+12
2.64500e-06 7.84098e+12
2.65500e-06 7.71790e+12
2.66500e-06 7.56885e+12
2.67500e-06 7.31441e+12
2.68500e-06 7.34625e+12
2.69500e-06 7.29183e+12
2.70500e-06 7.19271e+12
2.71500e-06 7.08872e+12
2.72500e-06 6.98706e+12
2.73500e-06 6.88620e+12
2.74500e-06 6.75813e+12
2.75500e-06 6.49275e+12
2.76500e-06 6.49465e+12
2.77500e-06 6.49049e+12
2.78500e-06 6.41239e+12
2.79500e-06 6.32270e+12
2.80500e-06 6.23317e+12
2.81500e-06 6.14713e+12
2.82500e-06 6.06168e+12
2.83500e-06 5.97774e+12
2.84500e-06 5.89576e+12
2.85500e-06 5.80184e+12
2.86500e-06 5.65906e+12
2.87500e-06 5.42970e+12
2.88500e-06 5.54738e+12
2.89500e-06 5.50148e+12
2.90500e-06 5.42974e+12
2.91500e-06 5.35664e+12
2.92500e-06 5.28485e+12
2.93500e-06 5.21435e+12
2.94500e-06 5.14468e+12
2.95500e-06 5.07627e+12
2.96500e-06 5.00909e+12
2.97500e-06 4.94312e+12
2.98500e-06 4.87792e+12
2.99500e-06 4.81390e+12
3.00500e-06 4.75105e+12
3.01500e-06 4.68726e+12
3.02500e-06 4.60815e+12
3.03500e-06 4.39501e+12
3.04500e-06 4.39667e+12
3.05500e-06 4.43736e+12
3.06500e-06 4.39442e+12
3.07500e-06 4.33600e+12
3.08500e-06 4.28220e+12
3.09500e-06 4.22862e+12
3.10500e-06 4.17486e+12
3.11500e-06 4.12169e+12
3.12500e-06 4.06951e+12
3.13500e-06 4.01944e+12
3.14500e-06 3.96916e+12
3.15500e-06 3.91944e+12
3.16500e-06 3.87102e+12
3.17500e-06 3.82275e+12
3.18500e-06 3.77576e+12
3.19500e-06 3.72928e+12
3.21000e-06 3.66088e+12
3.23000e-06 3.57202e+12
3.25000e-06 3.48589e+12
3.27000e-06 3.39984e+12
3.29000e-06 3.20963e+12
3.31000e-06 3.21948e+12
3.33000e-06 3.17290e+12
3.35000e-06 3.09944e+12
3.37000e-06 3.02724e+12
3.39000e-06 2.95717e+12
3.41000e-06 2.88908e+12
3.43000e-06 2.82296e+12
3.45000e-06 2.75870e+12
3.47000e-06 2.69236e+12
3.49000e-06 2.63032e+12
3.51000e-06 2.57126e+12
3.53000e-06 2.51272e+12
3.55000e-06 2.45648e+12
3.57000e-06 2.40187e+12
3.59000e-06 2.34964e+12
3.61000e-06 2.29754e+12
3.63000e-06 2.24834e+12
3.65000e-06 2.19834e+12
3.67000e-06 2.15364e+12
3.69000e-06 2.10307e+12
3.71000e-06 2.05859e+12
3.73000e-06 1.98326e+12
3.75000e-06 1.92610e+12
3.77000e-06 1.93548e+12
3.79000e-06 1.89964e+12
3.81000e-06 1.85094e+12
3.83000e-06 1.81404e+12
3.85000e-06 1.78596e+12
3.87000e-06 1.74964e+12
3.89000e-06 1.70887e+12
3.91000e-06 1.66378e+12
3.93000e-06 1.64372e+12
3.95000e-06 1.61302e+12
3.97000e-06 1.58117e+12
3.99000e-06 1.54996e+12
4.01000e-06 1.50712e+12
4.03000e-06 1.47144e+12
4.05000e-06 1.41232e+12
4.07000e-06 1.42979e+12
4.09000e-06 1.40485e+12
4.11000e-06 1.37790e+12
4.13000e-06 1.35014e+12
4.15000e-06 1.32230e+12
4.17000e-06 1.27836e+12
4.19000e-06 1.27207e+12
4.21000e-06 1.25238e+12
4.23000e-06 1.22903e+12
4.25000e-06 1.20545e+12
4.27000e-06 1.18392e+12
4.29000e-06 1.15976e+12
4.31000e-06 1.14085e+12
4.33000e-06 1.12003e+12
4.35000e-06 1.09817e+12
4.37000e-06 1.05853e+12
4.39000e-06 1.05145e+12
4.41000e-06 1.04123e+12
4.43000e-06 1.02285e+12
4.45000e-06 1.00470e+12
4.47000e-06 9.88204e+11
4.49000e-06 9.70824e+11
4.51000e-06 9.53805e+11
4.53000e-06 9.37140e+11
4.55000e-06 9.20876e+11
4.57000e-06 9.04933e+11
4.59000e-06 8.89339e+11
4.61000e-06 8.73698e+11
4.63000e-06 8.56782e+11
4.65000e-06 8.09319e+11
4.67000e-06 8.03525e+11
4.69000e-06 8.09960e+11
4.71000e-06 8.02451e+11
4.73000e-06 7.89095e+11
4.75000e-06 7.75918e+11
4.77000e-06 7.63084e+11
4.79000e-06 7.50486e+11
4.81000e-06 7.38135e+11
4.83000e-06 7.26044e+11
4.85000e-06 7.14190e+11
4.87000e-06 7.02570e+11
4.89000e-06 6.91195e+11
4.91000e-06 6.80059e+11
4.93000e-06 6.69127e+11
4.95000e-06 6.58427e+11
4.97000e-06 6.47938e+11
4.99000e-06 6.37640e+11
5.01000e-06 6.27561e+11
5.03000e-06 6.17682e+11
5.05000e-06 6.07983e+11
5.07000e-06 5.98491e+11
5.09000e-06 5.89159e+11
5.11000e-06 5.76491e+11
5.13000e-06 5.50904e+11
5.15000e-06 5.59915e+11
5.17000e-06 5.53646e+11
5.19000e-06 5.45205e+11
5.21000e-06 5.36906e+11
5.23000e-06 5.28772e+11
5.25000e-06 5.20787e+11
5.27000e-06 5.12948e+11
5.29000e-06 5.05267e+11
5.31000e-06 4.97714e+11
5.33000e-06 4.90312e+11
5.35000e-06 4.83047e+11
5.37000e-06 4.75915e+11
5.39000e-06 4.68901e+11
5.41000e-06 4.62030e+11
5.43000e-06 4.55285e+11
5.45000e-06 4.48652e+11
5.47000e-06 4.42141e+11
5.49000e-06 4.35751e+11
5.51000e-06 4.29479e+11
5.53000e-06 4.23310e+11
5.55000e-06 4.17268e+11
5.57000e-06 4.11314e+11
5.59000e-06 4.05471e+11
5.61000e-06 3.99736e+11
5.63000e-06 3.94108e+11
5.65000e-06 3.88561e+11
5.67000e-06 3.83118e+11
5.69000e-06 3.77776e+11
5.71000e-06 3.72523e+11
5.73000e-06 3.67357e+11
5.75000e-06 3.62288e+11
5.77000e-06 3.57303e+11
5.79000e-06 3.52389e+11
5.81000e-06 3.47578e+11
5.83000e-06 3.42848e+11
5.85000e-06 3.38449e+11
5.87000e-06 3.33742e+11
5.89000e-06 3.26831e+11
5.91000e-06 3.11777e+11
5.93000e-06 3.18987e+11
5.95000e-06 3.16293e+11
5.97000e-06 3.12095e+11
5.99000e-06 3.07946e+11
6.01000e-06 3.03876e+11
6.03000e-06 2.99875e+11
6.05000e-06 2.95929e+11
6.07000e-06 2.92060e+11
6.09000e-06 2.88246e+11
6.11000e-06 2.84495e+11
6.13000e-06 2.80807e+11
6.15000e-06 2.77170e+11
6.17000e-06 2.73605e+11
6.19000e-06 2.70090e+11
6.21000e-06 2.66624e+11
6.23000e-06 2.63226e+11
6.25000e-06 2.59875e+11
6.27000e-06 2.56581e+11
6.29000e-06 2.53334e+11
6.31000e-06 2.50141e+11
6.33000e-06 2.46992e+11
6.35000e-06 2.43897e+11
6.37000e-06 2.40855e+11
6.39000e-06 2.37855e+11
6.42000e-06 2.33443e+11
6.46000e-06 2.27727e+11
6.50000e-06 2.22168e+11
6.54000e-06 2.16790e+11
6.58000e-06 2.11570e+11
6.62000e-06 2.06502e+11
6.66000e-06 2.01591e+11
6.70000e-06 1.96825e+11
6.74000e-06 1.92190e+11
6.78000e-06 1.87700e+11
6.82000e-06 1.83334e+11
6.86000e-06 1.79097e+11
6.90000e-06 1.74977e+11
6.94000e-06 1.70979e+11
6.98000e-06 1.67092e+11
7.02000e-06 1.63320e+11
7.06000e-06 1.59645e+11
7.10000e-06 1.56080e+11
7.14000e-06 1.52607e+11
7.18000e-06 1.49238e+11
7.22000e-06 1.45956e+11
7.26000e-06 1.42765e+11
7.30000e-06 1.39657e+11
7.34000e-06 1.36635e+11
7.38000e-06 1.33699e+11
7.42000e-06 1.30482e+11
7.46000e-06 1.24747e+11
7.50000e-06 1.21739e+11
7.54000e-06 1.22472e+11
7.58000e-06 1.20134e+11
7.62000e-06 1.17630e+11
7.66000e-06 1.15191e+11
7.70000e-06 1.12816e+11
7.74000e-06 1.10502e+11
7.78000e-06 1.08242e+11
7.82000e-06 1.06047e+11
7.86000e-06 1.03903e+11
7.90000e-06 1.01810e+11
7.94000e-06 9.97765e+10
7.98000e-06 9.77908e+10
8.02000e-06 9.58513e+10
8.06000e-06 9.39628e+10
8.10000e-06 9.21184e+10
8.14000e-06 9.03169e+10
8.18000e-06 8.85631e+10
8.22000e-06 8.68502e+10
8.26000e-06 8.51773e+10
8.30000e-06 8.35435e+10
8.34000e-06 8.19533e+10
8.38000e-06 8.03949e+10
8.42000e-06 7.88783e+10
8.46000e-06 7.73972e+10
8.50000e-06 7.59457e+10
8.54000e-06 7.45334e+10
8.58000e-06 7.31493e+10
8.62000e-06 7.18027e+10
8.66000e-06 7.04829e+10
8.70000e-06 6.91942e+10
8.74000e-06 6.79310e+10
8.78000e-06 6.67026e+10
8.82000e-06 6.54984e+10
8.86000e-06 6.43181e+10
8.90000e-06 6.31705e+10
8.94000e-06 6.20455e+10
8.98000e-06 6.09428e+10
9.02000e-06 5.98710e+10
9.06000e-06 5.88156e+10
9.10000e-06 5.77856e+10
9.14000e-06 5.67804e+10
9.18000e-06 5.57949e+10
9.22000e-06 5.48288e+10
9.26000e-06 5.38860e+10
9.30000e-06 5.29662e+10
9.34000e-06 5.20600e+10
9.38000e-06 5.11759e+10
9.42000e-06 5.03092e+10
9.46000e-06 4.94637e+10
9.50000e-06 4.86348e+10
9.54000e-06 4.78221e+10
9.58000e-06 4.70254e+10
9.62000e-06 4.62444e+10
9.66000e-06 4.54827e+10
9.70000e-06 4.47360e+10
9.74000e-06 4.40040e+10
9.78000e-06 4.32863e+10
9.82000e-06 4.25828e+10
9.86000e-06 4.18931e+10
9.90000e-06 4.12170e+10
9.94000e-06 4.05580e+10
9.98000e-06 3.99083e+10
1.00200e-05 3.92751e+10
2.00000e-05 2.44479e+09
4.00000e-05 1.50273e+08
6.00000e-05 2.93431e+07
8.00000e-05 9.19988e+06
1.00000e-04 3.73958e+06
1.20000e-04 1.79125e+06
1.40000e-04 9.61066e+05
1.60000e-04 5.60328e+05
