9.09000e-09 0.00000e+00
9.35000e-09 0.00000e+00
9.61000e-09 0.00000e+00
9.77000e-09 0.00000e+00
9.96000e-09 0.00000e+00
1.02000e-08 0.00000e+00
1.03800e-08 0.00000e+00
1.05600e-08 0.00000e+00
1.07700e-08 0.00000e+00
1.10400e-08 0.00000e+00
1.14000e-08 0.00000e+00
1.17800e-08 0.00000e+00
1.21300e-08 0.00000e+00
1.24800e-08 0.00000e+00
1.27100e-08 0.00000e+00
1.28400e-08 0.00000e+00
1.30500e-08 0.00000e+00
1.32400e-08 0.00000e+00
1.33900e-08 0.00000e+00
1.36600e-08 0.00000e+00
1.39800e-08 0.00000e+00
1.43300e-08 0.00000e+00
1.47200e-08 0.00000e+00
1.51000e-08 0.00000e+00
1.55200e-08 0.00000e+00
1.58800e-08 0.00000e+00
1.62000e-08 0.00000e+00
1.66000e-08 0.00000e+00
1.70300e-08 0.00000e+00
1.73400e-08 0.00000e+00
1.76800e-08 0.00000e+00
1.80200e-08 0.00000e+00
1.81700e-08 0.00000e+00
1.86100e-08 0.00000e+00
1.91000e-08 0.00000e+00
1.93900e-08 0.00000e+00
1.98400e-08 0.00000e+00
2.01800e-08 0.00000e+00
2.05000e-08 0.00000e+00
2.10500e-08 0.00000e+00
2.16200e-08 0.00000e+00
2.19800e-08 0.00000e+00
2.23000e-08 0.00000e+00
2.26800e-08 0.00000e+00
2.30000e-08 0.00000e+00
2.34000e-08 0.00000e+00
2.40000e-08 0.00000e+00
2.46500e-08 0.00000e+00
2.52400e-08 0.00000e+00
2.56800e-08 0.00000e+00
2.60000e-08 0.00000e+00
2.64000e-08 0.00000e+00
2.68500e-08 0.00000e+00
2.73500e-08 0.00000e+00
2.78500e-08 0.00000e+00
2.84000e-08 0.00000e+00
2.90000e-08 0.00000e+00
2.96000e-08 0.00000e+00
3.01000e-08 0.00000e+00
3.08000e-08 0.00000e+00
3.18000e-08 0.00000e+00
3.28000e-08 0.00000e+00
3.38000e-08 0.00000e+00
3.48000e-08 0.00000e+00
3.57000e-08 0.00000e+00
3.66000e-08 0.00000e+00
3.75000e-08 0.00000e+00
3.85000e-08 0.00000e+00
3.95000e-08 0.00000e+00
4.05000e-08 0.00000e+00
4.14000e-08 0.00000e+00
4.22000e-08 0.00000e+00
4.30000e-08 0.00000e+00
4.41000e-08 0.00000e+00
4.51000e-08 0.00000e+00
4.60000e-08 0.00000e+00
4.70000e-08 0.00000e+00
4.80000e-08 0.00000e+00
4.90000e-08 0.00000e+00
5.00000e-08 0.00000e+00
5.06000e-08 0.00000e+00
5.12000e-08 0.00000e+00
5.20000e-08 0.00000e+00
5.30000e-08 0.00000e+00
5.40000e-08 0.00000e+00
5.50000e-08 0.00000e+00
5.60000e-08 0.00000e+00
5.70000e-08 0.00000e+00
5.80000e-08 0.00000e+00
5.90000e-08 0.00000e+00
6.00000e-08 0.00000e+00
6.10000e-08 0.00000e+00
6.20000e-08 0.00000e+00
6.30000e-08 0.00000e+00
6.40000e-08 0.00000e+00
6.50000e-08 0.00000e+00
6.58000e-08 0.00000e+00
6.65000e-08 0.00000e+00
6.75000e-08 0.00000e+00
6.85000e-08 0.00000e+00
6.95000e-08 0.00000e+00
7.05000e-08 0.00000e+00
7.16000e-08 0.00000e+00
7.26000e-08 0.00000e+00
7.35000e-08 0.00000e+00
7.45000e-08 0.00000e+00
7.55000e-08 0.00000e+00
7.65000e-08 0.00000e+00
7.75000e-08 0.00000e+00
7.85000e-08 0.00000e+00
7.95000e-08 0.00000e+00
8.05000e-08 0.00000e+00
8.15000e-08 0.00000e+00
8.25000e-08 0.00000e+00
8.35000e-08 0.00000e+00
8.45000e-08 0.00000e+00
8.55000e-08 0.00000e+00
8.65000e-08 0.00000e+00
8.75000e-08 0.00000e+00
8.85000e-08 0.00000e+00
8.95000e-08 0.00000e+00
9.05000e-08 0.00000e+00
9.15000e-08 0.00000e+00
9.25000e-08 8.92133e-01
9.35000e-08 1.26482e+00
9.45000e-08 1.92975e+00
9.55000e-08 3.01054e+00
9.65000e-08 4.80650e+00
9.75000e-08 6.46282e+00
9.85000e-08 9.75816e+00
9.95000e-08 1.37914e+01
1.00500e-07 2.08700e+01
1.01500e-07 2.95405e+01
1.02500e-07 3.28708e+01
1.03500e-07 6.15268e+01
1.04500e-07 8.78742e+01
1.05500e-07 1.08803e+02
1.06500e-07 1.60995e+02
1.07500e-07 2.20384e+02
1.08500e-07 3.03292e+02
1.09500e-07 3.75811e+02
1.10500e-07 5.01371e+02
1.11500e-07 6.74356e+02
1.12500e-07 9.59191e+02
1.13500e-07 1.38325e+03
1.14500e-07 1.87069e+03
1.15500e-07 2.40987e+03
1.16500e-07 3.16601e+03
1.17500e-07 4.21638e+03
1.18500e-07 5.16365e+03
1.19500e-07 5.93525e+03
1.20500e-07 6.69878e+03
1.21500e-07 4.52722e+03
1.22500e-07 1.02850e+04
1.23500e-07 1.61711e+04
1.24500e-07 2.06822e+04
1.25500e-07 2.49906e+04
1.26500e-07 3.03743e+04
1.27500e-07 3.74338e+04
1.28500e-07 4.29154e+04
1.29500e-07 5.28515e+04
1.30500e-07 6.17183e+04
1.31500e-07 7.76979e+04
1.32500e-07 8.81450e+04
1.33500e-07 1.02506e+05
1.34500e-07 1.27674e+05
1.35500e-07 1.56234e+05
1.36500e-07 1.80554e+05
1.37500e-07 2.11178e+05
1.38500e-07 2.45416e+05
1.39500e-07 2.93579e+05
1.40500e-07 3.61286e+05
1.41500e-07 4.31329e+05
1.42500e-07 5.08856e+05
1.43500e-07 6.15637e+05
1.44200e-07 7.48093e+05
1.44700e-07 7.51388e+05
1.45500e-07 8.70669e+05
1.46500e-07 1.09721e+06
1.47500e-07 1.27733e+06
1.48500e-07 1.42316e+06
1.49500e-07 1.82430e+06
1.50500e-07 2.21196e+06
1.51200e-07 2.03679e+06
1.51700e-07 2.40940e+06
1.52500e-07 5.47384e+06
1.53500e-07 9.20487e+06
1.54500e-07 7.82508e+06
1.55500e-07 1.31183e+07
1.56500e-07 1.27607e+07
1.57500e-07 3.04315e+07
1.58500e-07 3.68824e+07
1.59500e-07 4.38419e+07
1.60500e-07 4.64956e+07
1.61500e-07 5.08961e+07
1.62500e-07 5.77345e+07
1.63500e-07 7.50861e+07
1.64500e-07 1.09563e+08
1.65500e-07 7.84951e+07
1.66500e-07 1.34070e+08
1.67200e-07 9.19637e+07
1.67700e-07 3.54650e+08
1.68500e-07 4.02960e+08
1.69500e-07 5.14082e+08
1.70500e-07 5.52702e+08
1.71500e-07 5.29047e+08
1.72500e-07 7.42896e+08
1.73500e-07 8.86026e+08
1.74500e-07 1.25328e+09
1.75500e-07 1.62849e+09
1.76500e-07 1.58856e+09
1.77500e-07 1.66888e+09
1.78500e-07 2.37196e+09
1.79500e-07 2.63873e+09
1.80500e-07 3.16264e+09
1.81500e-07 2.93038e+09
1.82500e-07 3.91613e+09
1.83500e-07 4.03534e+09
1.84500e-07 3.19532e+09
1.85500e-07 4.35213e+09
1.86500e-07 5.25612e+09
1.87500e-07 5.71028e+09
1.88500e-07 6.24020e+09
1.89500e-07 8.40341e+09
1.90500e-07 8.13448e+09
1.91500e-07 9.54835e+09
1.92500e-07 9.60943e+09
1.93500e-07 6.41108e+09
1.94500e-07 1.23106e+10
1.95500e-07 1.37000e+10
1.96700e-07 1.73317e+10
1.97600e-07 1.77242e+10
1.98400e-07 1.94871e+10
1.99500e-07 1.97640e+10
2.00500e-07 1.96405e+10
2.01500e-07 2.23363e+10
2.02500e-07 1.79388e+10
2.03500e-07 2.49660e+10
2.04500e-07 2.86456e+10
2.05500e-07 3.10589e+10
2.06500e-07 3.11952e+10
2.07400e-07 3.28817e+10
2.07800e-07 6.46092e+10
2.08500e-07 7.92436e+10
2.09500e-07 7.77164e+10
2.10500e-07 8.02021e+10
2.11500e-07 9.78372e+10
2.12500e-07 9.15708e+10
2.13500e-07 1.04840e+11
2.14500e-07 1.19094e+11
2.15500e-07 1.08094e+11
2.16500e-07 1.03658e+11
2.17500e-07 1.04722e+11
2.18500e-07 1.30027e+11
2.19500e-07 1.39275e+11
2.20500e-07 1.47352e+11
2.21500e-07 1.27104e+11
2.22500e-07 1.56068e+11
2.23500e-07 2.25953e+11
2.24500e-07 2.27061e+11
2.25500e-07 1.88861e+11
2.26500e-07 1.48769e+11
2.27500e-07 1.64948e+11
2.28500e-07 2.52841e+11
2.29500e-07 2.16882e+11
2.30500e-07 2.27987e+11
2.31500e-07 2.49030e+11
2.32500e-07 2.50460e+11
2.33500e-07 2.82958e+11
2.34500e-07 1.95338e+11
2.35500e-07 2.82900e+11
2.36500e-07 2.25430e+11
2.37500e-07 2.67556e+11
2.38500e-07 2.12611e+11
2.39500e-07 2.51842e+11
2.40500e-07 2.90330e+11
2.41500e-07 2.53056e+11
2.42500e-07 3.98805e+11
2.43500e-07 4.37528e+11
2.44500e-07 5.45772e+11
2.45500e-07 5.96528e+11
2.46500e-07 4.35320e+11
2.47500e-07 3.96089e+11
2.48500e-07 1.69550e+11
2.49500e-07 2.56702e+11
2.50500e-07 4.29429e+11
2.51300e-07 2.36090e+11
2.51800e-07 1.64630e+11
2.52500e-07 1.87147e+11
2.53500e-07 4.37434e+11
2.54500e-07 4.33171e+11
2.55500e-07 1.18213e+12
2.56500e-07 8.03023e+11
2.57500e-07 1.24701e+12
2.58500e-07 1.13895e+12
2.59500e-07 1.08739e+12
2.60500e-07 1.00245e+12
2.61500e-07 8.83122e+11
2.62500e-07 1.24785e+12
2.63500e-07 2.69460e+12
2.64500e-07 3.34167e+12
2.65500e-07 6.15572e+12
2.66500e-07 3.20370e+12
2.67500e-07 3.50763e+12
2.68500e-07 4.72955e+12
2.69500e-07 2.58741e+12
2.70500e-07 3.82336e+12
2.71500e-07 2.40842e+12
2.72500e-07 1.27859e+12
2.73500e-07 2.03101e+12
2.74500e-07 1.39592e+12
2.75500e-07 2.06670e+12
2.76500e-07 2.89653e+12
2.77500e-07 2.96507e+12
2.78500e-07 1.69296e+12
2.79500e-07 7.75111e+11
2.80500e-07 9.60688e+11
2.81500e-07 2.51952e+12
2.82500e-07 3.28131e+12
2.83500e-07 2.37141e+12
2.84500e-07 1.28956e+12
2.85500e-07 6.52609e+11
2.86500e-07 1.81164e+12
2.87500e-07 3.75225e+12
2.88500e-07 4.23056e+12
2.89500e-07 6.90213e+12
2.91000e-07 1.11350e+13
2.93000e-07 9.05041e+12
2.95000e-07 7.36794e+12
2.97000e-07 7.31645e+12
2.99000e-07 7.42833e+12
3.01000e-07 6.61932e+12
3.03000e-07 8.10424e+12
3.05000e-07 8.46079e+12
3.07000e-07 1.11545e+13
3.09000e-07 9.85336e+12
3.11000e-07 1.38359e+13
3.13000e-07 1.19619e+13
3.15000e-07 1.22737e+13
3.17000e-07 1.38453e+13
3.19000e-07 1.15428e+13
3.21000e-07 1.24220e+13
3.23000e-07 1.02678e+13
3.25000e-07 1.65216e+13
3.27000e-07 2.02900e+13
3.29000e-07 1.96824e+13
3.31000e-07 1.72608e+13
3.33000e-07 1.81746e+13
3.35000e-07 1.71451e+13
3.37000e-07 1.10128e+13
3.39000e-07 1.31143e+13
3.41000e-07 1.32340e+13
3.43000e-07 1.43892e+13
3.45000e-07 1.50945e+13
3.47000e-07 1.60552e+13
3.49000e-07 1.94995e+13
3.51000e-07 2.12450e+13
3.53000e-07 1.82979e+13
3.55000e-07 2.16750e+13
3.57000e-07 1.23842e+13
3.59000e-07 1.32775e+13
3.61000e-07 1.84458e+13
3.63000e-07 1.91798e+13
3.64000e-07 2.03560e+13
3.65000e-07 2.38967e+13
3.67000e-07 2.62158e+13
3.69000e-07 2.23948e+13
3.71000e-07 2.33240e+13
3.73000e-07 1.27915e+13
3.75000e-07 1.52123e+13
3.77000e-07 2.20850e+13
3.79000e-07 2.26330e+13
3.81000e-07 1.97725e+13
3.83000e-07 9.09178e+12
3.85000e-07 1.36225e+13
3.87000e-07 1.33883e+13
3.89000e-07 1.98074e+13
3.91000e-07 2.56918e+13
3.93000e-07 1.21311e+13
3.95000e-07 2.27898e+13
3.97000e-07 1.58638e+13
3.99000e-07 3.49633e+13
4.01000e-07 3.74737e+13
4.03000e-07 3.70261e+13
4.05000e-07 3.48262e+13
4.07000e-07 3.24197e+13
4.09000e-07 4.16590e+13
4.11000e-07 4.08196e+13
4.13000e-07 3.86407e+13
4.15000e-07 3.72498e+13
4.17000e-07 3.89472e+13
4.19000e-07 3.62158e+13
4.21000e-07 3.73689e+13
4.23000e-07 3.53341e+13
4.25000e-07 3.63497e+13
4.27000e-07 3.33321e+13
4.29000e-07 3.07356e+13
4.31000e-07 2.57216e+13
4.33000e-07 4.05326e+13
4.35000e-07 3.99855e+13
4.37000e-07 4.32857e+13
4.39000e-07 3.77980e+13
4.41000e-07 4.10182e+13
4.43000e-07 4.56801e+13
4.45000e-07 4.52533e+13
4.47000e-07 4.88785e+13
4.49000e-07 4.98605e+13
4.51000e-07 5.67686e+13
4.53000e-07 4.98595e+13
4.55000e-07 5.25139e+13
4.57000e-07 5.61626e+13
4.59000e-07 5.28382e+13
4.61000e-07 5.40116e+13
4.63000e-07 5.32736e+13
4.65000e-07 5.37415e+13
4.67000e-07 5.59959e+13
4.69000e-07 5.47709e+13
4.71000e-07 5.32216e+13
4.73000e-07 5.53353e+13
4.75000e-07 5.64950e+13
4.77000e-07 5.67689e+13
4.79000e-07 5.67277e+13
4.81000e-07 5.61299e+13
4.83000e-07 5.74973e+13
4.85000e-07 5.43206e+13
4.87000e-07 4.88416e+13
4.89000e-07 5.37160e+13
4.91000e-07 5.40497e+13
4.93000e-07 5.25162e+13
4.95000e-07 5.52507e+13
4.97000e-07 5.55207e+13
4.99000e-07 5.13577e+13
5.01000e-07 4.87556e+13
5.03000e-07 5.19348e+13
5.05000e-07 5.16927e+13
5.07000e-07 5.43033e+13
5.09000e-07 5.15305e+13
5.11000e-07 5.24206e+13
5.13000e-07 5.10192e+13
5.15000e-07 4.85087e+13
5.17000e-07 4.14773e+13
5.19000e-07 4.31247e+13
5.21000e-07 4.95019e+13
5.23000e-07 5.15742e+13
5.25000e-07 5.45226e+13
5.27000e-07 4.65811e+13
5.29000e-07 5.41992e+13
5.31000e-07 5.73044e+13
5.33000e-07 5.00324e+13
5.35000e-07 5.50844e+13
5.37000e-07 5.42778e+13
5.39000e-07 5.35450e+13
5.41000e-07 5.17842e+13
5.43000e-07 5.31092e+13
5.45000e-07 5.48281e+13
5.47000e-07 5.42176e+13
5.49000e-07 5.48657e+13
5.51000e-07 5.40028e+13
5.53000e-07 5.49113e+13
5.55000e-07 5.56586e+13
5.57000e-07 5.38656e+13
5.59000e-07 5.25381e+13
5.61000e-07 5.47916e+13
5.63000e-07 5.47335e+13
5.65000e-07 5.51421e+13
5.67000e-07 5.37764e+13
5.69000e-07 5.46534e+13
5.71000e-07 5.31585e+13
5.73000e-07 5.70817e+13
5.75000e-07 5.51004e+13
5.77000e-07 5.56707e+13
5.79000e-07 5.37843e+13
5.81000e-07 5.54146e+13
5.83000e-07 5.65402e+13
5.85000e-07 5.50116e+13
5.87000e-07 5.51666e+13
5.89000e-07 5.01806e+13
5.91000e-07 5.44353e+13
5.93000e-07 5.43805e+13
5.95000e-07 5.45178e+13
5.97000e-07 5.49099e+13
5.99000e-07 5.42236e+13
6.01000e-07 5.31770e+13
6.03000e-07 5.38206e+13
6.05000e-07 5.47725e+13
6.07000e-07 5.42485e+13
6.09000e-07 5.26160e+13
6.11000e-07 5.24678e+13
6.13000e-07 5.00307e+13
6.15000e-07 5.14788e+13
6.17000e-07 4.90595e+13
6.19000e-07 5.22580e+13
6.21000e-07 5.22101e+13
6.23000e-07 5.06330e+13
6.25000e-07 4.92814e+13
6.27000e-07 5.13287e+13
6.29000e-07 5.15960e+13
6.31000e-07 5.00745e+13
6.33000e-07 5.03904e+13
6.35000e-07 5.05798e+13
6.37000e-07 5.03194e+13
6.39000e-07 5.07199e+13
6.41000e-07 4.93715e+13
6.43000e-07 5.00325e+13
6.45000e-07 4.94266e+13
6.47000e-07 4.90117e+13
6.49000e-07 4.82852e+13
6.51000e-07 4.95562e+13
6.53000e-07 4.95888e+13
6.55000e-07 4.80650e+13
6.56125e-07 4.40574e+13
6.59000e-07 4.83239e+13
6.61000e-07 4.91537e+13
6.63000e-07 4.87007e+13
6.65000e-07 4.86016e+13
6.67000e-07 4.78686e+13
6.69000e-07 4.87932e+13
6.71000e-07 4.74142e+13
6.73000e-07 4.82972e+13
6.75000e-07 4.76832e+13
6.77000e-07 4.77899e+13
6.79000e-07 4.73894e+13
6.81000e-07 4.71351e+13
6.83000e-07 4.74514e+13
6.85000e-07 4.61173e+13
6.87000e-07 4.67144e+13
6.89000e-07 4.68642e+13
6.91000e-07 4.64166e+13
6.93000e-07 4.61907e+13
6.95000e-07 4.59143e+13
6.97000e-07 4.59187e+13
6.99000e-07 4.56656e+13
7.01000e-07 4.43926e+13
7.03000e-07 4.50582e+13
7.05000e-07 4.52107e+13
7.07000e-07 4.46553e+13
7.09000e-07 4.44210e+13
7.11000e-07 4.46401e+13
7.13000e-07 4.37364e+13
7.15000e-07 4.33970e+13
7.17000e-07 4.35876e+13
7.19000e-07 4.21656e+13
7.21000e-07 4.30735e+13
7.23000e-07 4.33306e+13
7.25000e-07 4.33205e+13
7.27000e-07 4.31431e+13
7.29000e-07 4.18788e+13
7.31000e-07 4.25242e+13
7.33000e-07 4.23408e+13
7.35000e-07 4.23582e+13
7.37000e-07 4.24824e+13
7.39000e-07 4.13546e+13
7.41000e-07 4.04215e+13
7.43000e-07 4.13691e+13
7.45000e-07 4.13509e+13
7.47000e-07 4.15801e+13
7.49000e-07 4.11817e+13
7.51000e-07 4.11490e+13
7.53000e-07 4.12610e+13
7.55000e-07 4.13011e+13
7.57000e-07 4.08635e+13
7.59000e-07 4.06367e+13
7.61000e-07 4.04540e+13
7.63000e-07 4.05217e+13
7.65000e-07 4.05045e+13
7.67000e-07 3.91274e+13
7.69000e-07 4.02015e+13
7.71000e-07 3.95033e+13
7.73000e-07 3.95652e+13
7.75000e-07 3.89949e+13
7.77000e-07 3.97635e+13
7.79000e-07 3.95435e+13
7.81000e-07 3.92992e+13
7.83000e-07 3.87988e+13
7.85000e-07 3.86326e+13
7.87000e-07 3.89851e+13
7.89000e-07 3.86170e+13
7.91000e-07 3.79150e+13
7.93000e-07 3.72963e+13
7.95000e-07 3.70665e+13
7.97000e-07 3.78795e+13
7.99000e-07 3.78246e+13
8.01000e-07 3.72414e+13
8.03000e-07 3.72460e+13
8.05000e-07 3.68437e+13
8.07000e-07 3.70206e+13
8.09000e-07 3.62075e+13
8.11000e-07 3.64919e+13
8.13000e-07 3.66335e+13
8.15000e-07 3.63926e+13
8.17000e-07 3.63129e+13
8.19000e-07 3.50613e+13
8.21000e-07 3.52423e+13
8.23000e-07 3.51947e+13
8.25000e-07 3.55069e+13
8.27000e-07 3.57711e+13
8.29000e-07 3.55126e+13
8.31000e-07 3.47178e+13
8.33000e-07 3.44400e+13
8.35000e-07 3.46075e+13
8.37000e-07 3.47241e+13
8.39000e-07 3.37104e+13
8.41000e-07 3.45682e+13
8.43000e-07 3.37534e+13
8.45000e-07 3.41731e+13
8.47000e-07 3.37656e+13
8.49000e-07 3.40128e+13
8.51000e-07 3.25084e+13
8.53000e-07 3.38598e+13
8.55000e-07 3.19411e+13
8.57000e-07 3.38563e+13
8.59000e-07 3.30821e+13
8.61000e-07 3.29956e+13
8.63000e-07 3.32652e+13
8.65000e-07 3.33105e+13
8.67000e-07 3.09082e+13
8.69000e-07 3.19359e+13
8.71000e-07 3.24365e+13
8.73000e-07 3.24576e+13
8.75000e-07 3.19930e+13
8.77000e-07 3.23821e+13
8.79000e-07 3.20399e+13
8.81000e-07 3.10369e+13
8.83000e-07 3.16430e+13
8.85000e-07 3.18085e+13
8.87000e-07 3.10547e+13
8.89000e-07 3.17350e+13
8.91000e-07 3.18356e+13
8.93000e-07 3.11112e+13
8.95000e-07 3.09916e+13
8.97000e-07 3.10703e+13
8.99000e-07 3.11066e+13
9.01000e-07 2.97467e+13
9.03000e-07 3.06920e+13
9.05000e-07 3.11324e+13
9.07000e-07 3.06450e+13
9.09000e-07 2.97356e+13
9.11000e-07 2.99429e+13
9.13000e-07 3.03827e+13
9.15000e-07 3.01942e+13
9.17000e-07 3.00976e+13
9.19000e-07 3.03022e+13
9.21000e-07 2.95556e+13
9.23000e-07 2.94228e+13
9.25000e-07 2.92424e+13
9.27000e-07 2.94439e+13
9.29000e-07 2.93679e+13
9.31000e-07 2.94948e+13
9.33000e-07 2.92512e+13
9.35000e-07 2.91120e+13
9.37000e-07 2.88097e+13
9.39000e-07 2.89619e+13
9.41000e-07 2.78889e+13
9.43000e-07 2.87036e+13
9.45000e-07 2.81076e+13
9.47000e-07 2.85444e+13
9.49000e-07 2.85789e+13
9.51000e-07 2.83164e+13
9.53000e-07 2.81732e+13
9.55000e-07 2.75196e+13
9.57000e-07 2.76996e+13
9.59000e-07 2.80221e+13
9.61000e-07 2.76367e+13
9.63000e-07 2.74286e+13
9.65000e-07 2.70780e+13
9.67000e-07 2.70930e+13
9.69000e-07 2.73548e+13
9.71000e-07 2.70724e+13
9.73000e-07 2.69632e+13
9.75000e-07 2.67378e+13
9.77000e-07 2.67062e+13
9.79000e-07 2.64223e+13
9.81000e-07 2.67100e+13
9.83000e-07 2.65512e+13
9.85000e-07 2.65708e+13
9.87000e-07 2.62776e+13
9.89000e-07 2.62161e+13
9.91000e-07 2.61338e+13
9.93000e-07 2.62124e+13
9.95000e-07 2.61269e+13
9.97000e-07 2.60408e+13
9.99000e-07 2.58747e+13
1.00250e-06 2.56824e+13
1.00750e-06 2.52707e+13
1.01250e-06 2.52106e+13
1.01750e-06 2.47928e+13
1.02250e-06 2.46558e+13
1.02750e-06 2.45756e+13
1.03250e-06 2.41014e+13
1.03750e-06 2.38595e+13
1.04250e-06 2.38564e+13
1.04750e-06 2.34957e+13
1.05250e-06 2.34226e+13
1.05750e-06 2.30777e+13
1.06250e-06 2.28430e+13
1.06750e-06 2.23961e+13
1.07250e-06 2.23777e+13
1.07750e-06 2.20469e+13
1.08250e-06 2.16264e+13
1.08750e-06 2.15490e+13
1.09250e-06 2.15009e+13
1.09750e-06 2.11778e+13
1.10250e-06 2.12604e+13
1.10750e-06 2.11813e+13
1.11250e-06 2.09323e+13
1.11750e-06 2.06691e+13
1.12250e-06 2.06020e+13
1.12750e-06 2.01452e+13
1.13250e-06 2.01111e+13
1.13750e-06 1.98887e+13
1.14250e-06 1.95689e+13
1.14750e-06 1.97561e+13
1.15250e-06 1.95981e+13
1.15750e-06 1.92877e+13
1.16250e-06 1.89650e+13
1.16750e-06 1.89134e+13
1.17250e-06 1.89733e+13
1.17750e-06 1.85609e+13
1.18250e-06 1.83264e+13
1.18750e-06 1.81318e+13
1.19250e-06 1.83661e+13
1.19750e-06 1.76240e+13
1.20250e-06 1.78522e+13
1.20750e-06 1.76038e+13
1.21250e-06 1.76222e+13
1.21750e-06 1.76465e+13
1.22250e-06 1.74760e+13
1.22750e-06 1.72619e+13
1.23250e-06 1.71623e+13
1.23750e-06 1.70362e+13
1.24250e-06 1.68362e+13
1.24750e-06 1.67966e+13
1.25250e-06 1.65970e+13
1.25750e-06 1.65050e+13
1.26250e-06 1.63556e+13
1.26750e-06 1.61481e+13
1.27250e-06 1.61438e+13
1.27750e-06 1.60682e+13
1.28250e-06 1.53587e+13
1.28750e-06 1.56996e+13
1.29250e-06 1.55425e+13
1.29750e-06 1.55711e+13
1.30250e-06 1.53339e+13
1.30750e-06 1.53352e+13
1.31250e-06 1.49974e+13
1.31750e-06 1.49112e+13
1.32250e-06 1.49677e+13
1.32750e-06 1.46871e+13
1.33250e-06 1.46889e+13
1.33750e-06 1.45503e+13
1.34250e-06 1.45771e+13
1.34750e-06 1.44320e+13
1.35250e-06 1.43446e+13
1.35750e-06 1.40672e+13
1.36250e-06 1.40172e+13
1.36750e-06 1.39567e+13
1.37250e-06 1.39090e+13
1.37750e-06 1.37834e+13
1.38250e-06 1.37284e+13
1.38750e-06 1.36007e+13
1.39250e-06 1.35619e+13
1.39750e-06 1.34737e+13
1.40250e-06 1.32361e+13
1.40750e-06 1.32812e+13
1.41250e-06 1.30654e+13
1.41750e-06 1.31410e+13
1.42250e-06 1.28358e+13
1.42750e-06 1.26022e+13
1.43250e-06 1.27944e+13
1.43750e-06 1.27978e+13
1.44250e-06 1.23304e+13
1.44750e-06 1.25782e+13
1.45250e-06 1.22871e+13
1.45700e-06 1.23249e+13
1.46200e-06 1.22994e+13
1.46750e-06 1.22164e+13
1.47250e-06 1.19775e+13
1.47750e-06 1.19406e+13
1.48250e-06 1.18977e+13
1.48750e-06 1.15773e+13
1.49250e-06 1.18777e+13
1.49750e-06 1.16602e+13
1.50250e-06 1.11437e+13
1.50750e-06 1.12307e+13
1.51250e-06 1.14803e+13
1.51750e-06 1.14404e+13
1.52250e-06 1.12565e+13
1.52750e-06 1.12907e+13
1.53250e-06 1.11685e+13
1.53750e-06 1.11347e+13
1.54250e-06 1.11089e+13
1.54750e-06 1.10031e+13
1.55250e-06 1.08030e+13
1.55750e-06 1.07058e+13
1.56250e-06 1.07982e+13
1.56750e-06 1.04912e+13
1.57250e-06 1.05687e+13
1.57750e-06 1.00781e+13
1.58250e-06 1.02833e+13
1.58750e-06 9.92070e+12
1.59250e-06 1.00996e+13
1.59750e-06 1.01526e+13
1.60500e-06 1.00403e+13
1.61500e-06 9.84326e+12
1.62500e-06 9.78568e+12
1.63500e-06 9.57545e+12
1.64500e-06 9.36082e+12
1.65500e-06 9.30484e+12
1.66500e-06 9.13552e+12
1.67500e-06 8.85086e+12
1.68500e-06 8.62152e+12
1.69500e-06 8.65620e+12
1.70500e-06 8.36109e+12
1.71500e-06 8.22698e+12
1.72500e-06 8.01185e+12
1.73500e-06 7.73454e+12
1.74500e-06 7.70874e+12
1.75500e-06 7.60121e+12
1.76500e-06 7.46163e+12
1.77500e-06 7.29564e+12
1.78500e-06 7.19462e+12
1.79500e-06 7.04745e+12
1.80500e-06 6.88898e+12
1.81500e-06 6.65832e+12
1.82500e-06 6.58804e+12
1.83500e-06 6.48868e+12
1.84500e-06 6.30853e+12
1.85500e-06 6.24945e+12
1.86500e-06 6.05795e+12
1.87500e-06 5.77608e+12
1.88500e-06 5.87749e+12
1.89500e-06 5.64137e+12
1.90500e-06 5.68839e+12
1.91500e-06 5.56648e+12
1.92500e-06 5.47209e+12
1.93500e-06 5.31617e+12
1.94500e-06 5.11555e+12
1.95500e-06 5.16734e+12
1.96500e-06 5.06532e+12
1.97500e-06 4.94925e+12
1.98500e-06 4.88182e+12
1.99500e-06 4.80678e+12
2.00500e-06 4.75914e+12
2.01500e-06 4.69486e+12
2.02500e-06 4.56078e+12
2.03500e-06 4.46166e+12
2.04500e-06 4.44570e+12
2.05500e-06 4.35784e+12
2.06500e-06 4.25292e+12
2.07500e-06 4.19707e+12
2.08500e-06 4.12805e+12
2.09500e-06 4.02470e+12
2.10500e-06 3.99582e+12
2.11500e-06 3.92065e+12
2.12500e-06 3.85296e+12
2.13500e-06 3.80018e+12
2.14500e-06 3.73781e+12
2.15500e-06 3.67610e+12
2.16500e-06 3.52608e+12
2.17500e-06 3.52670e+12
2.18500e-06 3.47587e+12
2.19500e-06 3.43755e+12
2.20500e-06 3.34600e+12
2.21500e-06 3.32738e+12
2.22500e-06 3.25819e+12
2.23500e-06 3.20610e+12
2.24500e-06 3.15682e+12
2.25500e-06 3.10933e+12
2.26500e-06 3.04742e+12
2.27500e-06 3.01705e+12
2.28500e-06 2.94899e+12
2.29500e-06 2.81391e+12
2.30500e-06 2.82912e+12
2.31500e-06 2.78954e+12
2.32500e-06 2.63339e+12
2.33500e-06 2.65773e+12
2.34500e-06 2.65717e+12
2.35500e-06 2.48963e+12
2.36500e-06 2.54197e+12
2.37500e-06 2.51927e+12
2.38500e-06 2.37348e+12
2.39500e-06 2.41386e+12
2.40500e-06 2.39911e+12
2.41500e-06 2.28607e+12
2.42500e-06 2.29685e+12
2.43500e-06 2.27898e+12
2.44500e-06 2.20958e+12
2.45500e-06 2.17011e+12
2.46500e-06 2.18863e+12
2.47500e-06 2.13039e+12
2.48500e-06 2.06740e+12
2.49500e-06 2.08057e+12
2.50500e-06 2.07246e+12
2.51500e-06 1.99925e+12
2.52500e-06 2.00484e+12
2.53500e-06 1.97809e+12
2.54500e-06 1.93675e+12
2.55500e-06 1.91112e+12
2.56500e-06 1.88868e+12
2.57500e-06 1.87972e+12
2.58500e-06 1.81571e+12
2.59500e-06 1.81713e+12
2.60500e-06 1.80070e+12
2.61500e-06 1.77071e+12
2.62500e-06 1.71033e+12
2.63500e-06 1.71995e+12
2.64500e-06 1.69447e+12
2.65500e-06 1.67382e+12
2.66500e-06 1.63747e+12
2.67500e-06 1.64052e+12
2.68500e-06 1.62236e+12
2.69500e-06 1.59525e+12
2.70500e-06 1.57874e+12
2.71500e-06 1.55691e+12
2.72500e-06 1.53673e+12
2.73500e-06 1.51655e+12
2.74500e-06 1.50077e+12
2.75500e-06 1.47654e+12
2.76500e-06 1.45425e+12
2.77500e-06 1.43616e+12
2.78500e-06 1.42052e+12
2.79500e-06 1.40608e+12
2.80500e-06 1.38645e+12
2.81500e-06 1.36877e+12
2.82500e-06 1.35051e+12
2.83500e-06 1.33617e+12
2.84500e-06 1.31422e+12
2.85500e-06 1.29935e+12
2.86500e-06 1.28125e+12
2.87500e-06 1.26155e+12
2.88500e-06 1.24974e+12
2.89500e-06 1.23501e+12
2.90500e-06 1.21916e+12
2.91500e-06 1.20442e+12
2.92500e-06 1.18312e+12
2.93500e-06 1.17368e+12
2.94500e-06 1.15582e+12
2.95500e-06 1.14369e+12
2.96500e-06 1.13098e+12
2.97500e-06 1.11683e+12
2.98500e-06 1.10209e+12
2.99500e-06 1.08659e+12
3.00500e-06 1.07332e+12
3.01500e-06 1.06220e+12
3.02500e-06 1.04691e+12
3.03500e-06 1.02824e+12
3.04500e-06 1.02118e+12
3.05500e-06 1.00946e+12
3.06500e-06 9.95581e+11
3.07500e-06 9.86247e+11
3.08500e-06 9.71116e+11
3.09500e-06 9.60249e+11
3.10500e-06 9.51221e+11
3.11500e-06 9.32040e+11
3.12500e-06 9.27357e+11
3.13500e-06 9.17234e+11
3.14500e-06 9.06192e+11
3.15500e-06 8.91866e+11
3.16500e-06 8.82816e+11
3.17500e-06 8.73490e+11
3.18500e-06 8.63297e+11
3.19500e-06 8.54321e+11
3.21000e-06 8.37654e+11
3.23000e-06 8.18646e+11
3.25000e-06 7.99221e+11
3.27000e-06 7.80456e+11
3.29000e-06 7.59336e+11
3.31000e-06 7.44376e+11
3.33000e-06 7.26527e+11
3.35000e-06 7.12439e+11
3.37000e-06 6.95782e+11
3.39000e-06 6.78679e+11
3.41000e-06 6.63063e+11
3.43000e-06 6.51062e+11
3.45000e-06 6.37743e+11
3.47000e-06 6.23248e+11
3.49000e-06 6.09940e+11
3.51000e-06 5.97321e+11
3.53000e-06 5.83195e+11
3.55000e-06 5.71710e+11
3.57000e-06 5.58878e+11
3.59000e-06 5.46968e+11
3.61000e-06 5.36733e+11
3.63000e-06 5.25517e+11
3.65000e-06 5.13043e+11
3.67000e-06 5.01901e+11
3.69000e-06 4.89143e+11
3.71000e-06 4.78710e+11
3.73000e-06 4.71072e+11
3.75000e-06 4.57836e+11
3.77000e-06 4.52514e+11
3.79000e-06 4.43004e+11
3.81000e-06 4.35173e+11
3.83000e-06 4.27481e+11
3.85000e-06 4.19391e+11
3.87000e-06 4.09836e+11
3.89000e-06 4.02296e+11
3.91000e-06 3.95185e+11
3.93000e-06 3.87563e+11
3.95000e-06 3.78578e+11
3.97000e-06 3.72072e+11
3.99000e-06 3.63003e+11
4.01000e-06 3.57353e+11
4.03000e-06 3.51658e+11
4.05000e-06 3.42795e+11
4.07000e-06 3.38070e+11
4.09000e-06 3.32047e+11
4.11000e-06 3.26125e+11
4.13000e-06 3.20500e+11
4.15000e-06 3.13984e+11
4.17000e-06 3.08380e+11
4.19000e-06 3.02267e+11
4.21000e-06 2.95512e+11
4.23000e-06 2.92514e+11
4.25000e-06 2.86263e+11
4.27000e-06 2.81873e+11
4.29000e-06 2.68627e+11
4.31000e-06 2.58027e+11
4.33000e-06 2.57277e+11
4.35000e-06 2.44663e+11
4.37000e-06 2.39095e+11
4.39000e-06 2.36120e+11
4.41000e-06 2.24143e+11
4.43000e-06 2.22565e+11
4.45000e-06 2.19408e+11
4.47000e-06 2.09455e+11
4.49000e-06 2.10434e+11
4.51000e-06 2.05441e+11
4.53000e-06 1.97793e+11
4.55000e-06 1.97951e+11
4.57000e-06 1.96240e+11
4.59000e-06 1.88221e+11
4.61000e-06 1.88825e+11
4.63000e-06 1.85563e+11
4.65000e-06 1.83151e+11
4.67000e-06 1.81361e+11
4.69000e-06 1.78859e+11
4.71000e-06 1.75288e+11
4.73000e-06 1.75173e+11
4.75000e-06 1.71380e+11
4.77000e-06 1.68704e+11
4.79000e-06 1.66576e+11
4.81000e-06 1.62731e+11
4.83000e-06 1.63021e+11
4.85000e-06 1.59884e+11
4.87000e-06 1.56656e+11
4.89000e-06 1.54772e+11
4.91000e-06 1.52478e+11
4.93000e-06 1.50028e+11
4.95000e-06 1.47530e+11
4.97000e-06 1.45812e+11
4.99000e-06 1.43444e+11
5.01000e-06 1.42172e+11
5.03000e-06 1.40136e+11
5.05000e-06 1.36984e+11
5.07000e-06 1.35531e+11
5.09000e-06 1.34097e+11
5.11000e-06 1.31251e+11
5.13000e-06 1.30195e+11
5.15000e-06 1.27923e+11
5.17000e-06 1.27261e+11
5.19000e-06 1.24664e+11
5.21000e-06 1.23102e+11
5.23000e-06 1.20982e+11
5.25000e-06 1.20101e+11
5.27000e-06 1.18954e+11
5.29000e-06 1.16122e+11
5.31000e-06 1.14881e+11
5.33000e-06 1.13508e+11
5.35000e-06 1.12159e+11
5.37000e-06 1.10693e+11
5.39000e-06 1.09357e+11
5.41000e-06 1.07847e+11
5.43000e-06 1.05715e+11
5.45000e-06 1.05076e+11
5.47000e-06 1.03564e+11
5.49000e-06 1.02106e+11
5.51000e-06 1.00939e+11
5.53000e-06 1.00420e+11
5.55000e-06 9.79823e+10
5.57000e-06 9.76564e+10
5.59000e-06 9.58424e+10
5.61000e-06 9.47617e+10
5.63000e-06 9.32600e+10
5.65000e-06 9.26352e+10
5.67000e-06 9.14590e+10
5.69000e-06 8.97385e+10
5.71000e-06 8.92184e+10
5.73000e-06 8.79771e+10
5.75000e-06 8.68967e+10
5.77000e-06 8.56379e+10
5.79000e-06 8.48798e+10
5.81000e-06 8.35197e+10
5.83000e-06 8.25486e+10
5.85000e-06 8.16604e+10
5.87000e-06 8.03297e+10
5.89000e-06 7.93258e+10
5.91000e-06 7.85676e+10
5.93000e-06 7.76111e+10
5.95000e-06 7.64698e+10
5.97000e-06 7.57955e+10
5.99000e-06 7.48429e+10
6.01000e-06 7.39055e+10
6.03000e-06 7.30182e+10
6.05000e-06 7.19763e+10
6.07000e-06 7.11000e+10
6.09000e-06 7.02132e+10
6.11000e-06 6.92194e+10
6.13000e-06 6.85540e+10
6.15000e-06 6.77771e+10
6.17000e-06 6.70039e+10
6.19000e-06 6.62482e+10
6.21000e-06 6.54792e+10
6.23000e-06 6.44975e+10
6.25000e-06 6.36996e+10
6.27000e-06 6.29614e+10
6.29000e-06 6.22921e+10
6.31000e-06 6.14598e+10
6.33000e-06 6.09094e+10
6.35000e-06 6.00994e+10
6.37000e-06 5.94774e+10
6.39000e-06 5.86961e+10
6.42000e-06 5.76817e+10
6.46000e-06 5.62853e+10
6.50000e-06 5.49741e+10
6.54000e-06 5.37321e+10
6.58000e-06 5.25213e+10
6.62000e-06 5.12782e+10
6.66000e-06 5.01196e+10
6.70000e-06 4.89674e+10
6.74000e-06 4.78256e+10
6.78000e-06 4.67672e+10
6.82000e-06 4.57043e+10
6.86000e-06 4.46909e+10
6.90000e-06 4.36860e+10
6.94000e-06 4.27091e+10
6.98000e-06 4.17833e+10
7.02000e-06 4.08208e+10
7.06000e-06 3.99597e+10
7.10000e-06 3.90922e+10
7.14000e-06 3.82460e+10
7.18000e-06 3.74177e+10
7.22000e-06 3.66169e+10
7.26000e-06 3.58271e+10
7.30000e-06 3.50800e+10
7.34000e-06 3.43204e+10
7.38000e-06 3.36139e+10
7.42000e-06 3.28864e+10
7.46000e-06 3.21698e+10
7.50000e-06 3.15362e+10
7.54000e-06 3.08791e+10
7.58000e-06 3.02734e+10
7.62000e-06 2.96547e+10
7.66000e-06 2.90543e+10
7.70000e-06 2.84565e+10
7.74000e-06 2.78940e+10
7.78000e-06 2.73390e+10
7.82000e-06 2.67939e+10
7.86000e-06 2.62640e+10
7.90000e-06 2.57458e+10
7.94000e-06 2.52384e+10
7.98000e-06 2.47506e+10
8.02000e-06 2.42571e+10
8.06000e-06 2.37844e+10
8.10000e-06 2.33394e+10
8.14000e-06 2.28763e+10
8.18000e-06 2.24538e+10
8.22000e-06 2.20318e+10
8.26000e-06 2.16118e+10
8.30000e-06 2.12082e+10
8.34000e-06 2.08016e+10
8.38000e-06 2.04163e+10
8.42000e-06 2.00464e+10
8.46000e-06 1.96746e+10
8.50000e-06 1.93136e+10
8.54000e-06 1.89601e+10
8.58000e-06 1.86174e+10
8.62000e-06 1.82787e+10
8.66000e-06 1.79515e+10
8.70000e-06 1.76300e+10
8.74000e-06 1.73142e+10
8.78000e-06 1.70058e+10
8.82000e-06 1.66969e+10
8.86000e-06 1.64044e+10
8.90000e-06 1.61118e+10
8.94000e-06 1.58388e+10
8.98000e-06 1.55550e+10
9.02000e-06 1.52928e+10
9.06000e-06 1.50328e+10
9.10000e-06 1.47626e+10
9.14000e-06 1.45160e+10
9.18000e-06 1.42717e+10
9.22000e-06 1.40334e+10
9.26000e-06 1.37955e+10
9.30000e-06 1.35643e+10
9.34000e-06 1.33361e+10
9.38000e-06 1.31147e+10
9.42000e-06 1.28970e+10
9.46000e-06 1.26821e+10
9.50000e-06 1.24736e+10
9.54000e-06 1.22691e+10
9.58000e-06 1.20704e+10
9.62000e-06 1.18725e+10
9.66000e-06 1.16815e+10
9.70000e-06 1.14937e+10
9.74000e-06 1.12978e+10
9.78000e-06 1.11233e+10
9.82000e-06 1.09496e+10
9.86000e-06 1.07761e+10
9.90000e-06 1.06066e+10
9.94000e-06 1.04375e+10
9.98000e-06 1.02746e+10
1.00200e-05 1.01139e+10
2.00000e-05 6.54079e+08
4.00000e-05 4.10589e+07
6.00000e-05 8.07103e+06
8.00000e-05 2.53846e+06
1.00000e-04 1.03371e+06
1.20000e-04 4.95845e+05
1.40000e-04 2.66325e+05
1.60000e-04 1.55416e+05
