9.09000e-09 0.00000e+00
9.35000e-09 0.00000e+00
9.61000e-09 0.00000e+00
9.77000e-09 0.00000e+00
9.96000e-09 0.00000e+00
1.02000e-08 0.00000e+00
1.03800e-08 0.00000e+00
1.05600e-08 0.00000e+00
1.07700e-08 0.00000e+00
1.10400e-08 0.00000e+00
1.14000e-08 0.00000e+00
1.17800e-08 0.00000e+00
1.21300e-08 0.00000e+00
1.24800e-08 0.00000e+00
1.27100e-08 0.00000e+00
1.28400e-08 0.00000e+00
1.30500e-08 0.00000e+00
1.32400e-08 0.00000e+00
1.33900e-08 0.00000e+00
1.36600e-08 0.00000e+00
1.39800e-08 0.00000e+00
1.43300e-08 0.00000e+00
1.47200e-08 0.00000e+00
1.51000e-08 0.00000e+00
1.55200e-08 0.00000e+00
1.58800e-08 0.00000e+00
1.62000e-08 0.00000e+00
1.66000e-08 0.00000e+00
1.70300e-08 0.00000e+00
1.73400e-08 0.00000e+00
1.76800e-08 0.00000e+00
1.80200e-08 0.00000e+00
1.81700e-08 0.00000e+00
1.86100e-08 0.00000e+00
1.91000e-08 0.00000e+00
1.93900e-08 0.00000e+00
1.98400e-08 0.00000e+00
2.01800e-08 0.00000e+00
2.05000e-08 0.00000e+00
2.10500e-08 0.00000e+00
2.16200e-08 0.00000e+00
2.19800e-08 0.00000e+00
2.23000e-08 0.00000e+00
2.26800e-08 0.00000e+00
2.30000e-08 0.00000e+00
2.34000e-08 0.00000e+00
2.40000e-08 0.00000e+00
2.46500e-08 0.00000e+00
2.52400e-08 0.00000e+00
2.56800e-08 0.00000e+00
2.60000e-08 0.00000e+00
2.64000e-08 0.00000e+00
2.68500e-08 0.00000e+00
2.73500e-08 0.00000e+00
2.78500e-08 0.00000e+00
2.84000e-08 0.00000e+00
2.90000e-08 0.00000e+00
2.96000e-08 0.00000e+00
3.01000e-08 0.00000e+00
3.08000e-08 0.00000e+00
3.18000e-08 0.00000e+00
3.28000e-08 0.00000e+00
3.38000e-08 0.00000e+00
3.48000e-08 0.00000e+00
3.57000e-08 0.00000e+00
3.66000e-08 0.00000e+00
3.75000e-08 0.00000e+00
3.85000e-08 0.00000e+00
3.95000e-08 0.00000e+00
4.05000e-08 0.00000e+00
4.14000e-08 0.00000e+00
4.22000e-08 0.00000e+00
4.30000e-08 0.00000e+00
4.41000e-08 0.00000e+00
4.51000e-08 0.00000e+00
4.60000e-08 0.00000e+00
4.70000e-08 0.00000e+00
4.80000e-08 0.00000e+00
4.90000e-08 0.00000e+00
5.00000e-08 0.00000e+00
5.06000e-08 0.00000e+00
5.12000e-08 0.00000e+00
5.20000e-08 0.00000e+00
5.30000e-08 0.00000e+00
5.40000e-08 0.00000e+00
5.50000e-08 0.00000e+00
5.60000e-08 0.00000e+00
5.70000e-08 0.00000e+00
5.80000e-08 0.00000e+00
5.90000e-08 0.00000e+00
6.00000e-08 0.00000e+00
6.10000e-08 0.00000e+00
6.20000e-08 0.00000e+00
6.30000e-08 0.00000e+00
6.40000e-08 0.00000e+00
6.50000e-08 0.00000e+00
6.58000e-08 0.00000e+00
6.65000e-08 0.00000e+00
6.75000e-08 0.00000e+00
6.85000e-08 0.00000e+00
6.95000e-08 0.00000e+00
7.05000e-08 0.00000e+00
7.16000e-08 0.00000e+00
7.26000e-08 0.00000e+00
7.35000e-08 0.00000e+00
7.45000e-08 0.00000e+00
7.55000e-08 0.00000e+00
7.65000e-08 0.00000e+00
7.75000e-08 0.00000e+00
7.85000e-08 0.00000e+00
7.95000e-08 0.00000e+00
8.05000e-08 0.00000e+00
8.15000e-08 0.00000e+00
8.25000e-08 0.00000e+00
8.35000e-08 0.00000e+00
8.45000e-08 0.00000e+00
8.55000e-08 0.00000e+00
8.65000e-08 0.00000e+00
8.75000e-08 0.00000e+00
8.85000e-08 0.00000e+00
8.95000e-08 0.00000e+00
9.05000e-08 0.00000e+00
9.15000e-08 0.00000e+00
9.25000e-08 1.30672e+05
9.35000e-08 1.76936e+05
9.45000e-08 2.37848e+05
9.55000e-08 3.32431e+05
9.65000e-08 4.42905e+05
9.75000e-08 5.81408e+05
9.85000e-08 7.64702e+05
9.95000e-08 9.91765e+05
1.00500e-07 1.32300e+06
1.01500e-07 1.70782e+06
1.02500e-07 2.10582e+06
1.03500e-07 2.79731e+06
1.04500e-07 3.55885e+06
1.05500e-07 4.49832e+06
1.06500e-07 5.63124e+06
1.07500e-07 7.07381e+06
1.08500e-07 8.82603e+06
1.09500e-07 1.09004e+07
1.10500e-07 4.42626e+07
1.11500e-07 8.38657e+07
1.12500e-07 1.18783e+08
1.13500e-07 1.59442e+08
1.14500e-07 2.01893e+08
1.15500e-07 2.20222e+08
1.16500e-07 2.92979e+08
1.17500e-07 3.52711e+08
1.18500e-07 3.59071e+08
1.19500e-07 2.41335e+08
1.20500e-07 2.51546e+08
1.21500e-07 1.02572e+08
1.22500e-07 3.21242e+08
1.23500e-07 6.82831e+08
1.24500e-07 1.54622e+09
1.25500e-07 2.33292e+09
1.26500e-07 2.39967e+09
1.27500e-07 3.43145e+09
1.28500e-07 4.60137e+09
1.29500e-07 5.51339e+09
1.30500e-07 5.34958e+09
1.31500e-07 7.50313e+09
1.32500e-07 8.66000e+09
1.33500e-07 9.76141e+09
1.34500e-07 1.17714e+10
1.35500e-07 1.26203e+10
1.36500e-07 1.42873e+10
1.37500e-07 1.53089e+10
1.38500e-07 1.62152e+10
1.39500e-07 1.85097e+10
1.40500e-07 2.09814e+10
1.41500e-07 2.27330e+10
1.42500e-07 2.50068e+10
1.43500e-07 2.68970e+10
1.44200e-07 3.24703e+10
1.44700e-07 3.23399e+10
1.45500e-07 3.65195e+10
1.46500e-07 3.90804e+10
1.47500e-07 4.29869e+10
1.48500e-07 4.74085e+10
1.49500e-07 5.64685e+10
1.50500e-07 6.41000e+10
1.51200e-07 6.12437e+10
1.51700e-07 6.53752e+10
1.52500e-07 1.03073e+11
1.53500e-07 1.28409e+11
1.54500e-07 1.40459e+11
1.55500e-07 1.64962e+11
1.56500e-07 1.57446e+11
1.57500e-07 2.32284e+11
1.58500e-07 2.69536e+11
1.59500e-07 3.16619e+11
1.60500e-07 3.14295e+11
1.61500e-07 3.28253e+11
1.62500e-07 3.16778e+11
1.63500e-07 3.91834e+11
1.64500e-07 5.00841e+11
1.65500e-07 3.37638e+11
1.66500e-07 5.54138e+11
1.67200e-07 3.84158e+11
1.67700e-07 4.80824e+12
1.68500e-07 4.79746e+12
1.69500e-07 3.41821e+12
1.70500e-07 4.54988e+12
1.71500e-07 8.07212e+12
1.72500e-07 9.43958e+12
1.73500e-07 1.22167e+13
1.74500e-07 1.11249e+13
1.75500e-07 1.54373e+13
1.76500e-07 1.04447e+13
1.77500e-07 1.44337e+13
1.78500e-07 1.51817e+13
1.79500e-07 2.26317e+13
1.80500e-07 1.81495e+13
1.81500e-07 1.92858e+13
1.82500e-07 1.85796e+13
1.83500e-07 1.70440e+13
1.84500e-07 1.21485e+13
1.85500e-07 1.85922e+13
1.86500e-07 2.55961e+13
1.87500e-07 2.28624e+13
1.88500e-07 2.40083e+13
1.89500e-07 2.85719e+13
1.90500e-07 2.67582e+13
1.91500e-07 2.93302e+13
1.92500e-07 2.40853e+13
1.93500e-07 1.10195e+13
1.94500e-07 3.19098e+13
1.95500e-07 3.39124e+13
1.96700e-07 4.07977e+13
1.97600e-07 3.64884e+13
1.98400e-07 3.99590e+13
1.99500e-07 4.04159e+13
2.00500e-07 3.54106e+13
2.01500e-07 3.68182e+13
2.02500e-07 3.01063e+13
2.03500e-07 4.09086e+13
2.04500e-07 4.60271e+13
2.05500e-07 4.37301e+13
2.06500e-07 4.02649e+13
2.07400e-07 4.92559e+13
2.07800e-07 6.62738e+13
2.08500e-07 6.94588e+13
2.09500e-07 6.41708e+13
2.10500e-07 5.69378e+13
2.11500e-07 6.18622e+13
2.12500e-07 5.76347e+13
2.13500e-07 4.93180e+13
2.14500e-07 6.25913e+13
2.15500e-07 6.26988e+13
2.16500e-07 5.53374e+13
2.17500e-07 5.64384e+13
2.18500e-07 6.50820e+13
2.19500e-07 6.89042e+13
2.20500e-07 6.44181e+13
2.21500e-07 5.19850e+13
2.22500e-07 5.42796e+13
2.23500e-07 7.01230e+13
2.24500e-07 6.49476e+13
2.25500e-07 5.18641e+13
2.26500e-07 5.18110e+13
2.27500e-07 5.73886e+13
2.28500e-07 6.86997e+13
2.29500e-07 5.84083e+13
2.30500e-07 6.72120e+13
2.31500e-07 6.09316e+13
2.32500e-07 4.38539e+13
2.33500e-07 4.26050e+13
2.34500e-07 2.83996e+13
2.35500e-07 5.50047e+13
2.36500e-07 3.13570e+13
2.37500e-07 4.31830e+13
2.38500e-07 2.29685e+13
2.39500e-07 3.09580e+13
2.40500e-07 3.10222e+13
2.41500e-07 3.57073e+13
2.42500e-07 5.80609e+13
2.43500e-07 5.62342e+13
2.44500e-07 6.57984e+13
2.45500e-07 6.77824e+13
2.46500e-07 6.47164e+13
2.47500e-07 5.64737e+13
2.48500e-07 4.76322e+13
2.49500e-07 4.74055e+13
2.50500e-07 7.14134e+13
2.51300e-07 3.39478e+13
2.51800e-07 2.41678e+13
2.52500e-07 2.84609e+13
2.53500e-07 3.87363e+13
2.54500e-07 4.21416e+13
2.55500e-07 6.04105e+13
2.56500e-07 5.03527e+13
2.57500e-07 6.11291e+13
2.58500e-07 5.81877e+13
2.59500e-07 5.40142e+13
2.60500e-07 4.82720e+13
2.61500e-07 4.18929e+13
2.62500e-07 5.96755e+13
2.63500e-07 7.69226e+13
2.64500e-07 1.01301e+14
2.65500e-07 1.16439e+14
2.66500e-07 8.56714e+13
2.67500e-07 9.86363e+13
2.68500e-07 1.03029e+14
2.69500e-07 8.56264e+13
2.70500e-07 9.74852e+13
2.71500e-07 8.00253e+13
2.72500e-07 7.99413e+13
2.73500e-07 9.04478e+13
2.74500e-07 5.20021e+13
2.75500e-07 6.47140e+13
2.76500e-07 7.71228e+13
2.77500e-07 8.54668e+13
2.78500e-07 5.52354e+13
2.79500e-07 2.08604e+13
2.80500e-07 2.68173e+13
2.81500e-07 7.99365e+13
2.82500e-07 1.09668e+14
2.83500e-07 1.07949e+14
2.84500e-07 1.00526e+14
2.85500e-07 7.28038e+13
2.86500e-07 1.16624e+14
2.87500e-07 1.21169e+14
2.88500e-07 1.14161e+14
2.89500e-07 1.14961e+14
2.91000e-07 1.40859e+14
2.93000e-07 1.28889e+14
2.95000e-07 1.26692e+14
2.97000e-07 1.36122e+14
2.99000e-07 1.38057e+14
3.01000e-07 1.45414e+14
3.03000e-07 1.43016e+14
3.05000e-07 1.46849e+14
3.07000e-07 1.50314e+14
3.09000e-07 1.53634e+14
3.11000e-07 1.51139e+14
3.13000e-07 1.50371e+14
3.15000e-07 1.50032e+14
3.17000e-07 1.51620e+14
3.19000e-07 1.38470e+14
3.21000e-07 1.49916e+14
3.23000e-07 1.34690e+14
3.25000e-07 1.50660e+14
3.27000e-07 1.62260e+14
3.29000e-07 1.59677e+14
3.31000e-07 1.65263e+14
3.33000e-07 1.62968e+14
3.35000e-07 1.61673e+14
3.37000e-07 1.53271e+14
3.39000e-07 1.57798e+14
3.41000e-07 1.56438e+14
3.43000e-07 1.56854e+14
3.45000e-07 1.60232e+14
3.47000e-07 1.59357e+14
3.49000e-07 1.63044e+14
3.51000e-07 1.66222e+14
3.53000e-07 1.60951e+14
3.55000e-07 1.74212e+14
3.57000e-07 1.57270e+14
3.59000e-07 1.52933e+14
3.61000e-07 1.58120e+14
3.63000e-07 1.58739e+14
3.64000e-07 1.59534e+14
3.65000e-07 1.73838e+14
3.67000e-07 1.67543e+14
3.69000e-07 1.56252e+14
3.71000e-07 1.65006e+14
3.73000e-07 1.57758e+14
3.75000e-07 1.76491e+14
3.77000e-07 1.88465e+14
3.79000e-07 2.06757e+14
3.81000e-07 2.26950e+14
3.83000e-07 1.81140e+14
3.85000e-07 2.38129e+14
3.87000e-07 2.50341e+14
3.89000e-07 1.95952e+14
3.91000e-07 2.43552e+14
3.93000e-07 1.50937e+14
3.95000e-07 2.16752e+14
3.97000e-07 1.50260e+14
3.99000e-07 2.51570e+14
4.01000e-07 2.68489e+14
4.03000e-07 2.71259e+14
4.05000e-07 2.66083e+14
4.07000e-07 2.61200e+14
4.09000e-07 2.48585e+14
4.11000e-07 2.15802e+14
4.13000e-07 2.64135e+14
4.15000e-07 2.73210e+14
4.17000e-07 2.71636e+14
4.19000e-07 2.68791e+14
4.21000e-07 2.68475e+14
4.23000e-07 2.60447e+14
4.25000e-07 2.64718e+14
4.27000e-07 2.57677e+14
4.29000e-07 2.54134e+14
4.31000e-07 2.35293e+14
4.33000e-07 2.32301e+14
4.35000e-07 2.09882e+14
4.37000e-07 2.62432e+14
4.39000e-07 2.57818e+14
4.41000e-07 2.57635e+14
4.43000e-07 2.55813e+14
4.45000e-07 2.55954e+14
4.47000e-07 2.58797e+14
4.49000e-07 2.56646e+14
4.51000e-07 2.68822e+14
4.53000e-07 2.54007e+14
4.55000e-07 2.54945e+14
4.57000e-07 2.64840e+14
4.59000e-07 2.53453e+14
4.61000e-07 2.57304e+14
4.63000e-07 2.51606e+14
4.65000e-07 2.53575e+14
4.67000e-07 2.56107e+14
4.69000e-07 2.49029e+14
4.71000e-07 2.40159e+14
4.73000e-07 2.50560e+14
4.75000e-07 2.50775e+14
4.77000e-07 2.48759e+14
4.79000e-07 2.46604e+14
4.81000e-07 2.43662e+14
4.83000e-07 2.40550e+14
4.85000e-07 2.13122e+14
4.87000e-07 1.80940e+14
4.89000e-07 2.28571e+14
4.91000e-07 2.32025e+14
4.93000e-07 2.28829e+14
4.95000e-07 2.33718e+14
4.97000e-07 2.35318e+14
4.99000e-07 2.24040e+14
5.01000e-07 2.17707e+14
5.03000e-07 2.25747e+14
5.05000e-07 2.23357e+14
5.07000e-07 2.27754e+14
5.09000e-07 2.23219e+14
5.11000e-07 2.24462e+14
5.13000e-07 2.19838e+14
5.15000e-07 2.14668e+14
5.17000e-07 2.08895e+14
5.19000e-07 2.07400e+14
5.21000e-07 2.11362e+14
5.23000e-07 2.11938e+14
5.25000e-07 2.15165e+14
5.27000e-07 2.00689e+14
5.29000e-07 2.11197e+14
5.31000e-07 2.11947e+14
5.33000e-07 2.01766e+14
5.35000e-07 2.08079e+14
5.37000e-07 2.05905e+14
5.39000e-07 2.04444e+14
5.41000e-07 1.99576e+14
5.43000e-07 2.02427e+14
5.45000e-07 2.03481e+14
5.47000e-07 2.00585e+14
5.49000e-07 2.01114e+14
5.51000e-07 1.99781e+14
5.53000e-07 1.98277e+14
5.55000e-07 1.98575e+14
5.57000e-07 1.94443e+14
5.59000e-07 1.93030e+14
5.61000e-07 1.93572e+14
5.63000e-07 1.93887e+14
5.65000e-07 1.92800e+14
5.67000e-07 1.89379e+14
5.69000e-07 1.90133e+14
5.71000e-07 1.87914e+14
5.73000e-07 1.91607e+14
5.75000e-07 1.87781e+14
5.77000e-07 1.87738e+14
5.79000e-07 1.85713e+14
5.81000e-07 1.85563e+14
5.83000e-07 1.85345e+14
5.85000e-07 1.82759e+14
5.87000e-07 1.81899e+14
5.89000e-07 1.77180e+14
5.91000e-07 1.79542e+14
5.93000e-07 1.78418e+14
5.95000e-07 1.77849e+14
5.97000e-07 1.76733e+14
5.99000e-07 1.75114e+14
6.01000e-07 1.72908e+14
6.03000e-07 1.72177e+14
6.05000e-07 1.72852e+14
6.07000e-07 1.71940e+14
6.09000e-07 1.69614e+14
6.11000e-07 1.67960e+14
6.13000e-07 1.64059e+14
6.15000e-07 1.63252e+14
6.17000e-07 1.61869e+14
6.19000e-07 1.64718e+14
6.21000e-07 1.63727e+14
6.23000e-07 1.61271e+14
6.25000e-07 1.56961e+14
6.27000e-07 1.60906e+14
6.29000e-07 1.60084e+14
6.31000e-07 1.56838e+14
6.33000e-07 1.56544e+14
6.35000e-07 1.55607e+14
6.37000e-07 1.54603e+14
6.39000e-07 1.54587e+14
6.41000e-07 1.51414e+14
6.43000e-07 1.51458e+14
6.45000e-07 1.49850e+14
6.47000e-07 1.49231e+14
6.49000e-07 1.46899e+14
6.51000e-07 1.46869e+14
6.53000e-07 1.44125e+14
6.55000e-07 1.31286e+14
6.56125e-07 1.07648e+14
6.59000e-07 1.38103e+14
6.61000e-07 1.42606e+14
6.63000e-07 1.42724e+14
6.65000e-07 1.42233e+14
6.67000e-07 1.40941e+14
6.69000e-07 1.41227e+14
6.71000e-07 1.39843e+14
6.73000e-07 1.39462e+14
6.75000e-07 1.37951e+14
6.77000e-07 1.37770e+14
6.79000e-07 1.36739e+14
6.81000e-07 1.35750e+14
6.83000e-07 1.35037e+14
6.85000e-07 1.33382e+14
6.87000e-07 1.33413e+14
6.89000e-07 1.32774e+14
6.91000e-07 1.31754e+14
6.93000e-07 1.31011e+14
6.95000e-07 1.30266e+14
6.97000e-07 1.29348e+14
6.99000e-07 1.28802e+14
7.01000e-07 1.26374e+14
7.03000e-07 1.26571e+14
7.05000e-07 1.26210e+14
7.07000e-07 1.25346e+14
7.09000e-07 1.24505e+14
7.11000e-07 1.22471e+14
7.13000e-07 1.22163e+14
7.15000e-07 1.21569e+14
7.17000e-07 1.20621e+14
7.19000e-07 1.19178e+14
7.21000e-07 1.19301e+14
7.23000e-07 1.18577e+14
7.25000e-07 1.18174e+14
7.27000e-07 1.17724e+14
7.29000e-07 1.15740e+14
7.31000e-07 1.15812e+14
7.33000e-07 1.15167e+14
7.35000e-07 1.15001e+14
7.37000e-07 1.14385e+14
7.39000e-07 1.12470e+14
7.41000e-07 1.10423e+14
7.43000e-07 1.11030e+14
7.45000e-07 1.10788e+14
7.47000e-07 1.10276e+14
7.49000e-07 1.09420e+14
7.51000e-07 1.09038e+14
7.53000e-07 1.08672e+14
7.55000e-07 1.08447e+14
7.57000e-07 1.07441e+14
7.59000e-07 1.06738e+14
7.61000e-07 1.06041e+14
7.63000e-07 1.05655e+14
7.65000e-07 1.04877e+14
7.67000e-07 1.03044e+14
7.69000e-07 1.03458e+14
7.71000e-07 1.02409e+14
7.73000e-07 1.02440e+14
7.75000e-07 1.01172e+14
7.77000e-07 9.97411e+13
7.79000e-07 1.00949e+14
7.81000e-07 1.00075e+14
7.83000e-07 9.89312e+13
7.85000e-07 9.81587e+13
7.87000e-07 9.82261e+13
7.89000e-07 9.76259e+13
7.91000e-07 9.68077e+13
7.93000e-07 9.54333e+13
7.95000e-07 9.52041e+13
7.97000e-07 9.56165e+13
7.99000e-07 9.48493e+13
8.01000e-07 9.39417e+13
8.03000e-07 9.35211e+13
8.05000e-07 9.27954e+13
8.07000e-07 9.27120e+13
8.09000e-07 9.16555e+13
8.11000e-07 9.17482e+13
8.13000e-07 9.13828e+13
8.15000e-07 9.07363e+13
8.17000e-07 9.02023e+13
8.19000e-07 8.80493e+13
8.21000e-07 8.80735e+13
8.23000e-07 8.74903e+13
8.25000e-07 8.72991e+13
8.27000e-07 8.76815e+13
8.29000e-07 8.70781e+13
8.31000e-07 8.59939e+13
8.33000e-07 8.47399e+13
8.35000e-07 8.50801e+13
8.37000e-07 8.48246e+13
8.39000e-07 8.35804e+13
8.41000e-07 8.35828e+13
8.43000e-07 8.25982e+13
8.45000e-07 8.14268e+13
8.47000e-07 8.09797e+13
8.49000e-07 8.09279e+13
8.51000e-07 7.75568e+13
8.53000e-07 8.06367e+13
8.55000e-07 7.47663e+13
8.57000e-07 8.06192e+13
8.59000e-07 7.77681e+13
8.61000e-07 7.69295e+13
8.63000e-07 7.94920e+13
8.65000e-07 7.80625e+13
8.67000e-07 7.01800e+13
8.69000e-07 7.64874e+13
8.71000e-07 7.78796e+13
8.73000e-07 7.65790e+13
8.75000e-07 7.03837e+13
8.77000e-07 7.52796e+13
8.79000e-07 7.64002e+13
8.81000e-07 7.56314e+13
8.83000e-07 7.48350e+13
8.85000e-07 7.23471e+13
8.87000e-07 6.69695e+13
8.89000e-07 7.36376e+13
8.91000e-07 7.40856e+13
8.93000e-07 7.33478e+13
8.95000e-07 7.35754e+13
8.97000e-07 7.30088e+13
8.99000e-07 7.19152e+13
9.01000e-07 6.40228e+13
9.03000e-07 6.80454e+13
9.05000e-07 7.13144e+13
9.07000e-07 6.99607e+13
9.09000e-07 6.85681e+13
9.11000e-07 6.97699e+13
9.13000e-07 7.03639e+13
9.15000e-07 7.00656e+13
9.17000e-07 6.94646e+13
9.19000e-07 6.88414e+13
9.21000e-07 6.63177e+13
9.23000e-07 5.82389e+13
9.25000e-07 6.47371e+13
9.27000e-07 6.62204e+13
9.29000e-07 6.72670e+13
9.31000e-07 6.71434e+13
9.33000e-07 6.66871e+13
9.35000e-07 6.64107e+13
9.37000e-07 6.61833e+13
9.39000e-07 6.56581e+13
9.41000e-07 6.31117e+13
9.43000e-07 6.46193e+13
9.45000e-07 6.41268e+13
9.47000e-07 6.42258e+13
9.49000e-07 6.38759e+13
9.51000e-07 6.29202e+13
9.53000e-07 6.08769e+13
9.55000e-07 5.32695e+13
9.57000e-07 6.05501e+13
9.59000e-07 6.17724e+13
9.61000e-07 6.12627e+13
9.63000e-07 6.05819e+13
9.65000e-07 6.08853e+13
9.67000e-07 6.01664e+13
9.69000e-07 6.02673e+13
9.71000e-07 6.03949e+13
9.73000e-07 6.00753e+13
9.75000e-07 5.92663e+13
9.77000e-07 5.93120e+13
9.79000e-07 5.90149e+13
9.81000e-07 5.87315e+13
9.83000e-07 5.84225e+13
9.85000e-07 5.79564e+13
9.87000e-07 5.75207e+13
9.89000e-07 5.70880e+13
9.91000e-07 5.68271e+13
9.93000e-07 5.67933e+13
9.95000e-07 5.65348e+13
9.97000e-07 5.62286e+13
9.99000e-07 5.57961e+13
1.00250e-06 5.33417e+13
1.00750e-06 5.12548e+13
1.01250e-06 5.36052e+13
1.01750e-06 5.31087e+13
1.02250e-06 5.26951e+13
1.02750e-06 5.21585e+13
1.03250e-06 5.12411e+13
1.03750e-06 5.06889e+13
1.04250e-06 5.00825e+13
1.04750e-06 4.89944e+13
1.05250e-06 4.86524e+13
1.05750e-06 4.80823e+13
1.06250e-06 4.73739e+13
1.06750e-06 4.59294e+13
1.07250e-06 4.59247e+13
1.07750e-06 4.53891e+13
1.08250e-06 4.46718e+13
1.08750e-06 4.39594e+13
1.09250e-06 4.00070e+13
1.09750e-06 4.19140e+13
1.10250e-06 4.28271e+13
1.10750e-06 4.25457e+13
1.11250e-06 4.19328e+13
1.11750e-06 4.13864e+13
1.12250e-06 4.10275e+13
1.12750e-06 3.98851e+13
1.13250e-06 3.95072e+13
1.13750e-06 3.93412e+13
1.14250e-06 3.85935e+13
1.14750e-06 3.86470e+13
1.15250e-06 3.82018e+13
1.15750e-06 3.76391e+13
1.16250e-06 3.67920e+13
1.16750e-06 3.62343e+13
1.17250e-06 3.64356e+13
1.17750e-06 3.52818e+13
1.18250e-06 3.51511e+13
1.18750e-06 3.45485e+13
1.19250e-06 3.48237e+13
1.19750e-06 3.38268e+13
1.20250e-06 3.37884e+13
1.20750e-06 3.32766e+13
1.21250e-06 3.30283e+13
1.21750e-06 3.28237e+13
1.22250e-06 3.24120e+13
1.22750e-06 3.19660e+13
1.23250e-06 3.16303e+13
1.23750e-06 3.13014e+13
1.24250e-06 3.09768e+13
1.24750e-06 3.06370e+13
1.25250e-06 3.02224e+13
1.25750e-06 2.97609e+13
1.26250e-06 2.94973e+13
1.26750e-06 2.91806e+13
1.27250e-06 2.88564e+13
1.27750e-06 2.80608e+13
1.28250e-06 2.48809e+13
1.28750e-06 2.75266e+13
1.29250e-06 2.75598e+13
1.29750e-06 2.73859e+13
1.30250e-06 2.70583e+13
1.30750e-06 2.68518e+13
1.31250e-06 2.64289e+13
1.31750e-06 2.60767e+13
1.32250e-06 2.59747e+13
1.32750e-06 2.56276e+13
1.33250e-06 2.53975e+13
1.33750e-06 2.50921e+13
1.34250e-06 2.48784e+13
1.34750e-06 2.46049e+13
1.35250e-06 2.42936e+13
1.35750e-06 2.39371e+13
1.36250e-06 2.38002e+13
1.36750e-06 2.35057e+13
1.37250e-06 2.30827e+13
1.37750e-06 2.29671e+13
1.38250e-06 2.27540e+13
1.38750e-06 2.26157e+13
1.39250e-06 2.22748e+13
1.39750e-06 2.20849e+13
1.40250e-06 2.18128e+13
1.40750e-06 2.16581e+13
1.41250e-06 2.13218e+13
1.41750e-06 2.12092e+13
1.42250e-06 2.08407e+13
1.42750e-06 2.05766e+13
1.43250e-06 2.05195e+13
1.43750e-06 2.03734e+13
1.44250e-06 1.96258e+13
1.44750e-06 1.99076e+13
1.45250e-06 1.94298e+13
1.45700e-06 1.94608e+13
1.46200e-06 1.92309e+13
1.46750e-06 1.90818e+13
1.47250e-06 1.87700e+13
1.47750e-06 1.85310e+13
1.48250e-06 1.84285e+13
1.48750e-06 1.80835e+13
1.49250e-06 1.81841e+13
1.49750e-06 1.78864e+13
1.50250e-06 1.75707e+13
1.50750e-06 1.73632e+13
1.51250e-06 1.73737e+13
1.51750e-06 1.72120e+13
1.52250e-06 1.69333e+13
1.52750e-06 1.68210e+13
1.53250e-06 1.65928e+13
1.53750e-06 1.64420e+13
1.54250e-06 1.61836e+13
1.54750e-06 1.60870e+13
1.55250e-06 1.58898e+13
1.55750e-06 1.56233e+13
1.56250e-06 1.57179e+13
1.56750e-06 1.53025e+13
1.57250e-06 1.51172e+13
1.57750e-06 1.50360e+13
1.58250e-06 1.49827e+13
1.58750e-06 1.42715e+13
1.59250e-06 1.46191e+13
1.59750e-06 1.47372e+13
1.60500e-06 1.43187e+13
1.61500e-06 1.37706e+13
1.62500e-06 1.39875e+13
1.63500e-06 1.34130e+13
1.64500e-06 1.28320e+13
1.65500e-06 1.31674e+13
1.66500e-06 1.29214e+13
1.67500e-06 1.23078e+13
1.68500e-06 1.16890e+13
1.69500e-06 1.21443e+13
1.70500e-06 1.18506e+13
1.71500e-06 1.16560e+13
1.72500e-06 1.12656e+13
1.73500e-06 1.02791e+13
1.74500e-06 1.07098e+13
1.75500e-06 1.06772e+13
1.76500e-06 1.04692e+13
1.77500e-06 1.02908e+13
1.78500e-06 1.00916e+13
1.79500e-06 9.91687e+12
1.80500e-06 9.63315e+12
1.81500e-06 8.79950e+12
1.82500e-06 9.09594e+12
1.83500e-06 9.11768e+12
1.84500e-06 8.93157e+12
1.85500e-06 8.76349e+12
1.86500e-06 8.52495e+12
1.87500e-06 7.67065e+12
1.88500e-06 8.17919e+12
1.89500e-06 8.01819e+12
1.90500e-06 7.99900e+12
1.91500e-06 7.83668e+12
1.92500e-06 7.67912e+12
1.93500e-06 7.45688e+12
1.94500e-06 6.75700e+12
1.95500e-06 7.19756e+12
1.96500e-06 7.12390e+12
1.97500e-06 6.98858e+12
1.98500e-06 6.88679e+12
1.99500e-06 6.76227e+12
2.00500e-06 6.65131e+12
2.01500e-06 6.54389e+12
2.02500e-06 6.40289e+12
2.03500e-06 6.26770e+12
2.04500e-06 6.19845e+12
2.05500e-06 6.08359e+12
2.06500e-06 5.95210e+12
2.07500e-06 5.86127e+12
2.08500e-06 5.76237e+12
2.09500e-06 5.64766e+12
2.10500e-06 5.56174e+12
2.11500e-06 5.45453e+12
2.12500e-06 5.36034e+12
2.13500e-06 5.27471e+12
2.14500e-06 5.19125e+12
2.15500e-06 5.06726e+12
2.16500e-06 4.58718e+12
2.17500e-06 4.86117e+12
2.18500e-06 4.83114e+12
2.19500e-06 4.77940e+12
2.20500e-06 4.67734e+12
2.21500e-06 4.60694e+12
2.22500e-06 4.54333e+12
2.23500e-06 4.46898e+12
2.24500e-06 4.39472e+12
2.25500e-06 4.30678e+12
2.26500e-06 4.24695e+12
2.27500e-06 4.18226e+12
2.28500e-06 4.11334e+12
2.29500e-06 4.06784e+12
2.30500e-06 4.01291e+12
2.31500e-06 3.94176e+12
2.32500e-06 3.88319e+12
2.33500e-06 3.80978e+12
2.34500e-06 3.75448e+12
2.35500e-06 3.69114e+12
2.36500e-06 3.63399e+12
2.37500e-06 3.56939e+12
2.38500e-06 3.50906e+12
2.39500e-06 3.45998e+12
2.40500e-06 3.40183e+12
2.41500e-06 3.34768e+12
2.42500e-06 3.29700e+12
2.43500e-06 3.24081e+12
2.44500e-06 3.19514e+12
2.45500e-06 3.13766e+12
2.46500e-06 3.09861e+12
2.47500e-06 3.04896e+12
2.48500e-06 2.99574e+12
2.49500e-06 2.95071e+12
2.50500e-06 2.93800e+12
2.51500e-06 2.88241e+12
2.52500e-06 2.82168e+12
2.53500e-06 2.79343e+12
2.54500e-06 2.75791e+12
2.55500e-06 2.70589e+12
2.56500e-06 2.64178e+12
2.57500e-06 2.63658e+12
2.58500e-06 2.59344e+12
2.59500e-06 2.56628e+12
2.60500e-06 2.51258e+12
2.61500e-06 2.43644e+12
2.62500e-06 2.25575e+12
2.63500e-06 2.39617e+12
2.64500e-06 2.38337e+12
2.65500e-06 2.35396e+12
2.66500e-06 2.30195e+12
2.67500e-06 2.23491e+12
2.68500e-06 2.25185e+12
2.69500e-06 2.23491e+12
2.70500e-06 2.20616e+12
2.71500e-06 2.17563e+12
2.72500e-06 2.14569e+12
2.73500e-06 2.11612e+12
2.74500e-06 2.07974e+12
2.75500e-06 1.99180e+12
2.76500e-06 1.99703e+12
2.77500e-06 1.99822e+12
2.78500e-06 1.97715e+12
2.79500e-06 1.95285e+12
2.80500e-06 1.92626e+12
2.81500e-06 1.90119e+12
2.82500e-06 1.87529e+12
2.83500e-06 1.85168e+12
2.84500e-06 1.82263e+12
2.85500e-06 1.79736e+12
2.86500e-06 1.75298e+12
2.87500e-06 1.67326e+12
2.88500e-06 1.71984e+12
2.89500e-06 1.70753e+12
2.90500e-06 1.68772e+12
2.91500e-06 1.66299e+12
2.92500e-06 1.64270e+12
2.93500e-06 1.62348e+12
2.94500e-06 1.60139e+12
2.95500e-06 1.58216e+12
2.96500e-06 1.56242e+12
2.97500e-06 1.54227e+12
2.98500e-06 1.52312e+12
2.99500e-06 1.50230e+12
3.00500e-06 1.48339e+12
3.01500e-06 1.46465e+12
3.02500e-06 1.44033e+12
3.03500e-06 1.36353e+12
3.04500e-06 1.37300e+12
3.05500e-06 1.38869e+12
3.06500e-06 1.37511e+12
3.07500e-06 1.36048e+12
3.08500e-06 1.34087e+12
3.09500e-06 1.32542e+12
3.10500e-06 1.31017e+12
3.11500e-06 1.28807e+12
3.12500e-06 1.27725e+12
3.13500e-06 1.26275e+12
3.14500e-06 1.24704e+12
3.15500e-06 1.23098e+12
3.16500e-06 1.21854e+12
3.17500e-06 1.20270e+12
3.18500e-06 1.18974e+12
3.19500e-06 1.17599e+12
3.21000e-06 1.15409e+12
3.23000e-06 1.12804e+12
3.25000e-06 1.10110e+12
3.27000e-06 1.07411e+12
3.29000e-06 1.00791e+12
3.31000e-06 1.01678e+12
3.33000e-06 1.00256e+12
3.35000e-06 9.81564e+11
3.37000e-06 9.57309e+11
3.39000e-06 9.35786e+11
3.41000e-06 9.14344e+11
3.43000e-06 8.95867e+11
3.45000e-06 8.77471e+11
3.47000e-06 8.57029e+11
3.49000e-06 8.38605e+11
3.51000e-06 8.19994e+11
3.53000e-06 8.01779e+11
3.55000e-06 7.84759e+11
3.57000e-06 7.66975e+11
3.59000e-06 7.50854e+11
3.61000e-06 7.35301e+11
3.63000e-06 7.20159e+11
3.65000e-06 7.03494e+11
3.67000e-06 6.89610e+11
3.69000e-06 6.71530e+11
3.71000e-06 6.58671e+11
3.73000e-06 6.34920e+11
3.75000e-06 6.13913e+11
3.77000e-06 6.20644e+11
3.79000e-06 6.09101e+11
3.81000e-06 5.95093e+11
3.83000e-06 5.84297e+11
3.85000e-06 5.75014e+11
3.87000e-06 5.62546e+11
3.89000e-06 5.50627e+11
3.91000e-06 5.37518e+11
3.93000e-06 5.30695e+11
3.95000e-06 5.20215e+11
3.97000e-06 5.10589e+11
3.99000e-06 4.98952e+11
4.01000e-06 4.87216e+11
4.03000e-06 4.77730e+11
4.05000e-06 4.55131e+11
4.07000e-06 4.62268e+11
4.09000e-06 4.54470e+11
4.11000e-06 4.46690e+11
4.13000e-06 4.38531e+11
4.15000e-06 4.29087e+11
4.17000e-06 4.16466e+11
4.19000e-06 4.13251e+11
4.21000e-06 4.05550e+11
4.23000e-06 3.99893e+11
4.25000e-06 3.92175e+11
4.27000e-06 3.85473e+11
4.29000e-06 3.78489e+11
4.31000e-06 3.71638e+11
4.33000e-06 3.64716e+11
4.35000e-06 3.57866e+11
4.37000e-06 3.45899e+11
4.39000e-06 3.43673e+11
4.41000e-06 3.38974e+11
4.43000e-06 3.33521e+11
4.45000e-06 3.27847e+11
4.47000e-06 3.22488e+11
4.49000e-06 3.16986e+11
4.51000e-06 3.11588e+11
4.53000e-06 3.06236e+11
4.55000e-06 3.01039e+11
4.57000e-06 2.95866e+11
4.59000e-06 2.90772e+11
4.61000e-06 2.86074e+11
4.63000e-06 2.80814e+11
4.65000e-06 2.65650e+11
4.67000e-06 2.64744e+11
4.69000e-06 2.66498e+11
4.71000e-06 2.63136e+11
4.73000e-06 2.58979e+11
4.75000e-06 2.54632e+11
4.77000e-06 2.50564e+11
4.79000e-06 2.46604e+11
4.81000e-06 2.42571e+11
4.83000e-06 2.38710e+11
4.85000e-06 2.34839e+11
4.87000e-06 2.31119e+11
4.89000e-06 2.27484e+11
4.91000e-06 2.23790e+11
4.93000e-06 2.20335e+11
4.95000e-06 2.16806e+11
4.97000e-06 2.13478e+11
4.99000e-06 2.10197e+11
5.01000e-06 2.06901e+11
5.03000e-06 2.03710e+11
5.05000e-06 2.00593e+11
5.07000e-06 1.97548e+11
5.09000e-06 1.94443e+11
5.11000e-06 1.90788e+11
5.13000e-06 1.83234e+11
5.15000e-06 1.85421e+11
5.17000e-06 1.83003e+11
5.19000e-06 1.80295e+11
5.21000e-06 1.77511e+11
5.23000e-06 1.74889e+11
5.25000e-06 1.72384e+11
5.27000e-06 1.69843e+11
5.29000e-06 1.67323e+11
5.31000e-06 1.64889e+11
5.33000e-06 1.62474e+11
5.35000e-06 1.60103e+11
5.37000e-06 1.57698e+11
5.39000e-06 1.55492e+11
5.41000e-06 1.53302e+11
5.43000e-06 1.50987e+11
5.45000e-06 1.48916e+11
5.47000e-06 1.46596e+11
5.49000e-06 1.44692e+11
5.51000e-06 1.42700e+11
5.53000e-06 1.40648e+11
5.55000e-06 1.38706e+11
5.57000e-06 1.36753e+11
5.59000e-06 1.34655e+11
5.61000e-06 1.32978e+11
5.63000e-06 1.31108e+11
5.65000e-06 1.29355e+11
5.67000e-06 1.27577e+11
5.69000e-06 1.25798e+11
5.71000e-06 1.24120e+11
5.73000e-06 1.22429e+11
5.75000e-06 1.20759e+11
5.77000e-06 1.19108e+11
5.79000e-06 1.17478e+11
5.81000e-06 1.15934e+11
5.83000e-06 1.14397e+11
5.85000e-06 1.12912e+11
5.87000e-06 1.11335e+11
5.89000e-06 1.09331e+11
5.91000e-06 1.05168e+11
5.93000e-06 1.06818e+11
5.95000e-06 1.05420e+11
5.97000e-06 1.04249e+11
5.99000e-06 1.02894e+11
6.01000e-06 1.01499e+11
6.03000e-06 1.00257e+11
6.05000e-06 9.89735e+10
6.07000e-06 9.76690e+10
6.09000e-06 9.63754e+10
6.11000e-06 9.50512e+10
6.13000e-06 9.39718e+10
6.15000e-06 9.27949e+10
6.17000e-06 9.16163e+10
6.19000e-06 9.04570e+10
6.21000e-06 8.93301e+10
6.23000e-06 8.80752e+10
6.25000e-06 8.70620e+10
6.27000e-06 8.59689e+10
6.29000e-06 8.49498e+10
6.31000e-06 8.38094e+10
6.33000e-06 8.28557e+10
6.35000e-06 8.18310e+10
6.37000e-06 8.08203e+10
6.39000e-06 7.98281e+10
6.42000e-06 7.83955e+10
6.46000e-06 7.64761e+10
6.50000e-06 7.46292e+10
6.54000e-06 7.28885e+10
6.58000e-06 7.11671e+10
6.62000e-06 6.94792e+10
6.66000e-06 6.78675e+10
6.70000e-06 6.62790e+10
6.74000e-06 6.47317e+10
6.78000e-06 6.32613e+10
6.82000e-06 6.18135e+10
6.86000e-06 6.04047e+10
6.90000e-06 5.90330e+10
6.94000e-06 5.76998e+10
6.98000e-06 5.64225e+10
7.02000e-06 5.51468e+10
7.06000e-06 5.39440e+10
7.10000e-06 5.27722e+10
7.14000e-06 5.16135e+10
7.18000e-06 5.04876e+10
7.22000e-06 4.93732e+10
7.26000e-06 4.83246e+10
7.30000e-06 4.73087e+10
7.34000e-06 4.62875e+10
7.38000e-06 4.53202e+10
7.42000e-06 4.43430e+10
7.46000e-06 4.26881e+10
7.50000e-06 4.18228e+10
7.54000e-06 4.16241e+10
7.58000e-06 4.07912e+10
7.62000e-06 3.99553e+10
7.66000e-06 3.91430e+10
7.70000e-06 3.83408e+10
7.74000e-06 3.75752e+10
7.78000e-06 3.68207e+10
7.82000e-06 3.60852e+10
7.86000e-06 3.53676e+10
7.90000e-06 3.46675e+10
7.94000e-06 3.39827e+10
7.98000e-06 3.33181e+10
8.02000e-06 3.26609e+10
8.06000e-06 3.20261e+10
8.10000e-06 3.14143e+10
8.14000e-06 3.07993e+10
8.18000e-06 3.02145e+10
8.22000e-06 2.96452e+10
8.26000e-06 2.90810e+10
8.30000e-06 2.85340e+10
8.34000e-06 2.79868e+10
8.38000e-06 2.74649e+10
8.42000e-06 2.69607e+10
8.46000e-06 2.64648e+10
8.50000e-06 2.59790e+10
8.54000e-06 2.55007e+10
8.58000e-06 2.50352e+10
8.62000e-06 2.45778e+10
8.66000e-06 2.41373e+10
8.70000e-06 2.37028e+10
8.74000e-06 2.32762e+10
8.78000e-06 2.28614e+10
8.82000e-06 2.24486e+10
8.86000e-06 2.20544e+10
8.90000e-06 2.16636e+10
8.94000e-06 2.12872e+10
8.98000e-06 2.09097e+10
9.02000e-06 2.05506e+10
9.06000e-06 2.01993e+10
9.10000e-06 1.98442e+10
9.14000e-06 1.95049e+10
9.18000e-06 1.91757e+10
9.22000e-06 1.88506e+10
9.26000e-06 1.85304e+10
9.30000e-06 1.82189e+10
9.34000e-06 1.79111e+10
9.38000e-06 1.76127e+10
9.42000e-06 1.73187e+10
9.46000e-06 1.70315e+10
9.50000e-06 1.67494e+10
9.54000e-06 1.64710e+10
9.58000e-06 1.62052e+10
9.62000e-06 1.59380e+10
9.66000e-06 1.56816e+10
9.70000e-06 1.54276e+10
9.74000e-06 1.51728e+10
9.78000e-06 1.49324e+10
9.82000e-06 1.46942e+10
9.86000e-06 1.44613e+10
9.90000e-06 1.42332e+10
9.94000e-06 1.40060e+10
9.98000e-06 1.37858e+10
1.00200e-05 1.35694e+10
2.00000e-05 8.72866e+08
4.00000e-05 5.45388e+07
6.00000e-05 1.07002e+07
8.00000e-05 3.36320e+06
1.00000e-04 1.36942e+06
1.20000e-04 6.56950e+05
1.40000e-04 3.52973e+05
1.60000e-04 2.06054e+05
