9.09000e-09 0.00000e+00
9.35000e-09 0.00000e+00
9.61000e-09 0.00000e+00
9.77000e-09 0.00000e+00
9.96000e-09 0.00000e+00
1.02000e-08 0.00000e+00
1.03800e-08 0.00000e+00
1.05600e-08 0.00000e+00
1.07700e-08 0.00000e+00
1.10400e-08 0.00000e+00
1.14000e-08 0.00000e+00
1.17800e-08 0.00000e+00
1.21300e-08 0.00000e+00
1.24800e-08 0.00000e+00
1.27100e-08 0.00000e+00
1.28400e-08 0.00000e+00
1.30500e-08 0.00000e+00
1.32400e-08 0.00000e+00
1.33900e-08 0.00000e+00
1.36600e-08 0.00000e+00
1.39800e-08 0.00000e+00
1.43300e-08 0.00000e+00
1.47200e-08 0.00000e+00
1.51000e-08 0.00000e+00
1.55200e-08 0.00000e+00
1.58800e-08 0.00000e+00
1.62000e-08 0.00000e+00
1.66000e-08 0.00000e+00
1.70300e-08 0.00000e+00
1.73400e-08 0.00000e+00
1.76800e-08 0.00000e+00
1.80200e-08 0.00000e+00
1.81700e-08 0.00000e+00
1.86100e-08 0.00000e+00
1.91000e-08 0.00000e+00
1.93900e-08 0.00000e+00
1.98400e-08 0.00000e+00
2.01800e-08 0.00000e+00
2.05000e-08 0.00000e+00
2.10500e-08 0.00000e+00
2.16200e-08 0.00000e+00
2.19800e-08 0.00000e+00
2.23000e-08 0.00000e+00
2.26800e-08 0.00000e+00
2.30000e-08 2.07102e-05
2.34000e-08 5.08788e-05
2.40000e-08 1.81877e-04
2.46500e-08 6.74196e-04
2.52400e-08 2.09265e-03
2.56800e-08 4.71422e-03
2.60000e-08 8.38504e-03
2.64000e-08 1.68933e-02
2.68500e-08 3.60692e-02
2.73500e-08 8.13824e-02
2.78500e-08 1.79777e-01
2.84000e-08 4.16180e-01
2.90000e-08 1.00127e+00
2.96000e-08 2.31853e+00
3.01000e-08 4.58018e+00
3.08000e-08 1.14440e+01
3.18000e-08 3.96237e+01
3.28000e-08 1.27078e+02
3.38000e-08 3.83642e+02
3.48000e-08 1.08785e+03
3.57000e-08 2.68026e+03
3.66000e-08 6.27490e+03
3.75000e-08 1.40140e+04
3.85000e-08 3.29062e+04
3.95000e-08 7.38756e+04
4.05000e-08 1.59567e+05
4.14000e-08 3.09898e+05
4.22000e-08 5.44288e+05
4.30000e-08 9.32983e+05
4.41000e-08 1.91839e+06
4.51000e-08 3.56892e+06
4.60000e-08 6.08893e+06
4.70000e-08 1.07679e+07
4.80000e-08 1.85667e+07
4.90000e-08 3.13576e+07
5.00000e-08 5.17326e+07
5.06000e-08 4.02824e+09
5.12000e-08 1.30276e+10
5.20000e-08 1.73332e+10
5.30000e-08 2.53760e+10
5.40000e-08 3.20466e+10
5.50000e-08 4.93772e+10
5.60000e-08 6.57068e+10
5.70000e-08 8.94088e+10
5.80000e-08 1.04938e+11
5.90000e-08 1.52651e+11
6.00000e-08 2.00410e+11
6.10000e-08 2.62344e+11
6.20000e-08 3.25150e+11
6.30000e-08 4.11565e+11
6.40000e-08 4.93530e+11
6.50000e-08 6.18747e+11
6.58000e-08 7.38627e+11
6.65000e-08 8.30694e+11
6.75000e-08 9.88904e+11
6.85000e-08 1.20287e+12
6.95000e-08 1.46543e+12
7.05000e-08 1.73302e+12
7.16000e-08 2.07179e+12
7.26000e-08 2.43303e+12
7.35000e-08 2.77765e+12
7.45000e-08 3.28996e+12
7.55000e-08 3.84149e+12
7.65000e-08 4.42105e+12
7.75000e-08 5.14116e+12
7.85000e-08 5.90236e+12
7.95000e-08 6.65571e+12
8.05000e-08 7.57501e+12
8.15000e-08 8.48264e+12
8.25000e-08 9.67751e+12
8.35000e-08 1.05623e+13
8.45000e-08 1.20101e+13
8.55000e-08 1.34304e+13
8.65000e-08 1.50617e+13
8.75000e-08 1.68111e+13
8.85000e-08 1.88970e+13
8.95000e-08 2.08573e+13
9.05000e-08 2.22784e+13
9.15000e-08 5.23321e+13
9.25000e-08 1.96281e+14
9.35000e-08 3.85799e+14
9.45000e-08 1.58054e+15
9.55000e-08 6.86110e+15
9.65000e-08 1.04399e+16
9.75000e-08 2.01581e+15
9.85000e-08 2.00634e+16
9.95000e-08 2.02649e+16
1.00500e-07 2.84712e+16
1.01500e-07 1.98453e+16
1.02500e-07 1.44700e+15
1.03500e-07 1.08237e+16
1.04500e-07 3.45294e+16
1.05500e-07 3.77940e+16
1.06500e-07 2.98717e+16
1.07500e-07 3.64302e+16
1.08500e-07 2.83272e+16
1.09500e-07 3.63118e+16
1.10500e-07 3.44851e+16
1.11500e-07 3.15178e+16
1.12500e-07 3.14511e+16
1.13500e-07 3.71342e+16
1.14500e-07 3.22844e+16
1.15500e-07 3.48314e+16
1.16500e-07 3.76057e+16
1.17500e-07 3.13036e+16
1.18500e-07 3.66019e+16
1.19500e-07 1.86766e+16
1.20500e-07 1.37782e+16
1.21500e-07 2.17587e+15
1.22500e-07 1.27043e+16
1.23500e-07 3.37081e+16
1.24500e-07 3.87491e+16
1.25500e-07 3.58785e+16
1.26500e-07 2.57600e+16
1.27500e-07 3.80641e+16
1.28500e-07 3.97099e+16
1.29500e-07 3.09669e+16
1.30500e-07 2.99876e+16
1.31500e-07 3.72346e+16
1.32500e-07 3.48679e+16
1.33500e-07 3.00966e+16
1.34500e-07 3.61377e+16
1.35500e-07 3.43280e+16
1.36500e-07 3.06949e+16
1.37500e-07 3.24459e+16
1.38500e-07 3.32026e+16
1.39500e-07 3.13538e+16
1.40500e-07 3.22182e+16
1.41500e-07 3.03194e+16
1.42500e-07 3.09659e+16
1.43500e-07 3.02266e+16
1.44200e-07 3.16387e+16
1.44700e-07 3.17515e+16
1.45500e-07 3.08036e+16
1.46500e-07 2.88469e+16
1.47500e-07 2.81055e+16
1.48500e-07 2.77710e+16
1.49500e-07 2.81575e+16
1.50500e-07 2.66436e+16
1.51200e-07 2.41481e+16
1.51700e-07 2.56442e+16
1.52500e-07 2.45789e+16
1.53500e-07 2.20229e+16
1.54500e-07 2.43018e+16
1.55500e-07 2.26908e+16
1.56500e-07 2.24848e+16
1.57500e-07 2.34228e+16
1.58500e-07 2.39979e+16
1.59500e-07 2.44132e+16
1.60500e-07 2.33904e+16
1.61500e-07 2.35566e+16
1.62500e-07 2.22118e+16
1.63500e-07 2.30585e+16
1.64500e-07 2.29419e+16
1.65500e-07 2.10233e+16
1.66500e-07 2.28643e+16
1.67200e-07 2.16019e+16
1.67700e-07 2.21015e+16
1.68500e-07 2.29298e+16
1.69500e-07 2.17408e+16
1.70500e-07 2.05936e+16
1.71500e-07 1.92783e+16
1.72500e-07 1.90098e+16
1.73500e-07 1.99164e+16
1.74500e-07 1.91803e+16
1.75500e-07 2.02369e+16
1.76500e-07 1.84022e+16
1.77500e-07 1.90325e+16
1.78500e-07 1.92242e+16
1.79500e-07 1.98618e+16
1.80500e-07 1.96423e+16
1.81500e-07 1.82646e+16
1.82500e-07 1.85446e+16
1.83500e-07 1.76907e+16
1.84500e-07 1.64835e+16
1.85500e-07 1.60205e+16
1.86500e-07 1.63322e+16
1.87500e-07 1.76426e+16
1.88500e-07 1.61805e+16
1.89500e-07 1.53534e+16
1.90500e-07 1.63595e+16
1.91500e-07 1.55059e+16
1.92500e-07 1.52131e+16
1.93500e-07 1.56700e+16
1.94500e-07 1.58967e+16
1.95500e-07 1.48306e+16
1.96700e-07 1.59062e+16
1.97600e-07 1.63473e+16
1.98400e-07 1.53506e+16
1.99500e-07 1.47984e+16
2.00500e-07 1.51563e+16
2.01500e-07 1.45710e+16
2.02500e-07 1.53986e+16
2.03500e-07 1.43907e+16
2.04500e-07 1.45620e+16
2.05500e-07 1.39210e+16
2.06500e-07 1.41682e+16
2.07400e-07 1.45429e+16
2.07800e-07 1.38981e+16
2.08500e-07 1.42677e+16
2.09500e-07 1.34520e+16
2.10500e-07 1.36977e+16
2.11500e-07 1.36275e+16
2.12500e-07 1.37848e+16
2.13500e-07 1.31080e+16
2.14500e-07 1.31032e+16
2.15500e-07 1.33899e+16
2.16500e-07 1.29506e+16
2.17500e-07 1.27840e+16
2.18500e-07 1.24566e+16
2.19500e-07 1.27945e+16
2.20500e-07 1.23797e+16
2.21500e-07 1.19925e+16
2.22500e-07 1.14504e+16
2.23500e-07 1.20511e+16
2.24500e-07 1.15650e+16
2.25500e-07 1.11967e+16
2.26500e-07 1.13572e+16
2.27500e-07 1.15255e+16
2.28500e-07 1.15814e+16
2.29500e-07 1.11509e+16
2.30500e-07 1.08502e+16
2.31500e-07 1.04544e+16
2.32500e-07 8.62721e+15
2.33500e-07 9.94093e+15
2.34500e-07 9.68711e+15
2.35500e-07 9.92496e+15
2.36500e-07 9.45392e+15
2.37500e-07 9.55614e+15
2.38500e-07 9.11985e+15
2.39500e-07 9.59686e+15
2.40500e-07 9.14727e+15
2.41500e-07 9.21959e+15
2.42500e-07 9.37370e+15
2.43500e-07 8.91437e+15
2.44500e-07 9.29722e+15
2.45500e-07 9.04724e+15
2.46500e-07 8.99755e+15
2.47500e-07 8.70113e+15
2.48500e-07 9.09245e+15
2.49500e-07 8.78308e+15
2.50500e-07 9.06431e+15
2.51300e-07 8.58612e+15
2.51800e-07 8.83429e+15
2.52500e-07 8.39657e+15
2.53500e-07 8.37677e+15
2.54500e-07 8.19067e+15
2.55500e-07 8.41523e+15
2.56500e-07 8.30851e+15
2.57500e-07 8.56853e+15
2.58500e-07 8.53168e+15
2.59500e-07 8.50913e+15
2.60500e-07 8.19688e+15
2.61500e-07 8.15139e+15
2.62500e-07 8.12713e+15
2.63500e-07 8.12904e+15
2.64500e-07 8.36386e+15
2.65500e-07 8.26891e+15
2.66500e-07 7.98153e+15
2.67500e-07 8.11045e+15
2.68500e-07 7.98587e+15
2.69500e-07 7.84839e+15
2.70500e-07 7.83527e+15
2.71500e-07 7.62893e+15
2.72500e-07 7.55376e+15
2.73500e-07 7.71065e+15
2.74500e-07 7.25360e+15
2.75500e-07 7.19260e+15
2.76500e-07 7.28061e+15
2.77500e-07 7.38283e+15
2.78500e-07 7.34642e+15
2.79500e-07 6.64243e+15
2.80500e-07 6.91883e+15
2.81500e-07 7.23108e+15
2.82500e-07 7.12663e+15
2.83500e-07 6.85333e+15
2.84500e-07 6.74613e+15
2.85500e-07 6.79277e+15
2.86500e-07 6.89047e+15
2.87500e-07 6.75876e+15
2.88500e-07 6.73824e+15
2.89500e-07 6.70750e+15
2.91000e-07 6.71994e+15
2.93000e-07 6.54865e+15
2.95000e-07 6.41643e+15
2.97000e-07 6.34184e+15
2.99000e-07 6.23368e+15
3.01000e-07 6.19894e+15
3.03000e-07 6.11696e+15
3.05000e-07 5.99448e+15
3.07000e-07 5.88145e+15
3.09000e-07 5.81582e+15
3.11000e-07 5.68985e+15
3.13000e-07 5.60891e+15
3.15000e-07 5.51779e+15
3.17000e-07 5.42439e+15
3.19000e-07 5.26625e+15
3.21000e-07 5.24434e+15
3.23000e-07 5.17418e+15
3.25000e-07 5.08858e+15
3.27000e-07 5.02300e+15
3.29000e-07 4.94506e+15
3.31000e-07 4.87964e+15
3.33000e-07 4.79844e+15
3.35000e-07 4.71211e+15
3.37000e-07 4.64407e+15
3.39000e-07 4.57173e+15
3.41000e-07 4.50822e+15
3.43000e-07 4.42154e+15
3.45000e-07 4.35270e+15
3.47000e-07 4.29328e+15
3.49000e-07 4.23493e+15
3.51000e-07 4.18070e+15
3.53000e-07 4.12046e+15
3.55000e-07 4.05921e+15
3.57000e-07 4.00351e+15
3.59000e-07 3.93068e+15
3.61000e-07 3.87915e+15
3.63000e-07 3.81937e+15
3.64000e-07 3.80324e+15
3.65000e-07 3.78215e+15
3.67000e-07 3.72566e+15
3.69000e-07 3.52269e+15
3.71000e-07 3.40298e+15
3.73000e-07 3.33273e+15
3.75000e-07 3.69350e+15
3.77000e-07 3.72969e+15
3.79000e-07 4.11636e+15
3.81000e-07 4.48902e+15
3.83000e-07 3.80637e+15
3.85000e-07 4.67225e+15
3.87000e-07 4.93423e+15
3.89000e-07 3.45309e+15
3.91000e-07 4.87765e+15
3.93000e-07 4.87716e+15
3.95000e-07 4.74846e+15
3.97000e-07 3.24601e+15
3.99000e-07 4.52429e+15
4.01000e-07 4.67630e+15
4.03000e-07 4.50984e+15
4.05000e-07 4.58485e+15
4.07000e-07 4.43801e+15
4.09000e-07 3.82944e+15
4.11000e-07 3.19568e+15
4.13000e-07 4.11806e+15
4.15000e-07 4.17821e+15
4.17000e-07 4.15491e+15
4.19000e-07 4.11405e+15
4.21000e-07 4.05848e+15
4.23000e-07 3.99072e+15
4.25000e-07 3.92300e+15
4.27000e-07 3.81010e+15
4.29000e-07 3.78980e+15
4.31000e-07 3.67562e+15
4.33000e-07 3.08656e+15
4.35000e-07 2.75403e+15
4.37000e-07 3.48680e+15
4.39000e-07 3.45393e+15
4.41000e-07 3.46452e+15
4.43000e-07 3.39913e+15
4.45000e-07 3.37607e+15
4.47000e-07 3.20320e+15
4.49000e-07 3.24106e+15
4.51000e-07 3.22738e+15
4.53000e-07 3.17306e+15
4.55000e-07 3.12448e+15
4.57000e-07 3.08962e+15
4.59000e-07 3.04183e+15
4.61000e-07 2.99848e+15
4.63000e-07 2.94451e+15
4.65000e-07 2.90774e+15
4.67000e-07 2.86907e+15
4.69000e-07 2.83060e+15
4.71000e-07 2.74242e+15
4.73000e-07 2.73797e+15
4.75000e-07 2.69576e+15
4.77000e-07 2.67635e+15
4.79000e-07 2.63024e+15
4.81000e-07 2.57601e+15
4.83000e-07 2.50659e+15
4.85000e-07 2.17206e+15
4.87000e-07 1.88406e+15
4.89000e-07 2.38480e+15
4.91000e-07 2.40261e+15
4.93000e-07 2.33681e+15
4.95000e-07 2.35594e+15
4.97000e-07 2.32878e+15
4.99000e-07 2.29411e+15
5.01000e-07 2.21940e+15
5.03000e-07 2.22367e+15
5.05000e-07 2.15882e+15
5.07000e-07 2.17070e+15
5.09000e-07 2.14102e+15
5.11000e-07 2.10756e+15
5.13000e-07 2.08185e+15
5.15000e-07 2.04810e+15
5.17000e-07 2.02806e+15
5.19000e-07 2.00295e+15
5.21000e-07 1.96178e+15
5.23000e-07 1.94791e+15
5.25000e-07 1.92681e+15
5.27000e-07 1.89716e+15
5.29000e-07 1.88203e+15
5.31000e-07 1.85332e+15
5.33000e-07 1.83134e+15
5.35000e-07 1.80517e+15
5.37000e-07 1.78757e+15
5.39000e-07 1.76396e+15
5.41000e-07 1.74000e+15
5.43000e-07 1.71596e+15
5.45000e-07 1.69679e+15
5.47000e-07 1.67383e+15
5.49000e-07 1.65653e+15
5.51000e-07 1.63460e+15
5.53000e-07 1.61664e+15
5.55000e-07 1.59718e+15
5.57000e-07 1.57723e+15
5.59000e-07 1.55837e+15
5.61000e-07 1.53962e+15
5.63000e-07 1.52288e+15
5.65000e-07 1.49524e+15
5.67000e-07 1.47873e+15
5.69000e-07 1.46533e+15
5.71000e-07 1.44919e+15
5.73000e-07 1.43289e+15
5.75000e-07 1.41577e+15
5.77000e-07 1.39929e+15
5.79000e-07 1.38178e+15
5.81000e-07 1.36536e+15
5.83000e-07 1.34980e+15
5.85000e-07 1.33398e+15
5.87000e-07 1.28467e+15
5.89000e-07 1.29866e+15
5.91000e-07 1.28751e+15
5.93000e-07 1.27359e+15
5.95000e-07 1.25344e+15
5.97000e-07 1.24326e+15
5.99000e-07 1.22542e+15
6.01000e-07 1.21624e+15
6.03000e-07 1.20196e+15
6.05000e-07 1.18827e+15
6.07000e-07 1.17462e+15
6.09000e-07 1.16093e+15
6.11000e-07 1.14880e+15
6.13000e-07 1.13580e+15
6.15000e-07 1.11816e+15
6.17000e-07 1.10984e+15
6.19000e-07 1.09816e+15
6.21000e-07 1.08582e+15
6.23000e-07 1.07303e+15
6.25000e-07 1.05827e+15
6.27000e-07 1.04980e+15
6.29000e-07 1.03809e+15
6.31000e-07 1.02584e+15
6.33000e-07 1.01542e+15
6.35000e-07 9.94182e+14
6.37000e-07 9.86927e+14
6.39000e-07 9.82327e+14
6.41000e-07 9.70339e+14
6.43000e-07 9.62034e+14
6.45000e-07 9.50372e+14
6.47000e-07 9.40726e+14
6.49000e-07 9.28497e+14
6.51000e-07 9.15423e+14
6.53000e-07 8.97366e+14
6.55000e-07 8.26853e+14
6.56125e-07 7.13402e+14
6.59000e-07 8.54469e+14
6.61000e-07 8.67154e+14
6.63000e-07 8.61930e+14
6.65000e-07 8.55305e+14
6.67000e-07 8.40276e+14
6.69000e-07 8.31581e+14
6.71000e-07 8.28882e+14
6.73000e-07 8.20636e+14
6.75000e-07 8.12299e+14
6.77000e-07 8.04128e+14
6.79000e-07 7.94782e+14
6.81000e-07 7.87342e+14
6.83000e-07 7.78788e+14
6.85000e-07 7.71341e+14
6.87000e-07 7.63743e+14
6.89000e-07 7.55912e+14
6.91000e-07 7.48354e+14
6.93000e-07 7.39531e+14
6.95000e-07 7.33354e+14
6.97000e-07 7.26274e+14
6.99000e-07 7.18940e+14
7.01000e-07 7.11409e+14
7.03000e-07 7.04409e+14
7.05000e-07 6.96318e+14
7.07000e-07 6.83460e+14
7.09000e-07 6.84136e+14
7.11000e-07 6.76477e+14
7.13000e-07 6.70101e+14
7.15000e-07 6.63668e+14
7.17000e-07 6.57457e+14
7.19000e-07 6.51268e+14
7.21000e-07 6.44950e+14
7.23000e-07 6.35469e+14
7.25000e-07 6.32061e+14
7.27000e-07 6.26464e+14
7.29000e-07 6.17722e+14
7.31000e-07 6.14424e+14
7.33000e-07 6.08573e+14
7.35000e-07 6.02894e+14
7.37000e-07 5.97116e+14
7.39000e-07 5.91446e+14
7.41000e-07 5.85795e+14
7.43000e-07 5.79438e+14
7.45000e-07 5.74478e+14
7.47000e-07 5.68509e+14
7.49000e-07 5.63490e+14
7.51000e-07 5.58415e+14
7.53000e-07 5.53393e+14
7.55000e-07 5.48258e+14
7.57000e-07 5.43228e+14
7.59000e-07 5.38014e+14
7.61000e-07 5.33317e+14
7.63000e-07 5.28318e+14
7.65000e-07 5.23390e+14
7.67000e-07 5.18595e+14
7.69000e-07 5.13812e+14
7.71000e-07 5.09147e+14
7.73000e-07 5.04479e+14
7.75000e-07 4.99859e+14
7.77000e-07 4.90294e+14
7.79000e-07 4.90871e+14
7.81000e-07 4.86470e+14
7.83000e-07 4.82163e+14
7.85000e-07 4.76482e+14
7.87000e-07 4.72104e+14
7.89000e-07 4.67184e+14
7.91000e-07 4.64789e+14
7.93000e-07 4.60848e+14
7.95000e-07 4.55313e+14
7.97000e-07 4.52616e+14
7.99000e-07 4.46505e+14
8.01000e-07 4.44660e+14
8.03000e-07 4.40771e+14
8.05000e-07 4.36822e+14
8.07000e-07 4.33231e+14
8.09000e-07 4.29111e+14
8.11000e-07 4.25365e+14
8.13000e-07 4.21827e+14
8.15000e-07 4.18035e+14
8.17000e-07 4.14698e+14
8.19000e-07 4.10794e+14
8.21000e-07 4.06050e+14
8.23000e-07 4.02227e+14
8.25000e-07 4.00567e+14
8.27000e-07 3.96946e+14
8.29000e-07 3.93543e+14
8.31000e-07 3.90570e+14
8.33000e-07 3.87106e+14
8.35000e-07 3.83260e+14
8.37000e-07 3.79301e+14
8.39000e-07 3.75258e+14
8.41000e-07 3.71441e+14
8.43000e-07 3.65233e+14
8.45000e-07 3.59512e+14
8.47000e-07 3.56193e+14
8.49000e-07 3.54324e+14
8.51000e-07 3.47396e+14
8.53000e-07 3.51210e+14
8.55000e-07 3.34392e+14
8.57000e-07 3.52212e+14
8.59000e-07 3.32730e+14
8.61000e-07 3.28889e+14
8.63000e-07 3.50427e+14
8.65000e-07 3.34882e+14
8.67000e-07 3.05373e+14
8.69000e-07 3.38586e+14
8.71000e-07 3.46682e+14
8.73000e-07 3.31803e+14
8.75000e-07 2.89934e+14
8.77000e-07 3.17914e+14
8.79000e-07 3.36899e+14
8.81000e-07 3.37681e+14
8.83000e-07 3.29630e+14
8.85000e-07 3.02207e+14
8.87000e-07 2.74213e+14
8.89000e-07 3.14352e+14
8.91000e-07 3.23880e+14
8.93000e-07 3.23645e+14
8.95000e-07 3.22106e+14
8.97000e-07 3.17062e+14
8.99000e-07 3.03202e+14
9.01000e-07 2.61298e+14
9.03000e-07 2.74778e+14
9.05000e-07 3.01297e+14
9.07000e-07 3.03826e+14
9.09000e-07 3.03753e+14
9.11000e-07 3.03052e+14
9.13000e-07 3.00731e+14
9.15000e-07 2.98432e+14
9.17000e-07 2.94274e+14
9.19000e-07 2.88030e+14
9.21000e-07 2.70836e+14
9.23000e-07 2.30952e+14
9.25000e-07 2.62607e+14
9.27000e-07 2.75473e+14
9.29000e-07 2.80548e+14
9.31000e-07 2.79675e+14
9.33000e-07 2.78213e+14
9.35000e-07 2.76576e+14
9.37000e-07 2.74877e+14
9.39000e-07 2.72498e+14
9.41000e-07 2.68427e+14
9.43000e-07 2.67963e+14
9.45000e-07 2.65746e+14
9.47000e-07 2.62469e+14
9.49000e-07 2.59620e+14
9.51000e-07 2.52831e+14
9.53000e-07 2.35535e+14
9.55000e-07 2.04837e+14
9.57000e-07 2.36437e+14
9.59000e-07 2.47057e+14
9.61000e-07 2.48118e+14
9.63000e-07 2.45736e+14
9.65000e-07 2.46175e+14
9.67000e-07 2.44469e+14
9.69000e-07 2.42867e+14
9.71000e-07 2.40960e+14
9.73000e-07 2.39406e+14
9.75000e-07 2.37537e+14
9.77000e-07 2.35867e+14
9.79000e-07 2.34051e+14
9.81000e-07 2.32280e+14
9.83000e-07 2.30357e+14
9.85000e-07 2.28770e+14
9.87000e-07 2.27016e+14
9.89000e-07 2.25074e+14
9.91000e-07 2.23277e+14
9.93000e-07 2.21836e+14
9.95000e-07 2.19777e+14
9.97000e-07 2.17675e+14
9.99000e-07 2.15148e+14
1.00250e-06 1.99392e+14
1.00750e-06 1.91109e+14
1.01250e-06 2.04414e+14
1.01750e-06 2.02566e+14
1.02250e-06 1.99243e+14
1.02750e-06 1.95735e+14
1.03250e-06 1.91836e+14
1.03750e-06 1.88844e+14
1.04250e-06 1.85542e+14
1.04750e-06 1.82224e+14
1.05250e-06 1.78980e+14
1.05750e-06 1.75917e+14
1.06250e-06 1.72927e+14
1.06750e-06 1.69367e+14
1.07250e-06 1.66907e+14
1.07750e-06 1.64073e+14
1.08250e-06 1.59629e+14
1.08750e-06 1.56865e+14
1.09250e-06 1.38460e+14
1.09750e-06 1.46125e+14
1.10250e-06 1.49610e+14
1.10750e-06 1.48114e+14
1.11250e-06 1.45776e+14
1.11750e-06 1.43337e+14
1.12250e-06 1.40977e+14
1.12750e-06 1.38112e+14
1.13250e-06 1.35993e+14
1.13750e-06 1.34194e+14
1.14250e-06 1.32015e+14
1.14750e-06 1.29909e+14
1.15250e-06 1.27820e+14
1.15750e-06 1.25773e+14
1.16250e-06 1.23631e+14
1.16750e-06 1.21685e+14
1.17250e-06 1.19852e+14
1.17750e-06 1.17681e+14
1.18250e-06 1.16120e+14
1.18750e-06 1.14260e+14
1.19250e-06 1.12559e+14
1.19750e-06 1.10515e+14
1.20250e-06 1.09100e+14
1.20750e-06 1.07421e+14
1.21250e-06 1.05765e+14
1.21750e-06 1.04156e+14
1.22250e-06 1.02573e+14
1.22750e-06 1.01004e+14
1.23250e-06 9.94839e+13
1.23750e-06 9.79953e+13
1.24250e-06 9.65444e+13
1.24750e-06 9.49805e+13
1.25250e-06 9.36185e+13
1.25750e-06 9.22108e+13
1.26250e-06 9.09099e+13
1.26750e-06 8.95257e+13
1.27250e-06 8.78860e+13
1.27750e-06 8.46532e+13
1.28250e-06 7.62414e+13
1.28750e-06 8.30024e+13
1.29250e-06 8.29749e+13
1.29750e-06 8.19204e+13
1.30250e-06 8.09107e+13
1.30750e-06 7.97554e+13
1.31250e-06 7.86240e+13
1.31750e-06 7.74489e+13
1.32250e-06 7.64164e+13
1.32750e-06 7.53415e+13
1.33250e-06 7.42849e+13
1.33750e-06 7.32483e+13
1.34250e-06 7.22042e+13
1.34750e-06 7.12170e+13
1.35250e-06 7.02260e+13
1.35750e-06 6.92660e+13
1.36250e-06 6.83162e+13
1.36750e-06 6.73662e+13
1.37250e-06 6.64523e+13
1.37750e-06 6.55697e+13
1.38250e-06 6.46824e+13
1.38750e-06 6.38100e+13
1.39250e-06 6.29446e+13
1.39750e-06 6.21054e+13
1.40250e-06 6.12803e+13
1.40750e-06 6.04596e+13
1.41250e-06 5.96566e+13
1.41750e-06 5.88746e+13
1.42250e-06 5.80984e+13
1.42750e-06 5.73372e+13
1.43250e-06 5.65851e+13
1.43750e-06 5.58440e+13
1.44250e-06 5.50719e+13
1.44750e-06 5.43936e+13
1.45250e-06 5.36822e+13
1.45700e-06 5.30814e+13
1.46200e-06 5.24105e+13
1.46750e-06 5.16878e+13
1.47250e-06 5.10333e+13
1.47750e-06 5.03761e+13
1.48250e-06 4.97592e+13
1.48750e-06 4.91341e+13
1.49250e-06 4.85213e+13
1.49750e-06 4.78971e+13
1.50250e-06 4.72918e+13
1.50750e-06 4.66587e+13
1.51250e-06 4.60378e+13
1.51750e-06 4.53980e+13
1.52250e-06 4.48045e+13
1.52750e-06 4.42097e+13
1.53250e-06 4.35592e+13
1.53750e-06 4.30851e+13
1.54250e-06 4.23502e+13
1.54750e-06 4.20266e+13
1.55250e-06 4.14344e+13
1.55750e-06 4.06252e+13
1.56250e-06 4.08378e+13
1.56750e-06 3.97283e+13
1.57250e-06 3.90190e+13
1.57750e-06 3.95562e+13
1.58250e-06 3.89306e+13
1.58750e-06 3.70533e+13
1.59250e-06 3.76574e+13
1.59750e-06 3.80213e+13
1.60500e-06 3.68303e+13
1.61500e-06 3.52345e+13
1.62500e-06 3.57067e+13
1.63500e-06 3.42016e+13
1.64500e-06 3.27095e+13
1.65500e-06 3.33580e+13
1.66500e-06 3.26283e+13
1.67500e-06 3.11334e+13
1.68500e-06 2.97141e+13
1.69500e-06 3.04542e+13
1.70500e-06 2.98168e+13
1.71500e-06 2.92088e+13
1.72500e-06 2.84166e+13
1.73500e-06 2.61576e+13
1.74500e-06 2.69747e+13
1.75500e-06 2.67342e+13
1.76500e-06 2.61830e+13
1.77500e-06 2.56186e+13
1.78500e-06 2.50781e+13
1.79500e-06 2.45539e+13
1.80500e-06 2.38987e+13
1.81500e-06 2.21014e+13
1.82500e-06 2.25668e+13
1.83500e-06 2.25285e+13
1.84500e-06 2.20990e+13
1.85500e-06 2.16326e+13
1.86500e-06 2.10329e+13
1.87500e-06 1.94836e+13
1.88500e-06 2.02211e+13
1.89500e-06 1.99400e+13
1.90500e-06 1.95257e+13
1.91500e-06 1.91620e+13
1.92500e-06 1.87673e+13
1.93500e-06 1.82518e+13
1.94500e-06 1.68288e+13
1.95500e-06 1.75383e+13
1.96500e-06 1.73475e+13
1.97500e-06 1.70236e+13
1.98500e-06 1.66966e+13
1.99500e-06 1.63773e+13
2.00500e-06 1.60653e+13
2.01500e-06 1.57615e+13
2.02500e-06 1.54647e+13
2.03500e-06 1.51739e+13
2.04500e-06 1.48899e+13
2.05500e-06 1.45981e+13
2.06500e-06 1.43440e+13
2.07500e-06 1.40801e+13
2.08500e-06 1.38214e+13
2.09500e-06 1.35687e+13
2.10500e-06 1.33228e+13
2.11500e-06 1.30657e+13
2.12500e-06 1.28454e+13
2.13500e-06 1.26138e+13
2.14500e-06 1.23818e+13
2.15500e-06 1.20806e+13
2.16500e-06 1.11736e+13
2.17500e-06 1.16014e+13
2.18500e-06 1.15247e+13
2.19500e-06 1.13370e+13
2.20500e-06 1.11422e+13
2.21500e-06 1.09490e+13
2.22500e-06 1.07610e+13
2.23500e-06 1.05766e+13
2.24500e-06 1.03959e+13
2.25500e-06 1.02195e+13
2.26500e-06 1.00464e+13
2.27500e-06 9.87679e+12
2.28500e-06 9.72920e+12
2.29500e-06 9.62958e+12
2.30500e-06 9.46892e+12
2.31500e-06 9.31207e+12
2.32500e-06 9.14572e+12
2.33500e-06 8.97842e+12
2.34500e-06 8.82185e+12
2.35500e-06 8.66829e+12
2.36500e-06 8.52240e+12
2.37500e-06 8.37464e+12
2.38500e-06 8.23502e+12
2.39500e-06 8.10072e+12
2.40500e-06 7.95859e+12
2.41500e-06 7.82564e+12
2.42500e-06 7.69909e+12
2.43500e-06 7.58070e+12
2.44500e-06 7.44824e+12
2.45500e-06 7.34081e+12
2.46500e-06 7.21255e+12
2.47500e-06 7.10764e+12
2.48500e-06 7.01151e+12
2.49500e-06 6.86585e+12
2.50500e-06 6.84776e+12
2.51500e-06 6.70884e+12
2.52500e-06 6.53172e+12
2.53500e-06 6.48849e+12
2.54500e-06 6.41899e+12
2.55500e-06 6.28690e+12
2.56500e-06 6.11314e+12
2.57500e-06 6.11291e+12
2.58500e-06 6.05049e+12
2.59500e-06 5.95360e+12
2.60500e-06 5.80194e+12
2.61500e-06 5.61496e+12
2.62500e-06 5.33493e+12
2.63500e-06 5.55284e+12
2.64500e-06 5.53247e+12
2.65500e-06 5.45292e+12
2.66500e-06 5.33570e+12
2.67500e-06 5.12409e+12
2.68500e-06 5.18251e+12
2.69500e-06 5.15283e+12
2.70500e-06 5.09112e+12
2.71500e-06 5.01868e+12
2.72500e-06 4.94746e+12
2.73500e-06 4.87161e+12
2.74500e-06 4.77554e+12
2.75500e-06 4.55976e+12
2.76500e-06 4.57562e+12
2.77500e-06 4.59163e+12
2.78500e-06 4.54565e+12
2.79500e-06 4.48280e+12
2.80500e-06 4.42097e+12
2.81500e-06 4.35999e+12
2.82500e-06 4.30015e+12
2.83500e-06 4.24113e+12
2.84500e-06 4.18354e+12
2.85500e-06 4.11204e+12
2.86500e-06 3.99765e+12
2.87500e-06 3.82335e+12
2.88500e-06 3.92852e+12
2.89500e-06 3.90268e+12
2.90500e-06 3.85738e+12
2.91500e-06 3.80582e+12
2.92500e-06 3.75567e+12
2.93500e-06 3.70594e+12
2.94500e-06 3.65722e+12
2.95500e-06 3.60934e+12
2.96500e-06 3.56211e+12
2.97500e-06 3.51569e+12
2.98500e-06 3.47006e+12
2.99500e-06 3.42509e+12
3.00500e-06 3.38080e+12
3.01500e-06 3.33355e+12
3.02500e-06 3.27338e+12
3.03500e-06 3.11000e+12
3.04500e-06 3.11456e+12
3.05500e-06 3.15435e+12
3.06500e-06 3.12878e+12
3.07500e-06 3.09050e+12
3.08500e-06 3.05047e+12
3.09500e-06 3.01336e+12
3.10500e-06 2.97570e+12
3.11500e-06 2.93865e+12
3.12500e-06 2.90201e+12
3.13500e-06 2.86616e+12
3.14500e-06 2.83071e+12
3.15500e-06 2.79591e+12
3.16500e-06 2.76154e+12
3.17500e-06 2.72776e+12
3.18500e-06 2.69454e+12
3.19500e-06 2.66176e+12
3.21000e-06 2.61354e+12
3.23000e-06 2.55091e+12
3.25000e-06 2.49015e+12
3.27000e-06 2.42751e+12
3.29000e-06 2.28542e+12
3.31000e-06 2.29691e+12
3.33000e-06 2.27172e+12
3.35000e-06 2.22000e+12
3.37000e-06 2.16868e+12
3.39000e-06 2.11907e+12
3.41000e-06 2.06934e+12
3.43000e-06 2.01944e+12
3.45000e-06 1.97340e+12
3.47000e-06 1.92866e+12
3.49000e-06 1.88466e+12
3.51000e-06 1.84272e+12
3.53000e-06 1.80210e+12
3.55000e-06 1.76146e+12
3.57000e-06 1.72236e+12
3.59000e-06 1.68548e+12
3.61000e-06 1.64841e+12
3.63000e-06 1.61378e+12
3.65000e-06 1.57776e+12
3.67000e-06 1.54671e+12
3.69000e-06 1.50954e+12
3.71000e-06 1.48036e+12
3.73000e-06 1.42408e+12
3.75000e-06 1.38069e+12
3.77000e-06 1.39126e+12
3.79000e-06 1.36523e+12
3.81000e-06 1.33017e+12
3.83000e-06 1.30425e+12
3.85000e-06 1.28593e+12
3.87000e-06 1.26070e+12
3.89000e-06 1.22979e+12
3.91000e-06 1.19563e+12
3.93000e-06 1.18410e+12
3.95000e-06 1.16360e+12
3.97000e-06 1.14098e+12
3.99000e-06 1.11866e+12
4.01000e-06 1.08513e+12
4.03000e-06 1.06040e+12
4.05000e-06 1.01784e+12
4.07000e-06 1.03113e+12
4.09000e-06 1.01497e+12
4.11000e-06 9.95703e+11
4.13000e-06 9.76718e+11
4.15000e-06 9.54311e+11
4.17000e-06 9.20112e+11
4.19000e-06 9.18474e+11
4.21000e-06 9.05900e+11
4.23000e-06 8.89184e+11
4.25000e-06 8.72784e+11
4.27000e-06 8.56879e+11
4.29000e-06 8.40966e+11
4.31000e-06 8.26000e+11
4.33000e-06 8.11073e+11
4.35000e-06 7.94633e+11
4.37000e-06 7.63664e+11
4.39000e-06 7.60201e+11
4.41000e-06 7.54193e+11
4.43000e-06 7.41390e+11
4.45000e-06 7.28349e+11
4.47000e-06 7.16924e+11
4.49000e-06 7.04423e+11
4.51000e-06 6.92188e+11
4.53000e-06 6.80178e+11
4.55000e-06 6.68516e+11
4.57000e-06 6.57067e+11
4.59000e-06 6.45846e+11
4.61000e-06 6.34812e+11
4.63000e-06 6.21432e+11
4.65000e-06 5.87611e+11
4.67000e-06 5.81500e+11
4.69000e-06 5.88129e+11
4.71000e-06 5.82873e+11
4.73000e-06 5.73728e+11
4.75000e-06 5.64198e+11
4.77000e-06 5.54990e+11
4.79000e-06 5.45899e+11
4.81000e-06 5.37005e+11
4.83000e-06 5.28287e+11
4.85000e-06 5.19743e+11
4.87000e-06 5.11369e+11
4.89000e-06 5.03177e+11
4.91000e-06 4.95132e+11
4.93000e-06 4.87248e+11
4.95000e-06 4.79537e+11
4.97000e-06 4.71964e+11
4.99000e-06 4.64542e+11
5.01000e-06 4.57253e+11
5.03000e-06 4.50110e+11
5.05000e-06 4.43124e+11
5.07000e-06 4.36264e+11
5.09000e-06 4.29266e+11
5.11000e-06 4.19723e+11
5.13000e-06 4.00380e+11
5.15000e-06 4.07830e+11
5.17000e-06 4.03864e+11
5.19000e-06 3.97764e+11
5.21000e-06 3.91760e+11
5.23000e-06 3.85877e+11
5.25000e-06 3.80100e+11
5.27000e-06 3.74426e+11
5.29000e-06 3.68881e+11
5.31000e-06 3.63421e+11
5.33000e-06 3.58060e+11
5.35000e-06 3.52795e+11
5.37000e-06 3.47638e+11
5.39000e-06 3.42560e+11
5.41000e-06 3.37586e+11
5.43000e-06 3.32689e+11
5.45000e-06 3.27893e+11
5.47000e-06 3.23183e+11
5.49000e-06 3.18557e+11
5.51000e-06 3.14003e+11
5.53000e-06 3.09543e+11
5.55000e-06 3.05151e+11
5.57000e-06 3.00839e+11
5.59000e-06 2.96604e+11
5.61000e-06 2.92446e+11
5.63000e-06 2.88352e+11
5.65000e-06 2.84343e+11
5.67000e-06 2.80396e+11
5.69000e-06 2.76508e+11
5.71000e-06 2.72702e+11
5.73000e-06 2.68955e+11
5.75000e-06 2.65264e+11
5.77000e-06 2.61652e+11
5.79000e-06 2.58094e+11
5.81000e-06 2.54590e+11
5.83000e-06 2.51151e+11
5.85000e-06 2.48027e+11
5.87000e-06 2.44470e+11
5.89000e-06 2.39240e+11
5.91000e-06 2.27798e+11
5.93000e-06 2.33602e+11
5.95000e-06 2.31832e+11
5.97000e-06 2.28865e+11
5.99000e-06 2.25849e+11
6.01000e-06 2.22888e+11
6.03000e-06 2.19982e+11
6.05000e-06 2.17110e+11
6.07000e-06 2.14291e+11
6.09000e-06 2.11514e+11
6.11000e-06 2.08790e+11
6.13000e-06 2.06096e+11
6.15000e-06 2.03453e+11
6.17000e-06 2.00859e+11
6.19000e-06 1.98295e+11
6.21000e-06 1.95779e+11
6.23000e-06 1.93301e+11
6.25000e-06 1.90861e+11
6.27000e-06 1.88457e+11
6.29000e-06 1.86098e+11
6.31000e-06 1.83766e+11
6.33000e-06 1.81479e+11
6.35000e-06 1.79216e+11
6.37000e-06 1.76997e+11
6.39000e-06 1.74811e+11
6.42000e-06 1.71600e+11
6.46000e-06 1.67423e+11
6.50000e-06 1.63372e+11
6.54000e-06 1.59450e+11
6.58000e-06 1.55638e+11
6.62000e-06 1.51941e+11
6.66000e-06 1.48354e+11
6.70000e-06 1.44868e+11
6.74000e-06 1.41487e+11
6.78000e-06 1.38208e+11
6.82000e-06 1.35012e+11
6.86000e-06 1.31913e+11
6.90000e-06 1.28908e+11
6.94000e-06 1.25979e+11
6.98000e-06 1.23140e+11
7.02000e-06 1.20380e+11
7.06000e-06 1.17690e+11
7.10000e-06 1.15082e+11
7.14000e-06 1.12540e+11
7.18000e-06 1.10069e+11
7.22000e-06 1.07667e+11
7.26000e-06 1.05326e+11
7.30000e-06 1.03058e+11
7.34000e-06 1.00840e+11
7.38000e-06 9.86849e+10
7.42000e-06 9.64126e+10
7.46000e-06 9.18072e+10
7.50000e-06 8.96920e+10
7.54000e-06 9.03863e+10
7.58000e-06 8.87464e+10
7.62000e-06 8.69088e+10
7.66000e-06 8.51174e+10
7.70000e-06 8.33776e+10
7.74000e-06 8.16754e+10
7.78000e-06 8.00223e+10
7.82000e-06 7.84049e+10
7.86000e-06 7.68345e+10
7.90000e-06 7.52978e+10
7.94000e-06 7.38000e+10
7.98000e-06 7.23403e+10
8.02000e-06 7.09177e+10
8.06000e-06 6.95312e+10
8.10000e-06 6.81744e+10
8.14000e-06 6.68522e+10
8.18000e-06 6.55581e+10
8.22000e-06 6.43027e+10
8.26000e-06 6.30685e+10
8.30000e-06 6.18715e+10
8.34000e-06 6.06999e+10
8.38000e-06 5.95531e+10
8.42000e-06 5.84360e+10
8.46000e-06 5.73426e+10
8.50000e-06 5.62775e+10
8.54000e-06 5.52350e+10
8.58000e-06 5.42197e+10
8.62000e-06 5.32259e+10
8.66000e-06 5.22531e+10
8.70000e-06 5.13008e+10
8.74000e-06 5.03737e+10
8.78000e-06 4.94661e+10
8.82000e-06 4.85778e+10
8.86000e-06 4.77111e+10
8.90000e-06 4.68632e+10
8.94000e-06 4.60338e+10
8.98000e-06 4.52224e+10
9.02000e-06 4.44291e+10
9.06000e-06 4.36530e+10
9.10000e-06 4.28939e+10
9.14000e-06 4.21508e+10
9.18000e-06 4.14240e+10
9.22000e-06 4.07126e+10
9.26000e-06 4.00163e+10
9.30000e-06 3.93352e+10
9.34000e-06 3.86682e+10
9.38000e-06 3.80150e+10
9.42000e-06 3.73761e+10
9.46000e-06 3.67500e+10
9.50000e-06 3.61373e+10
9.54000e-06 3.55369e+10
9.58000e-06 3.49493e+10
9.62000e-06 3.43735e+10
9.66000e-06 3.38096e+10
9.70000e-06 3.32567e+10
9.74000e-06 3.27157e+10
9.78000e-06 3.21855e+10
9.82000e-06 3.16660e+10
9.86000e-06 3.11565e+10
9.90000e-06 3.06577e+10
9.94000e-06 3.01686e+10
9.98000e-06 2.96890e+10
1.00200e-05 2.92194e+10
2.00000e-05 1.83477e+09
4.00000e-05 1.12701e+08
6.00000e-05 2.19686e+07
8.00000e-05 6.88298e+06
1.00000e-04 2.79835e+06
1.20000e-04 1.34145e+06
1.40000e-04 7.20458e+05
1.60000e-04 4.20481e+05
